78
KC440883/EGY/Unknown/2011/O/ME-SA/PanAsia-2       0.0000000 0.2656578 0.2726060 0.0546458 0.0501438 0.0521572 0.0521204 0.0481774 0.1413601 0.3499953 0.3451592 0.3537371 0.3459704 0.3616436 0.2598886 0.2021032 0.3104729 0.2025025 0.2116461 0.2450015 0.2221677 0.1131378 0.2616623 0.2002353 0.3607909 0.2123189 0.3029417 0.2847147 0.1927097 0.2041890 0.2094001 0.2071453 0.2004135 0.1799478 0.1875794 0.1891740 0.3231572 0.2777371 0.2736833 0.2818385 0.2707267 0.2818177 0.2771625 0.2777371 0.2709638 0.2076636 0.1831726 0.3587685 0.2091059 0.3421785 0.2252659 0.3085441 0.0663782 0.0922097 0.3291600 0.2153648 0.2385855 0.3073217 0.2085312 0.0902596 0.2893471 0.2622400 0.2230445 0.2360479 0.3001847 0.3253051 0.3172288 0.3586402 0.2230445 0.2198687 0.3143905 0.2229065 0.2267257 0.3325871 0.3331568 0.3114828 0.2601160 0.2198687 
HM229661/HKG/pig/2010/O/SEA/Unknown               0.2656578 0.0000000 0.0065667 0.2265932 0.2122042 0.2157882 0.2219874 0.2152333 0.2197336 0.0894375 0.0847876 0.0893381 0.0893381 0.0920566 0.2481741 0.1795462 0.2930752 0.1735685 0.1888874 0.2362852 0.2204803 0.2702848 0.0048583 0.1752753 0.3184931 0.1799111 0.0463998 0.2867259 0.1921692 0.1917767 0.1846319 0.1823483 0.1793225 0.1821168 0.1904995 0.1877854 0.0561146 0.0098634 0.0115522 0.0115522 0.0132294 0.0115515 0.0081965 0.0098634 0.2325063 0.2072235 0.1796574 0.0767813 0.1971957 0.2804553 0.1955407 0.2858642 0.2329172 0.2657156 0.3092469 0.1821057 0.2349868 0.1297823 0.2063711 0.2550221 0.2553832 0.0098563 0.2181964 0.2324356 0.2717454 0.3006469 0.3290127 0.3516611 0.2181964 0.2149770 0.2672451 0.2149397 0.2219209 0.3536774 0.3451659 0.2953656 0.2340915 0.2149770 
JQ900581/CHN/pig/2010/O/SEA/Unknown               0.2726060 0.0065667 0.0000000 0.2327634 0.2179904 0.2216503 0.2279591 0.2210726 0.2256013 0.0880466 0.0833782 0.0879484 0.0879484 0.0906719 0.2548867 0.1844781 0.3011095 0.1783879 0.1939943 0.2358948 0.2199262 0.2772367 0.0049147 0.1800921 0.3218943 0.1847130 0.0448676 0.2942934 0.1973558 0.1969410 0.1896305 0.1873322 0.1842343 0.1870243 0.1956087 0.1928605 0.0546207 0.0082623 0.0099531 0.0099531 0.0116365 0.0099525 0.0065913 0.0082623 0.2344764 0.2127779 0.1845319 0.0753251 0.2025278 0.2805401 0.2007918 0.2887123 0.2390785 0.2727211 0.3126524 0.1812513 0.2413393 0.1305556 0.2056869 0.2572434 0.2577143 0.0082562 0.2242591 0.2387754 0.2788520 0.3039238 0.3375701 0.3474454 0.2242591 0.2209796 0.2743310 0.2209132 0.2280644 0.3573606 0.3487331 0.3028917 0.2475905 0.2209796 
OQ211403/ISR/cattle/2007/O/ME-SA/PanAsia-2        0.0546458 0.2265932 0.2327634 0.0000000 0.0065367 0.0082043 0.0149373 0.0115388 0.1261907 0.3213212 0.3166020 0.3249404 0.3173494 0.3323383 0.2539080 0.1565883 0.2757853 0.1568772 0.1708338 0.1959154 0.1761685 0.0753477 0.2303254 0.1660918 0.3362642 0.1617571 0.2720316 0.2696230 0.1486756 0.1701951 0.1690484 0.1667594 0.1607037 0.1372483 0.1437788 0.1455539 0.3057323 0.2379135 0.2341259 0.2417483 0.2312548 0.2417299 0.2373862 0.2379135 0.2534488 0.1786777 0.1401226 0.3471584 0.1913507 0.2949244 0.1838089 0.2573515 0.0361936 0.0505484 0.2749482 0.1779876 0.2429062 0.2695155 0.1653576 0.0676235 0.2472630 0.2299584 0.2173740 0.2404168 0.2947730 0.2635130 0.2873594 0.3586842 0.2173740 0.2142668 0.3013410 0.2171728 0.2209644 0.3237881 0.3243453 0.3058281 0.2558671 0.2142668 
OQ211392/ISR/cattle/2007/O/ME-SA/PanAsia-2        0.0501438 0.2122042 0.2179904 0.0065367 0.0000000 0.0016072 0.0114446 0.0081202 0.1198062 0.3026185 0.2980647 0.3060943 0.2987564 0.3130321 0.2422947 0.1435266 0.2630443 0.1437815 0.1572014 0.1985693 0.1749340 0.0662284 0.2157719 0.1527599 0.3210120 0.1539724 0.2557297 0.2572883 0.1361225 0.1565934 0.1555919 0.1533358 0.1475741 0.1252170 0.1313699 0.1331577 0.2880485 0.2230438 0.2194212 0.2267118 0.2166333 0.2266946 0.2225458 0.2230438 0.2356950 0.1645168 0.1279570 0.3241430 0.1822350 0.2814858 0.1697653 0.2449957 0.0322350 0.0461596 0.2612473 0.1641463 0.2320076 0.2503327 0.1674477 0.0628958 0.2358622 0.2154564 0.2013194 0.2295403 0.2750617 0.2502225 0.2738261 0.3435187 0.2013194 0.1983330 0.2811908 0.2009444 0.2047428 0.3028878 0.3033996 0.2857595 0.2401144 0.1983330 
OQ211386/ISR/cattle/2007/O/ME-SA/PanAsia-2        0.0521572 0.2157882 0.2216503 0.0082043 0.0016072 0.0000000 0.0131308 0.0097822 0.1223387 0.3069325 0.3023558 0.3104292 0.3030580 0.3174474 0.2461450 0.1464198 0.2589834 0.1466816 0.1601949 0.2019890 0.1782013 0.0683605 0.2193854 0.1556962 0.3256007 0.1568975 0.2596396 0.2612985 0.1389180 0.1595809 0.1585503 0.1562905 0.1504755 0.1279158 0.1341412 0.1359237 0.2921780 0.2267118 0.2230607 0.2304099 0.2202613 0.2303925 0.2262086 0.2267118 0.2368869 0.1676099 0.1306809 0.3286752 0.1855178 0.2857243 0.1728252 0.2463258 0.0340679 0.0481373 0.2656687 0.1671724 0.2356730 0.2542915 0.1706180 0.0649620 0.2396738 0.2190584 0.2047428 0.2332099 0.2710970 0.2545716 0.2781301 0.3391065 0.2047428 0.2017371 0.2852736 0.2044046 0.2081942 0.2987533 0.2992574 0.2817480 0.2439427 0.2017371 
OQ211377/ISR/cattle/2007/O/ME-SA/PanAsia-2        0.0521204 0.2219874 0.2279591 0.0149373 0.0114446 0.0131308 0.0000000 0.0032199 0.1175469 0.3054081 0.3094479 0.3088871 0.3015494 0.3158561 0.2392269 0.1570570 0.2783101 0.1573427 0.1655565 0.2018197 0.1839880 0.0724435 0.2256220 0.1609718 0.3253153 0.1621487 0.2662374 0.2541311 0.1388081 0.1649346 0.1638549 0.1561650 0.1503552 0.1328607 0.1340348 0.1358166 0.2990339 0.2330164 0.2293281 0.2367502 0.2265183 0.2367323 0.2325048 0.2330164 0.2457138 0.1731239 0.1356620 0.3360822 0.1853630 0.2971300 0.1782583 0.2559961 0.0376716 0.0559107 0.2731155 0.1610286 0.2354760 0.2540707 0.1762602 0.0689281 0.2367080 0.2252762 0.2107016 0.2330138 0.2927385 0.2696125 0.2778797 0.3476902 0.2107016 0.2076737 0.2991483 0.2104295 0.2141893 0.3139559 0.3144865 0.3035692 0.2572288 0.2076737 
OQ211372/ISR/goat/2007/O/ME-SA/PanAsia-2          0.0481774 0.2152333 0.2210726 0.0115388 0.0081202 0.0097822 0.0032199 0.0000000 0.1173986 0.3060924 0.3015274 0.3095796 0.3022264 0.3165710 0.2387986 0.1514300 0.2706205 0.1517025 0.1653071 0.2014847 0.1777636 0.0723652 0.2188192 0.1607333 0.3169331 0.1619096 0.2589522 0.2536638 0.1386131 0.1646865 0.1636107 0.1559347 0.1501369 0.1326778 0.1338479 0.1356276 0.2913967 0.2261239 0.2224836 0.2298093 0.2196916 0.2297929 0.2256220 0.2261239 0.2387811 0.1728554 0.1354736 0.3277578 0.1850641 0.2892404 0.1779860 0.2483757 0.0340148 0.0519332 0.2648796 0.1667873 0.2286676 0.2536048 0.1702078 0.0648498 0.2296573 0.2184947 0.2042328 0.2261942 0.2852532 0.2614103 0.2699564 0.3470455 0.2042328 0.2012356 0.2915389 0.2038897 0.2076737 0.3133834 0.3139124 0.2960198 0.2500073 0.2012356 
OP957418/BGD/cattle/2021/O/ME-SA/PanAsia-2        0.1413601 0.2197336 0.2256013 0.1261907 0.1198062 0.1223387 0.1175469 0.1173986 0.0000000 0.2629876 0.2603264 0.2678657 0.2678657 0.2740247 0.2107808 0.1242519 0.2363820 0.1295295 0.1565818 0.1860765 0.1973731 0.1658306 0.2233160 0.1628847 0.3308927 0.1486047 0.2540510 0.2414219 0.1331883 0.1668471 0.1549887 0.1527465 0.1553555 0.1319833 0.1331370 0.1372856 0.2736398 0.2306046 0.2269708 0.2342846 0.2241956 0.2342671 0.2301022 0.2306046 0.2175973 0.1756337 0.1297214 0.3021406 0.1719107 0.2726447 0.1690567 0.2895050 0.1145155 0.1205156 0.2794620 0.1585937 0.2126105 0.2489779 0.1923404 0.1250852 0.2323258 0.2229807 0.1952210 0.2101606 0.2990823 0.2850680 0.3369250 0.3530270 0.1952210 0.1923154 0.2972989 0.2007790 0.1985402 0.3334970 0.3255444 0.3181091 0.2391152 0.1923154 
ON868620/VNM/pig/2019/O/SEA/Unknown               0.3499953 0.0894375 0.0880466 0.3213212 0.3026185 0.3069325 0.3054081 0.3060924 0.2629876 0.0000000 0.0032429 0.0032407 0.0032407 0.0048914 0.3252967 0.2177735 0.3384126 0.2112357 0.2388728 0.2980409 0.2847694 0.3560281 0.0873304 0.2488934 0.3976092 0.2463100 0.0565321 0.3518337 0.2484835 0.2612389 0.2346733 0.2363919 0.2410932 0.2308949 0.2339355 0.2383459 0.0828074 0.0849787 0.0873036 0.0873036 0.0894041 0.0872978 0.0828000 0.0849787 0.2849199 0.2806629 0.2345860 0.0920283 0.2393971 0.3380732 0.2465922 0.3579386 0.3284096 0.3388542 0.4260236 0.2320478 0.2832086 0.2227462 0.2713684 0.3377742 0.3195235 0.0895431 0.2652002 0.2807397 0.3305407 0.4166151 0.3992774 0.4167472 0.2723473 0.2688270 0.3338708 0.2684817 0.2682243 0.4026540 0.3983872 0.3374560 0.3060624 0.2759983 
ON868618/VNM/pig/2019/O/SEA/Unknown               0.3451592 0.0847876 0.0833782 0.3166020 0.2980647 0.3023558 0.3094479 0.3015274 0.2603264 0.0032429 0.0000000 0.0032407 0.0032407 0.0048914 0.3204886 0.2153595 0.3333729 0.2088403 0.2348939 0.2935679 0.2802940 0.3512342 0.0827048 0.2448636 0.3923952 0.2423229 0.0524305 0.3468407 0.2459871 0.2571089 0.2307307 0.2324115 0.2371069 0.2270285 0.2300715 0.2344329 0.0782603 0.0803949 0.0826795 0.0826795 0.0847561 0.0826741 0.0782472 0.0803949 0.2804720 0.2763430 0.2306921 0.0872072 0.2368685 0.3332045 0.2425472 0.3528410 0.3237592 0.3340906 0.4204217 0.2354289 0.2787469 0.2157877 0.2670202 0.3330367 0.3148049 0.0848858 0.2608024 0.2762603 0.3257759 0.4110196 0.3940053 0.4135619 0.2679144 0.2644106 0.3290536 0.2640943 0.2638179 0.3995573 0.3952975 0.3326505 0.3013787 0.2715478 
ON868616/VNM/pig/2018/O/SEA/Unknown               0.3537371 0.0893381 0.0879484 0.3249404 0.3060943 0.3104292 0.3088871 0.3095796 0.2678657 0.0032407 0.0032407 0.0000000 0.0032384 0.0048879 0.3212563 0.2220451 0.3422990 0.2154492 0.2418876 0.2942401 0.2809450 0.3597449 0.0872340 0.2519465 0.3933429 0.2428432 0.0564779 0.3476807 0.2530121 0.2643690 0.2376612 0.2394095 0.2441130 0.2338258 0.2368635 0.2413110 0.0827177 0.0848858 0.0872072 0.0872072 0.0893048 0.0872015 0.0827102 0.0848858 0.2883027 0.2839470 0.2375369 0.0919221 0.2439531 0.3418262 0.2496583 0.3537082 0.3319832 0.3425266 0.4214826 0.2350370 0.2793931 0.2162351 0.2676306 0.3414252 0.3231408 0.0894434 0.2614084 0.2769051 0.3265452 0.4120653 0.4034338 0.4145426 0.2685374 0.2650254 0.3298365 0.2647044 0.2644309 0.4004917 0.3962239 0.3334371 0.3020957 0.2721794 
ON868613/VNM/pig/2019/O/SEA/Unknown               0.3459704 0.0893381 0.0879484 0.3173494 0.2987564 0.3030580 0.3015494 0.3022264 0.2678657 0.0032407 0.0032407 0.0032384 0.0000000 0.0048879 0.3289885 0.2158120 0.3341989 0.2092763 0.2418876 0.2942401 0.2881726 0.3520472 0.0872340 0.2519465 0.3933429 0.2493298 0.0564779 0.3476807 0.2465149 0.2643690 0.2376612 0.2394095 0.2441130 0.2275082 0.2305560 0.2349308 0.0827177 0.0848858 0.0872072 0.0872072 0.0893048 0.0872015 0.0827102 0.0848858 0.2811191 0.2839470 0.2311814 0.0919221 0.2373856 0.3340023 0.2496583 0.3618947 0.3245068 0.3348726 0.4214826 0.2350370 0.2793931 0.2162351 0.2676306 0.3338128 0.3155492 0.0894434 0.2614084 0.2769051 0.3265452 0.4120653 0.3949660 0.4145426 0.2685374 0.2650254 0.3298365 0.2647044 0.2644309 0.4004917 0.3962239 0.3334371 0.3020957 0.2721794 
ON868611/VNM/pig/2018/O/SEA/Unknown               0.3616436 0.0920566 0.0906719 0.3323383 0.3130321 0.3174474 0.3158561 0.3165710 0.2740247 0.0048914 0.0048914 0.0048879 0.0048879 0.0000000 0.3365724 0.2271193 0.3504148 0.2204109 0.2473697 0.3082144 0.2948061 0.3676471 0.0899291 0.2575860 0.4108419 0.2548880 0.0587498 0.3638911 0.2586136 0.2702627 0.2430566 0.2448746 0.2496244 0.2390849 0.2421425 0.2466960 0.0853472 0.0875462 0.0899013 0.0899013 0.0920220 0.0898953 0.0853433 0.0875462 0.2948970 0.2903053 0.2428640 0.0947548 0.2495271 0.3496527 0.2553020 0.3703355 0.3393464 0.3501876 0.4406901 0.2404125 0.2931988 0.2274032 0.2809813 0.3490309 0.3305193 0.0921668 0.2748675 0.2907458 0.3417766 0.4311212 0.4126867 0.4323573 0.2821648 0.2785720 0.3452737 0.2781566 0.2779384 0.4176401 0.4132815 0.3488729 0.3168172 0.2858932 
ON868547/VNM/cow/2018/O/ME-SA/Unknown             0.2598886 0.2481741 0.2548867 0.2539080 0.2422947 0.2461450 0.2392269 0.2387986 0.2107808 0.3252967 0.3204886 0.3212563 0.3289885 0.3365724 0.0000000 0.1977325 0.2382999 0.1981308 0.1735183 0.1536069 0.1514148 0.2680601 0.2521242 0.1752535 0.3035497 0.1717866 0.2925852 0.0501654 0.1933383 0.1895309 0.1758770 0.1835116 0.1735859 0.1719716 0.1941297 0.1964353 0.3063144 0.2560120 0.2520333 0.2600403 0.2560120 0.2600204 0.2525907 0.2560120 0.2057856 0.1982368 0.1752397 0.3409613 0.1792863 0.2835808 0.1786172 0.2334685 0.2337827 0.2701958 0.2895054 0.1992365 0.1083833 0.2625849 0.1554187 0.2364935 0.2689675 0.2625346 0.1035075 0.1062157 0.2354563 0.2849532 0.3328359 0.3104578 0.1035075 0.1012196 0.2295220 0.0961604 0.1059793 0.3137210 0.3055796 0.2816284 0.1133802 0.1058471 
OP751924/IDN/cattle/2022/O/ME-SA/Unknown          0.2021032 0.1795462 0.1844781 0.1565883 0.1435266 0.1464198 0.1570570 0.1514300 0.1242519 0.2177735 0.2153595 0.2220451 0.2158120 0.2271193 0.1977325 0.0000000 0.2304565 0.0032309 0.0838662 0.1374978 0.1201707 0.1787252 0.1827314 0.0878943 0.3010166 0.0856814 0.2302123 0.2057316 0.0478928 0.0906057 0.0814741 0.0794656 0.0836191 0.0477292 0.0400038 0.0480473 0.2406740 0.1858804 0.1826701 0.1891309 0.1800980 0.1891170 0.1888294 0.1858804 0.1832036 0.1082734 0.0382687 0.2765855 0.1409194 0.2350243 0.0884381 0.2406170 0.1512730 0.1534305 0.2528980 0.0845080 0.1666122 0.1949102 0.1328985 0.1671467 0.2178872 0.1831604 0.1497278 0.1641804 0.2188544 0.2340251 0.2778217 0.2763261 0.1497278 0.1470303 0.2071643 0.1472026 0.1527309 0.2464144 0.2392567 0.2283365 0.1802947 0.1470303 
ON736860/UGA/cow/2015/O/EA-2/Unknown              0.3104729 0.2930752 0.3011095 0.2757853 0.2630443 0.2589834 0.2783101 0.2706205 0.2363820 0.3384126 0.3333729 0.3422990 0.3341989 0.3504148 0.2382999 0.2304565 0.0000000 0.2300453 0.2277283 0.2307821 0.2237301 0.2874526 0.2975565 0.2137907 0.4038302 0.2328255 0.3374002 0.2702793 0.2418705 0.2330501 0.2172334 0.2253540 0.2343808 0.2036308 0.2295215 0.2468572 0.3645714 0.2929421 0.2884936 0.2974446 0.2929421 0.2974215 0.2968524 0.2929421 0.2410628 0.2641130 0.2072405 0.4017117 0.2145578 0.1241029 0.2218305 0.3535731 0.2479322 0.2829661 0.3548434 0.2232900 0.2339588 0.2813200 0.2154364 0.2421612 0.1156132 0.3013758 0.2461477 0.2389799 0.3327687 0.3329863 0.2908503 0.4238075 0.2461477 0.2428510 0.3254385 0.2360461 0.2500109 0.4129495 0.4033601 0.3495607 0.2659267 0.2428510 
OP585403/IDN/cattle/2022/O/ME-SA/Unknown          0.2025025 0.1735685 0.1783879 0.1568772 0.1437815 0.1466816 0.1573427 0.1517025 0.1295295 0.2112357 0.2088403 0.2154492 0.2092763 0.2204109 0.1981308 0.0032309 0.2300453 0.0000000 0.0794638 0.1320575 0.1149304 0.1790637 0.1767088 0.0834576 0.2930976 0.0812739 0.2235814 0.2061571 0.0518242 0.0861077 0.0771146 0.0751220 0.0792330 0.0516446 0.0438009 0.0519902 0.2339031 0.1798150 0.1766495 0.1830203 0.1740961 0.1830068 0.1827314 0.1798150 0.1772217 0.1034655 0.0420567 0.2691542 0.1355742 0.2279600 0.0839652 0.2333157 0.1515445 0.1592990 0.2450046 0.0844108 0.1607504 0.1886604 0.1274938 0.1674525 0.2111155 0.1771269 0.1440744 0.1583274 0.2146333 0.2263706 0.2699761 0.2715392 0.1440744 0.1414101 0.2030859 0.1415912 0.1470303 0.2419221 0.2348220 0.2254728 0.1741096 0.1414101 
OM160625/DZA/sheep/2015/O/ME-SA/Ind-2001d         0.2116461 0.1888874 0.1939943 0.1708338 0.1572014 0.1601949 0.1655565 0.1653071 0.1565818 0.2388728 0.2348939 0.2418876 0.2418876 0.2473697 0.1735183 0.0838662 0.2277283 0.0794638 0.0000000 0.1513984 0.1279387 0.1705481 0.1921413 0.0305993 0.3138876 0.0698550 0.2263884 0.1958247 0.0818008 0.0325412 0.0115016 0.0149656 0.0235330 0.0680477 0.0770418 0.0820512 0.2568924 0.1953555 0.1920768 0.1986747 0.1894773 0.1986602 0.1983536 0.1953555 0.1814659 0.0460873 0.0620498 0.2790169 0.1620260 0.2490966 0.0098268 0.2365458 0.1627797 0.1647848 0.2617676 0.0519514 0.1808882 0.2151988 0.1410402 0.1869312 0.2265308 0.1950558 0.1670089 0.1784852 0.2224328 0.2410178 0.2815836 0.2836364 0.1670089 0.1642612 0.2108096 0.1588854 0.1700986 0.2692379 0.2686348 0.2396440 0.1888193 0.1642612 
OM456137/PAK/cattle/2012/O/ME-SA/PanAsia-2        0.2450015 0.2362852 0.2358948 0.1959154 0.1985693 0.2019890 0.2018197 0.2014847 0.1860765 0.2980409 0.2935679 0.2942401 0.2942401 0.3082144 0.1536069 0.1374978 0.2307821 0.1320575 0.1513984 0.0000000 0.0602219 0.2248440 0.2334323 0.1595531 0.2651041 0.1508015 0.2848930 0.1594262 0.1620385 0.1666764 0.1546995 0.1583717 0.1628170 0.1367416 0.1515231 0.1649010 0.2828267 0.2371102 0.2333498 0.2333498 0.2371102 0.2408992 0.2404867 0.2371102 0.2006524 0.1721149 0.1396373 0.3283964 0.1908088 0.2552148 0.1535821 0.2603812 0.1907741 0.2172986 0.2545612 0.1634027 0.1396527 0.2286911 0.0479419 0.2272728 0.2440849 0.2367059 0.1243874 0.1373857 0.2343802 0.2428482 0.2991272 0.2790253 0.1243874 0.1219587 0.2221325 0.1213151 0.1270472 0.2664096 0.2588793 0.2544963 0.1325083 0.1219587 
OM456134/PAK/cattle/2012/O/ME-SA/PanAsia-2        0.2221677 0.2204803 0.2199262 0.1761685 0.1749340 0.1782013 0.1839880 0.1777636 0.1973731 0.2847694 0.2802940 0.2809450 0.2881726 0.2948061 0.1514148 0.1201707 0.2237301 0.1149304 0.1279387 0.0602219 0.0000000 0.2125556 0.2176333 0.1357746 0.2961779 0.1391238 0.2798319 0.1617535 0.1391970 0.1423780 0.1310789 0.1288234 0.1388550 0.1239200 0.1298903 0.1365716 0.2832990 0.2212458 0.2175553 0.2175553 0.2147115 0.2249666 0.2245829 0.2212458 0.2060909 0.1587255 0.1267190 0.3296097 0.1842495 0.2609212 0.1357241 0.2414532 0.1731787 0.1973691 0.2492338 0.1450898 0.1419990 0.2441762 0.0384415 0.2028813 0.2448097 0.2143495 0.1214422 0.1396934 0.2494795 0.2374095 0.2785331 0.2992452 0.1214422 0.1189917 0.2365810 0.1232873 0.1241212 0.2785225 0.2707371 0.2354962 0.1399869 0.1189917 
OK019689/IRN/cow/2016/O/ME-SA/PanAsia-2           0.1131378 0.2702848 0.2772367 0.0753477 0.0662284 0.0683605 0.0724435 0.0723652 0.1658306 0.3560281 0.3512342 0.3597449 0.3520472 0.3676471 0.2680601 0.1787252 0.2874526 0.1790637 0.1705481 0.2248440 0.2125556 0.0000000 0.2742694 0.1658354 0.3282935 0.1731104 0.3201312 0.2841852 0.1610401 0.1699131 0.1632435 0.1554835 0.1659813 0.1371375 0.1543207 0.1560480 0.3492868 0.2822980 0.2782659 0.2863766 0.2753364 0.2863558 0.2817251 0.2822980 0.2443748 0.1848056 0.1452311 0.3870048 0.2163218 0.3022560 0.1834477 0.2663823 0.0763796 0.1079771 0.2765875 0.1770550 0.2562748 0.2545629 0.2109407 0.1080920 0.2542256 0.2818040 0.2335308 0.2538343 0.3085928 0.2730507 0.3269746 0.3765611 0.2335308 0.2303233 0.3080844 0.2302135 0.2372682 0.3309848 0.3315501 0.3011978 0.2575450 0.2303233 
MN389541/CHN/pig/2010/O/SEA/Unknown               0.2616623 0.0048583 0.0049147 0.2303254 0.2157719 0.2193854 0.2256220 0.2188192 0.2233160 0.0873304 0.0827048 0.0872340 0.0872340 0.0899291 0.2521242 0.1827314 0.2975565 0.1767088 0.1921413 0.2334323 0.2176333 0.2742694 0.0000000 0.1784062 0.3231908 0.1768231 0.0445252 0.2909793 0.1954583 0.1885121 0.1878366 0.1855539 0.1824959 0.1852748 0.1937475 0.1910242 0.0542014 0.0082024 0.0098814 0.0098814 0.0115515 0.0098808 0.0065431 0.0082024 0.2287468 0.2106729 0.1828055 0.0747171 0.1938512 0.2773576 0.1988550 0.2902598 0.2366145 0.2697516 0.3140925 0.1795402 0.2387880 0.1325334 0.2035896 0.2588829 0.2594297 0.0081965 0.2219036 0.2362413 0.2676876 0.3054459 0.3336022 0.3391583 0.2219036 0.2186632 0.2631790 0.2186085 0.2256591 0.3490949 0.3406190 0.2911794 0.2448944 0.2186632 
MN095366/IND/cattle/2014/O/ME-SA/Ind-2001d        0.2002353 0.1752753 0.1800921 0.1660918 0.1527599 0.1556962 0.1609718 0.1607333 0.1628847 0.2488934 0.2448636 0.2519465 0.2519465 0.2575860 0.1752535 0.0878943 0.2137907 0.0834576 0.0305993 0.1595531 0.1357746 0.1658354 0.1784062 0.0000000 0.2950155 0.0776723 0.2288931 0.1915083 0.0812878 0.0115057 0.0251660 0.0270065 0.0199523 0.0596024 0.0765681 0.0815353 0.2456001 0.1815023 0.1783468 0.1846971 0.1758061 0.1846836 0.1844069 0.1815023 0.1725053 0.0309543 0.0616881 0.2747158 0.1554834 0.2229869 0.0379925 0.2245721 0.1475840 0.1600983 0.2517293 0.0516594 0.1780786 0.1984060 0.1490643 0.1704483 0.2001962 0.1812320 0.1576985 0.1756807 0.2308676 0.2314287 0.2548824 0.2997021 0.1576985 0.1550076 0.2190440 0.1551621 0.1607088 0.2848892 0.2775322 0.2354182 0.1883603 0.1550076 
NC_039210/GBR/Unknown/1965/O/EURO-SA/Unknown      0.3607909 0.3184931 0.3218943 0.3362642 0.3210120 0.3256007 0.3253153 0.3169331 0.3308927 0.3976092 0.3923952 0.3933429 0.3933429 0.4108419 0.3035497 0.3010166 0.4038302 0.2930976 0.3138876 0.2651041 0.2961779 0.3282935 0.3231908 0.2950155 0.0000000 0.3052932 0.3887958 0.3485399 0.3304612 0.3044197 0.3002038 0.2981267 0.2990787 0.3002758 0.3166256 0.3172953 0.3872457 0.3197652 0.3150768 0.3245071 0.3277936 0.3244825 0.3238479 0.3197652 0.3366878 0.3066529 0.3119432 0.4360501 0.2851439 0.3765055 0.3117925 0.2271454 0.3321835 0.3304095 0.2081327 0.3257747 0.3074553 0.3349426 0.2754613 0.3134225 0.3310627 0.3271539 0.2934038 0.3050485 0.3498740 0.1986419 0.3530762 0.4392702 0.2934038 0.2897425 0.3330012 0.2874849 0.2890768 0.4555419 0.4350166 0.3978995 0.2991481 0.2972062 
MK071699/BGD/cattle/2013/O/ME-SA/Unknown          0.2123189 0.1799111 0.1847130 0.1617571 0.1539724 0.1568975 0.1621487 0.1619096 0.1486047 0.2463100 0.2423229 0.2428432 0.2493298 0.2548880 0.1717866 0.0856814 0.2328255 0.0812739 0.0698550 0.1508015 0.1391238 0.1731104 0.1768231 0.0776723 0.3052932 0.0000000 0.2204505 0.1896073 0.0907317 0.0758178 0.0674697 0.0697777 0.0735908 0.0721533 0.0812765 0.0910044 0.2298697 0.1860747 0.1829513 0.1892372 0.1804491 0.1892237 0.1889429 0.1860747 0.1820234 0.0968022 0.0701994 0.2570036 0.1345328 0.2238042 0.0765131 0.2063132 0.1488180 0.1736604 0.2248352 0.0778510 0.1659535 0.1718850 0.1462269 0.1667140 0.2150055 0.1858012 0.1524654 0.1635664 0.2129171 0.2070528 0.2522451 0.2787898 0.1524654 0.1497986 0.2016780 0.1553617 0.1554395 0.2727381 0.2721321 0.2305666 0.1790400 0.1497986 
MH845413/VNM/pig/2014/O/SEA/Unknown               0.3029417 0.0463998 0.0448676 0.2720316 0.2557297 0.2596396 0.2662374 0.2589522 0.2540510 0.0565321 0.0524305 0.0564779 0.0564779 0.0587498 0.2925852 0.2302123 0.3374002 0.2235814 0.2263884 0.2848930 0.2798319 0.3201312 0.0445252 0.2288931 0.3887958 0.2204505 0.0000000 0.3301309 0.2410001 0.2404215 0.2215859 0.2231357 0.2215119 0.2197350 0.2387045 0.2359103 0.0388467 0.0425513 0.0445123 0.0445123 0.0463835 0.0445096 0.0406591 0.0425513 0.2771473 0.2507756 0.2232729 0.0456371 0.2299177 0.3134711 0.2337149 0.3282340 0.2794913 0.3163263 0.3798661 0.2198351 0.2645868 0.1725943 0.2577494 0.2975586 0.2939700 0.0503284 0.2401634 0.2620773 0.3154479 0.3706974 0.3734260 0.3887255 0.2470387 0.2436481 0.3110850 0.2434608 0.2510148 0.4011114 0.3969605 0.3310070 0.2716902 0.2505507 
MF947127/VNM/buffalo/2012/O/ME-SA/Unknown         0.2847147 0.2867259 0.2942934 0.2696230 0.2572883 0.2612985 0.2541311 0.2536638 0.2414219 0.3518337 0.3468407 0.3476807 0.3476807 0.3638911 0.0501654 0.2057316 0.2702793 0.2061571 0.1958247 0.1594262 0.1617535 0.2841852 0.2909793 0.1915083 0.3485399 0.1896073 0.3301309 0.0000000 0.2151958 0.1997456 0.1982463 0.2027746 0.1951859 0.1803384 0.2094820 0.2184365 0.3400551 0.2877990 0.2835566 0.2920926 0.2804883 0.2920706 0.2915344 0.2877990 0.2522138 0.2114250 0.1897285 0.3797734 0.2027427 0.3168648 0.2010782 0.2839157 0.2416517 0.2953031 0.3230514 0.2223787 0.1028336 0.2842773 0.1669326 0.2590404 0.2933639 0.2827358 0.0979675 0.1006538 0.2633996 0.3097850 0.3412129 0.3195707 0.0979675 0.0956798 0.2499786 0.0906506 0.1004304 0.3304160 0.3219751 0.2980952 0.1175104 0.1003055 
MH891503/VNM/cow/2017/O/ME-SA/Unknown             0.1927097 0.1921692 0.1973558 0.1486756 0.1361225 0.1389180 0.1388081 0.1386131 0.1331883 0.2484835 0.2459871 0.2530121 0.2465149 0.2586136 0.1933383 0.0478928 0.2418705 0.0518242 0.0818008 0.1620385 0.1391970 0.1610401 0.1954583 0.0812878 0.3304612 0.0907317 0.2410001 0.2151958 0.0000000 0.0839092 0.0749803 0.0729950 0.0728686 0.0308527 0.0166035 0.0167374 0.2605512 0.1987067 0.1953924 0.2020622 0.1927745 0.2020473 0.2017328 0.1987067 0.1870328 0.0962669 0.0219291 0.2943211 0.1552819 0.2554275 0.0909981 0.2773049 0.1384898 0.1509218 0.2927255 0.0868054 0.1879100 0.1960134 0.1506551 0.1644496 0.2373427 0.1983992 0.1602703 0.1854498 0.2405174 0.2803429 0.2857519 0.2965385 0.1602703 0.1575285 0.2345329 0.1708299 0.1633417 0.2711378 0.2715875 0.2418744 0.1940809 0.1575285 
MG983734/LKA/water-buffalo/2014/O/ME-SA/Ind-2001d 0.2041890 0.1917767 0.1969410 0.1701951 0.1565934 0.1595809 0.1649346 0.1646865 0.1668471 0.2612389 0.2571089 0.2643690 0.2643690 0.2702627 0.1895309 0.0906057 0.2330501 0.0861077 0.0325412 0.1666764 0.1423780 0.1699131 0.1885121 0.0115057 0.3044197 0.0758178 0.2404215 0.1997456 0.0839092 0.0000000 0.0270408 0.0289074 0.0217715 0.0619125 0.0791125 0.0841648 0.2575782 0.1982900 0.1949880 0.2016329 0.1923787 0.2016181 0.2013053 0.1982900 0.1705044 0.0329245 0.0640272 0.2879741 0.1534710 0.2350477 0.0400247 0.2404084 0.1513338 0.1641482 0.2695454 0.0578205 0.1844851 0.2099187 0.1559638 0.1806676 0.2114778 0.1979842 0.1648537 0.1820704 0.2289062 0.2484589 0.2752413 0.2980483 0.1648537 0.1621030 0.2170605 0.1622435 0.1679431 0.2831718 0.2757744 0.2334707 0.1964087 0.1621030 
MG983726/SAU/cattle/2014/O/ME-SA/Ind-2001d        0.2094001 0.1846319 0.1896305 0.1690484 0.1555919 0.1585503 0.1638549 0.1636107 0.1549887 0.2346733 0.2307307 0.2376612 0.2376612 0.2430566 0.1758770 0.0814741 0.2172334 0.0771146 0.0115016 0.1546995 0.1310789 0.1632435 0.1878366 0.0251660 0.3002038 0.0674697 0.2215859 0.1982463 0.0749803 0.0270408 0.0000000 0.0065265 0.0182504 0.0616503 0.0703741 0.0752119 0.2516831 0.1910032 0.1877739 0.1942724 0.1852012 0.1942582 0.1939621 0.1910032 0.1754129 0.0402047 0.0557800 0.2732988 0.1582790 0.2464136 0.0183535 0.2349378 0.1611124 0.1519868 0.2642891 0.0459298 0.1832024 0.2105386 0.1442757 0.1739264 0.2225527 0.1907137 0.1693149 0.1808067 0.2146467 0.2435466 0.2615274 0.2748393 0.1693149 0.1665647 0.2032761 0.1611773 0.1724113 0.2607333 0.2601515 0.2253093 0.1912006 0.1665647 
MG983725/SAU/cattle/2014/O/ME-SA/Ind-2001d        0.2071453 0.1823483 0.1873322 0.1667594 0.1533358 0.1562905 0.1561650 0.1559347 0.1527465 0.2363919 0.2324115 0.2394095 0.2394095 0.2448746 0.1835116 0.0794656 0.2253540 0.0751220 0.0149656 0.1583717 0.1288234 0.1554835 0.1855539 0.0270065 0.2981267 0.0697777 0.2231357 0.2027746 0.0729950 0.0289074 0.0065265 0.0000000 0.0165899 0.0639035 0.0684162 0.0732219 0.2495366 0.1887224 0.1854916 0.1919936 0.1829115 0.1919795 0.1916862 0.1887224 0.1731938 0.0422285 0.0579735 0.2754393 0.1560646 0.2482995 0.0219564 0.2377182 0.1588602 0.1496728 0.2706241 0.0480136 0.1809335 0.2151570 0.1420097 0.1772244 0.2177245 0.1884359 0.1670305 0.1785263 0.2224155 0.2494791 0.2745666 0.2838497 0.1670305 0.1642785 0.2107606 0.1588950 0.1701252 0.2626982 0.2621075 0.2332774 0.1888820 0.1642785 
MG983709/NPL/cattle/2012/O/ME-SA/Ind-2001d        0.2004135 0.1793225 0.1842343 0.1607037 0.1475741 0.1504755 0.1503552 0.1501369 0.1553555 0.2410932 0.2371069 0.2441130 0.2441130 0.2496244 0.1735859 0.0836191 0.2343808 0.0792330 0.0235330 0.1628170 0.1388550 0.1659813 0.1824959 0.0199523 0.2990787 0.0735908 0.2215119 0.1951859 0.0728686 0.0217715 0.0182504 0.0165899 0.0000000 0.0636497 0.0724416 0.0730946 0.2385682 0.1856331 0.1824349 0.1888709 0.1798717 0.1888571 0.1885710 0.1856331 0.1726535 0.0309135 0.0577496 0.2654339 0.1556163 0.2439900 0.0307336 0.2281126 0.1583900 0.1602413 0.2631623 0.0478381 0.1803350 0.2113433 0.1464357 0.1822054 0.2201578 0.1853536 0.1665094 0.1779394 0.2247760 0.2424711 0.2691544 0.2782035 0.1665094 0.1637722 0.2192399 0.1584183 0.1695862 0.2574003 0.2568261 0.2420221 0.1860495 0.1637722 
MG983702/MUS/cattle/2016/O/ME-SA/Unknown          0.1799478 0.1821168 0.1870243 0.1372483 0.1252170 0.1279158 0.1328607 0.1326778 0.1319833 0.2308949 0.2270285 0.2338258 0.2275082 0.2390849 0.1719716 0.0477292 0.2036308 0.0516446 0.0680477 0.1367416 0.1239200 0.1371375 0.1852748 0.0596024 0.3002758 0.0721533 0.2197350 0.1803384 0.0308527 0.0619125 0.0616503 0.0639035 0.0636497 0.0000000 0.0235454 0.0309553 0.2344815 0.1883958 0.1852135 0.1916175 0.1826709 0.1916036 0.1913153 0.1883958 0.1729347 0.0774646 0.0081408 0.2624800 0.1367168 0.2158698 0.0766900 0.2418742 0.1225719 0.1392960 0.2556034 0.0642997 0.1617820 0.1733869 0.1321840 0.1528493 0.1996915 0.1881140 0.1429171 0.1593804 0.2268252 0.2369970 0.2344585 0.2944848 0.1429171 0.1402788 0.2149941 0.1404602 0.1458429 0.2696379 0.2700767 0.2235855 0.1668330 0.1402788 
MF461724/CHN/cattle/2017/O/ME-SA/Unknown          0.1875794 0.1904995 0.1956087 0.1437788 0.1313699 0.1341412 0.1340348 0.1338479 0.1331370 0.2339355 0.2300715 0.2368635 0.2305560 0.2421425 0.1941297 0.0400038 0.2295215 0.0438009 0.0770418 0.1515231 0.1298903 0.1543207 0.1937475 0.0765681 0.3166256 0.0812765 0.2387045 0.2094820 0.0166035 0.0791125 0.0703741 0.0684162 0.0724416 0.0235454 0.0000000 0.0065452 0.2606575 0.1969555 0.1936828 0.2002685 0.1910927 0.2002539 0.1999458 0.1969555 0.1918571 0.0959060 0.0149003 0.2911762 0.1463112 0.2410611 0.0860384 0.2646078 0.1388761 0.1513820 0.2700093 0.0731964 0.1829128 0.1964490 0.1463566 0.1649637 0.2173076 0.1966541 0.1631700 0.1804774 0.2423339 0.2581290 0.2715133 0.2921787 0.1631700 0.1604053 0.2300009 0.1661481 0.1662725 0.2616292 0.2620572 0.2521079 0.1948686 0.1604053 
LC320038/MNG/cow/2015/O/ME-SA/Unknown             0.1891740 0.1877854 0.1928605 0.1455539 0.1331577 0.1359237 0.1358166 0.1356276 0.1372856 0.2383459 0.2344329 0.2413110 0.2349308 0.2466960 0.1964353 0.0480473 0.2468572 0.0519902 0.0820512 0.1649010 0.1365716 0.1560480 0.1910242 0.0815353 0.3172953 0.0910044 0.2359103 0.2184365 0.0167374 0.0841648 0.0752119 0.0732219 0.0730946 0.0309553 0.0065452 0.0000000 0.2578555 0.1942240 0.1909602 0.1975285 0.1883695 0.1975140 0.1972103 0.1942240 0.1933605 0.1014260 0.0220035 0.2882906 0.1590780 0.2520115 0.0912728 0.2577060 0.1374765 0.1497890 0.2799587 0.0826807 0.1909042 0.2003837 0.1534549 0.1632661 0.2219461 0.1939271 0.1707144 0.1884453 0.2529697 0.2680231 0.2913100 0.3044063 0.1707144 0.1678858 0.2467192 0.1737414 0.1739028 0.2728642 0.2733178 0.2568458 0.1971911 0.1678858 
KX534089/KOR/pig/2016/O/SEA/Unknown               0.3231572 0.0561146 0.0546207 0.3057323 0.2880485 0.2921780 0.2990339 0.2913967 0.2736398 0.0828074 0.0782603 0.0827177 0.0827177 0.0853472 0.3063144 0.2406740 0.3645714 0.2339031 0.2568924 0.2828267 0.2832990 0.3492868 0.0542014 0.2456001 0.3872457 0.2298697 0.0388467 0.3400551 0.2605512 0.2575782 0.2516831 0.2495366 0.2385682 0.2344815 0.2606575 0.2578555 0.0000000 0.0521599 0.0541856 0.0541856 0.0560947 0.0541822 0.0502181 0.0521599 0.2738962 0.2685591 0.2444566 0.0295808 0.2379958 0.3253573 0.2647309 0.3699514 0.2968234 0.3505438 0.4050653 0.2427323 0.2683328 0.1719137 0.2476489 0.3155766 0.3167503 0.0601572 0.2487984 0.2658241 0.3135692 0.3957209 0.4031764 0.3807357 0.2557996 0.2523483 0.3166601 0.2549771 0.2598630 0.3999697 0.3892071 0.3381879 0.2915318 0.2593764 
LC149718/JPN/cow/2010/O/SEA/Unknown               0.2777371 0.0098634 0.0082623 0.2379135 0.2230438 0.2267118 0.2330164 0.2261239 0.2306046 0.0849787 0.0803949 0.0848858 0.0848858 0.0875462 0.2560120 0.1858804 0.2929421 0.1798150 0.1953555 0.2371102 0.2212458 0.2822980 0.0082024 0.1815023 0.3197652 0.1860747 0.0425513 0.2877990 0.1987067 0.1982900 0.1910032 0.1887224 0.1856331 0.1883958 0.1969555 0.1942240 0.0521599 0.0000000 0.0016172 0.0016172 0.0032422 0.0016171 0.0016158 0.0000010 0.2372288 0.2140761 0.1859173 0.0724527 0.2013347 0.2815175 0.2021273 0.2945758 0.2441212 0.2778942 0.3272007 0.1826672 0.2358147 0.1352644 0.2070688 0.2666869 0.2634106 0.0098705 0.2189568 0.2332571 0.2727337 0.3101555 0.3427468 0.3436619 0.2189568 0.2157238 0.2682237 0.2156828 0.2226983 0.3535302 0.3450212 0.2964454 0.2418290 0.2223002 
LC149704/JPN/cow/2010/O/SEA/Unknown               0.2736833 0.0115522 0.0099531 0.2341259 0.2194212 0.2230607 0.2293281 0.2224836 0.2269708 0.0873036 0.0826795 0.0872072 0.0872072 0.0899013 0.2520333 0.1826701 0.2884936 0.1766495 0.1920768 0.2333498 0.2175553 0.2782659 0.0098814 0.1783468 0.3150768 0.1829513 0.0445123 0.2835566 0.1953924 0.1949880 0.1877739 0.1854916 0.1824349 0.1852135 0.1936828 0.1909602 0.0541856 0.0016172 0.0000000 0.0032482 0.0048821 0.0032480 0.0032457 0.0016172 0.2334429 0.2106008 0.1827448 0.0746942 0.1979644 0.2772555 0.1987879 0.2901513 0.2403712 0.2738072 0.3222844 0.1794800 0.2320261 0.1324902 0.2035174 0.2627761 0.2593352 0.0115617 0.2152638 0.2294645 0.2686787 0.3053246 0.3381137 0.3390362 0.2152638 0.2120520 0.2641599 0.2120279 0.2189739 0.3489729 0.3404994 0.2922636 0.2379018 0.2185845 
LC149700/JPN/cow/2010/O/SEA/Unknown               0.2818385 0.0115522 0.0099531 0.2417483 0.2267118 0.2304099 0.2367502 0.2298093 0.2342846 0.0873036 0.0826795 0.0872072 0.0872072 0.0899013 0.2600403 0.1891309 0.2974446 0.1830203 0.1986747 0.2333498 0.2175553 0.2863766 0.0098814 0.1846971 0.3245071 0.1892372 0.0445123 0.2920926 0.2020622 0.2016329 0.1942724 0.1919936 0.1888709 0.1916175 0.2002685 0.1975285 0.0541856 0.0016172 0.0032482 0.0000000 0.0048821 0.0032480 0.0032457 0.0016172 0.2334429 0.2175948 0.1891291 0.0746942 0.2047472 0.2858309 0.2055079 0.2990534 0.2479171 0.2820309 0.3321737 0.1858943 0.2320261 0.1380726 0.2035174 0.2706445 0.2675367 0.0115617 0.2152638 0.2294645 0.2768371 0.3150449 0.3474288 0.3483350 0.2152638 0.2120520 0.2723368 0.2120279 0.2189739 0.3581326 0.3495888 0.3006743 0.2379018 0.2185845 
LC149686/JPN/cow/2010/O/SEA/Unknown               0.2707267 0.0132294 0.0116365 0.2312548 0.2166333 0.2202613 0.2265183 0.2196916 0.2241956 0.0894041 0.0847561 0.0893048 0.0893048 0.0920220 0.2560120 0.1800980 0.2929421 0.1740961 0.1894773 0.2371102 0.2147115 0.2753364 0.0115515 0.1758061 0.3277936 0.1804491 0.0463835 0.2804883 0.1927745 0.1923787 0.1852012 0.1829115 0.1798717 0.1826709 0.1910927 0.1883695 0.0560947 0.0032422 0.0048821 0.0048821 0.0000000 0.0048818 0.0048783 0.0032422 0.2439373 0.2079010 0.1802031 0.0767528 0.2013347 0.2815175 0.1961600 0.2945758 0.2375461 0.2749914 0.3188447 0.1769172 0.2291491 0.1352644 0.2007382 0.2666869 0.2634106 0.0132401 0.2124107 0.2265771 0.2727337 0.3101555 0.3349110 0.3436619 0.2124107 0.2092056 0.2682237 0.2091942 0.2161077 0.3535302 0.3450212 0.2964454 0.2349375 0.2157238 
LC149685/JPN/cow/2010/O/SEA/Unknown               0.2818177 0.0115515 0.0099525 0.2417299 0.2266946 0.2303925 0.2367323 0.2297929 0.2342671 0.0872978 0.0826741 0.0872015 0.0872015 0.0898953 0.2600204 0.1891170 0.2974215 0.1830068 0.1986602 0.2408992 0.2249666 0.2863558 0.0098808 0.1846836 0.3244825 0.1892237 0.0445096 0.2920706 0.2020473 0.2016181 0.1942582 0.1919795 0.1888571 0.1916036 0.2002539 0.1975140 0.0541822 0.0016171 0.0032480 0.0032480 0.0048818 0.0000000 0.0032455 0.0016171 0.2410442 0.2175786 0.1891154 0.0746893 0.2047320 0.2858090 0.2054928 0.2990304 0.2478986 0.2820100 0.3321478 0.1858806 0.2396328 0.1380628 0.2106501 0.2706247 0.2675162 0.0115610 0.2226809 0.2370800 0.2768164 0.3150196 0.3474043 0.3483106 0.2226809 0.2194268 0.2723161 0.2193683 0.2264536 0.3581085 0.3495649 0.3006525 0.2457875 0.2260469 
LC149674/JPN/cow/2010/O/SEA/Unknown               0.2771625 0.0081965 0.0065913 0.2373862 0.2225458 0.2262086 0.2325048 0.2256220 0.2301022 0.0828000 0.0782472 0.0827102 0.0827102 0.0853433 0.2525907 0.1888294 0.2968524 0.1827314 0.1983536 0.2404867 0.2245829 0.2817251 0.0065431 0.1844069 0.3238479 0.1889429 0.0406591 0.2915344 0.2017328 0.2013053 0.1939621 0.1916862 0.1885710 0.1913153 0.1999458 0.1972103 0.0502181 0.0016158 0.0032457 0.0032457 0.0048783 0.0032455 0.0000000 0.0016158 0.2406287 0.2172275 0.1888312 0.0703344 0.2044085 0.2852785 0.2051713 0.2984624 0.2435968 0.2773146 0.3230936 0.1855994 0.2392188 0.1378776 0.2103006 0.2661338 0.2670322 0.0115522 0.2223002 0.2366690 0.2763231 0.3143775 0.3420886 0.3476577 0.2223002 0.2190529 0.2718274 0.2189962 0.2260645 0.3574547 0.3489252 0.3001142 0.2453497 0.2256591 
LC149665/JPN/cow/2010/O/SEA/Unknown               0.2777371 0.0098634 0.0082623 0.2379135 0.2230438 0.2267118 0.2330164 0.2261239 0.2306046 0.0849787 0.0803949 0.0848858 0.0848858 0.0875462 0.2560120 0.1858804 0.2929421 0.1798150 0.1953555 0.2371102 0.2212458 0.2822980 0.0082024 0.1815023 0.3197652 0.1860747 0.0425513 0.2877990 0.1987067 0.1982900 0.1910032 0.1887224 0.1856331 0.1883958 0.1969555 0.1942240 0.0521599 0.0000010 0.0016172 0.0016172 0.0032422 0.0016171 0.0016158 0.0000000 0.2372288 0.2140761 0.1859173 0.0724527 0.2013347 0.2815175 0.2021273 0.2945758 0.2441212 0.2778942 0.3272007 0.1826672 0.2358147 0.1352644 0.2070688 0.2666869 0.2634106 0.0098705 0.2189568 0.2332571 0.2727337 0.3101555 0.3427468 0.3436619 0.2189568 0.2157238 0.2682237 0.2156828 0.2226983 0.3535302 0.3450212 0.2964454 0.2418290 0.2223002 
KY446903/PAK/water-buffalo/2005/O/ME-SA/Unknown   0.2709638 0.2325063 0.2344764 0.2534488 0.2356950 0.2368869 0.2457138 0.2387811 0.2175973 0.2849199 0.2804720 0.2883027 0.2811191 0.2948970 0.2057856 0.1832036 0.2410628 0.1772217 0.1814659 0.2006524 0.2060909 0.2443748 0.2287468 0.1725053 0.3366878 0.1820234 0.2771473 0.2522138 0.1870328 0.1705044 0.1754129 0.1731938 0.1726535 0.1729347 0.1918571 0.1933605 0.2738962 0.2372288 0.2334429 0.2334429 0.2439373 0.2410442 0.2406287 0.2372288 0.0000000 0.1822048 0.1760905 0.3117312 0.1356339 0.2970918 0.1835331 0.2678693 0.2365793 0.2569147 0.3813872 0.1863290 0.1892706 0.2430799 0.1957619 0.2288769 0.2790883 0.2395816 0.1640141 0.1868685 0.2576446 0.3691129 0.3294784 0.3399431 0.1640141 0.1612804 0.2573498 0.1614221 0.1670829 0.3090416 0.3010304 0.2824306 0.1946409 0.1636349 
KY657269/VNM/pig/2015/O/ME-SA/Ind-2001d           0.2076636 0.2072235 0.2127779 0.1786777 0.1645168 0.1676099 0.1731239 0.1728554 0.1756337 0.2806629 0.2763430 0.2839470 0.2839470 0.2903053 0.1982368 0.1082734 0.2641130 0.1034655 0.0460873 0.1721149 0.1587255 0.1848056 0.2106729 0.0309543 0.3066529 0.0968022 0.2507756 0.2114250 0.0962669 0.0329245 0.0402047 0.0422285 0.0309135 0.0774646 0.0959060 0.1014260 0.2685591 0.2140761 0.2106008 0.2175948 0.2079010 0.2175786 0.2172275 0.2140761 0.1822048 0.0000000 0.0797347 0.3005741 0.1760778 0.2643822 0.0501498 0.2451055 0.1590839 0.1684361 0.2748811 0.0689120 0.1847334 0.2231316 0.1667353 0.1800739 0.2517690 0.2068083 0.1762079 0.1822715 0.2395792 0.2622034 0.2680918 0.3028695 0.1762079 0.1733518 0.2241776 0.1677385 0.1794373 0.2876012 0.2800432 0.2443170 0.2031003 0.1733518 
KX712091/BGD/pig/2015/O/ME-SA/Unknown             0.1831726 0.1796574 0.1845319 0.1401226 0.1279570 0.1306809 0.1356620 0.1354736 0.1297214 0.2345860 0.2306921 0.2375369 0.2311814 0.2428640 0.1752397 0.0382687 0.2072405 0.0420567 0.0620498 0.1396373 0.1267190 0.1452311 0.1828055 0.0616881 0.3119432 0.0701994 0.2232729 0.1897285 0.0219291 0.0640272 0.0557800 0.0579735 0.0577496 0.0081408 0.0149003 0.0220035 0.2444566 0.1859173 0.1827448 0.1891291 0.1802031 0.1891154 0.1888312 0.1859173 0.1760905 0.0797347 0.0000000 0.2733109 0.1395244 0.2260972 0.0705314 0.2458855 0.1302952 0.1422202 0.2573216 0.0583360 0.1648961 0.1860013 0.1350569 0.1557741 0.2095040 0.1856397 0.1513097 0.1624874 0.2233212 0.2386181 0.2384597 0.2905175 0.1513097 0.1486239 0.2115992 0.1487922 0.1543021 0.2592221 0.2596418 0.2327827 0.1758884 0.1486239 
KX162590/KOR/pig/2014/O/SEA/Unknown               0.3587685 0.0767813 0.0753251 0.3471584 0.3241430 0.3286752 0.3360822 0.3277578 0.3021406 0.0920283 0.0872072 0.0919221 0.0919221 0.0947548 0.3409613 0.2765855 0.4017117 0.2691542 0.2790169 0.3283964 0.3296097 0.3870048 0.0747171 0.2747158 0.4360501 0.2570036 0.0456371 0.3797734 0.2943211 0.2879741 0.2732988 0.2754393 0.2654339 0.2624800 0.2911762 0.2882906 0.0295808 0.0724527 0.0746942 0.0746942 0.0767528 0.0746893 0.0703344 0.0724527 0.3117312 0.3005741 0.2733109 0.0000000 0.2554333 0.3591609 0.2875704 0.4002641 0.3433135 0.3955018 0.4482208 0.2717317 0.3068822 0.2073217 0.2853844 0.3564394 0.3499904 0.0812264 0.2801072 0.3044042 0.3556213 0.4381463 0.4392549 0.4256702 0.2877178 0.2839711 0.3593636 0.2835009 0.2921891 0.4452193 0.4335781 0.3823670 0.3335989 0.2916079 
