79
KC440883/EGY/Unknown/2011/O/ME-SA/PanAsia-2       0.0000000 0.1489313 0.1498301 0.0496925 0.0439043 0.0446074 0.0497428 0.0498551 0.1038681 0.1957637 0.2036611 0.1957469 0.2008762 0.1964971 0.1125702 0.1168274 0.1311677 0.1081053 0.1100391 0.1112361 0.0745164 0.1094268 0.1511371 0.1027140 0.1544502 0.1049949 0.1771228 0.1252338 0.1111001 0.1106925 0.0964474 0.0989000 0.0978543 0.1034558 0.1101178 0.1178308 0.1875091 0.1522736 0.1506773 0.1488689 0.1488689 0.1538609 0.1499361 0.1500890 0.1476530 0.1198831 0.0983623 0.1033964 0.1801399 0.1361839 0.1189953 0.1133372 0.1320358 0.0580214 0.0666848 0.1393961 0.0960085 0.1243450 0.1395356 0.1156795 0.0987665 0.1186031 0.1437377 0.1147961 0.1316183 0.3182244 0.1354063 0.1478244 0.2902440 0.1139435 0.1137645 0.3587987 0.1238089 0.1149015 0.2774269 0.2772434 0.3275357 0.1447770 0.1153637 
HM229661/HKG/pig/2010/O/SEA/Unknown               0.1489313 0.0000000 0.0028737 0.1295523 0.1160776 0.1170766 0.1290199 0.1294551 0.1235710 0.0575403 0.0610432 0.0564957 0.0605169 0.0566151 0.1299364 0.1288085 0.1462383 0.1227305 0.1412698 0.1088354 0.1304093 0.1232687 0.0034544 0.1345016 0.1719738 0.1130266 0.0338143 0.1439563 0.1170589 0.1450030 0.1315592 0.1319033 0.1259446 0.1088370 0.1141507 0.1181714 0.0435538 0.0112179 0.0100303 0.0094030 0.0094030 0.0118426 0.0100034 0.0100093 0.0087989 0.1158636 0.1350122 0.1032505 0.0371890 0.1270024 0.1226327 0.1452833 0.1191175 0.1174508 0.1280952 0.1432067 0.1124542 0.1234717 0.1346405 0.1224257 0.1425292 0.1323357 0.0069608 0.1172016 0.1287894 0.3119104 0.1358638 0.1451963 0.2633293 0.1141588 0.1141588 0.3512590 0.1221928 0.1151540 0.2675244 0.2629515 0.3106376 0.1403132 0.1127013 
JQ900581/CHN/pig/2010/O/SEA/Unknown               0.1498301 0.0028737 0.0000000 0.1323471 0.1187002 0.1197116 0.1318187 0.1322694 0.1253543 0.0577805 0.0612995 0.0567227 0.0607717 0.0568502 0.1339469 0.1272805 0.1483841 0.1212133 0.1421117 0.1094156 0.1343692 0.1237460 0.0040469 0.1352844 0.1678571 0.1164578 0.0339429 0.1460617 0.1155499 0.1434711 0.1334418 0.1326626 0.1266608 0.1073470 0.1126541 0.1166737 0.0437252 0.0118589 0.0106657 0.0100332 0.0100332 0.0124882 0.0106370 0.0106433 0.0094253 0.1164511 0.1334753 0.1017618 0.0373319 0.1308048 0.1255912 0.1461608 0.1219123 0.1200986 0.1265525 0.1416917 0.1128801 0.1252855 0.1331467 0.1231069 0.1467585 0.1354112 0.0075724 0.1189313 0.1306779 0.3178783 0.1343422 0.1472369 0.2687359 0.1158556 0.1158556 0.3579711 0.1260309 0.1168613 0.2730012 0.2684069 0.3167398 0.1423409 0.1143766 
OQ211403/ISR/cattle/2007/O/ME-SA/PanAsia-2        0.0496925 0.1295523 0.1323471 0.0000000 0.0116922 0.0135155 0.0166050 0.0153909 0.1037433 0.1790050 0.1839681 0.1764662 0.1812200 0.1770869 0.0957204 0.1051114 0.1179079 0.0987995 0.0995987 0.0927756 0.0594784 0.0954255 0.1316294 0.0845414 0.1351655 0.0953742 0.1588859 0.1140289 0.0960131 0.0909023 0.0856163 0.0887776 0.0794116 0.0872063 0.0934573 0.1007135 0.1646092 0.1323295 0.1307505 0.1291390 0.1291390 0.1337566 0.1301451 0.1302728 0.1302728 0.1054131 0.0796736 0.0854529 0.1598630 0.1268022 0.0989963 0.1027135 0.1180179 0.0367065 0.0493299 0.1353738 0.0883893 0.1100908 0.1431134 0.0996139 0.0816526 0.1038505 0.1227666 0.1017552 0.1139234 0.2799541 0.1295224 0.1442052 0.2727209 0.1009362 0.1007849 0.3164413 0.1101701 0.1018447 0.2530978 0.2528161 0.3086320 0.1250250 0.1022322 
OQ211392/ISR/cattle/2007/O/ME-SA/PanAsia-2        0.0439043 0.1160776 0.1187002 0.0116922 0.0000000 0.0017101 0.0093203 0.0081404 0.0926185 0.1636199 0.1685218 0.1612547 0.1657805 0.1618022 0.0840342 0.0929089 0.1087060 0.0869405 0.0853519 0.0830302 0.0519754 0.0884394 0.1180786 0.0745470 0.1298903 0.0839391 0.1486527 0.1033234 0.0878318 0.0806536 0.0738639 0.0768167 0.0663838 0.0759228 0.0835949 0.0905972 0.1586541 0.1186771 0.1171039 0.1156097 0.1156097 0.1200104 0.1165813 0.1166930 0.1166930 0.0971622 0.0714199 0.0742422 0.1517912 0.1119525 0.0934856 0.0882647 0.1075332 0.0286846 0.0414349 0.1199964 0.0771224 0.1052452 0.1272720 0.0861341 0.0708435 0.1008963 0.1115332 0.0934646 0.1108547 0.2751926 0.1143643 0.1314220 0.2578168 0.0926608 0.0925252 0.3112422 0.1015766 0.0935451 0.2356118 0.2352588 0.2962494 0.1177220 0.0938910 
OQ211386/ISR/cattle/2007/O/ME-SA/PanAsia-2        0.0446074 0.1170766 0.1197116 0.0135155 0.0017101 0.0000000 0.0111251 0.0099358 0.0954197 0.1647785 0.1696851 0.1624003 0.1669432 0.1629531 0.0849053 0.0957247 0.1117975 0.0896748 0.0880193 0.0857116 0.0542212 0.0892885 0.1190830 0.0770841 0.1331069 0.0865762 0.1497586 0.1062815 0.0905749 0.0832613 0.0763693 0.0793678 0.0688329 0.0785199 0.0862715 0.0933446 0.1597825 0.1196887 0.1181152 0.1166126 0.1166126 0.1210287 0.1175866 0.1176995 0.1176995 0.0980598 0.0739295 0.0768218 0.1529033 0.1128972 0.0963561 0.0909715 0.1104864 0.0306771 0.0435866 0.1230997 0.0797167 0.1061789 0.1304735 0.0888632 0.0733564 0.1038164 0.1125147 0.0943504 0.1118112 0.2766765 0.1174192 0.1324385 0.2592636 0.0935451 0.0934079 0.3128588 0.1024924 0.0944318 0.2370329 0.2366857 0.2978220 0.1187063 0.0947820 
OQ211377/ISR/cattle/2007/O/ME-SA/PanAsia-2        0.0497428 0.1290199 0.1318187 0.0166050 0.0093203 0.0111251 0.0000000 0.0034417 0.1004018 0.1786031 0.1835860 0.1760581 0.1808263 0.1766795 0.0970826 0.1043890 0.1171556 0.0980843 0.0910194 0.0922024 0.0580562 0.0956785 0.1311021 0.0815519 0.1412091 0.0912428 0.1631790 0.1155751 0.0990109 0.0878685 0.0807791 0.0838642 0.0747369 0.0865029 0.0944998 0.1017917 0.1735336 0.1297392 0.1281538 0.1265576 0.1265576 0.1311548 0.1275617 0.1276869 0.1276869 0.1030498 0.0783418 0.0847505 0.1664176 0.1241534 0.1031656 0.0940261 0.1135347 0.0381342 0.0487445 0.1348725 0.0878155 0.1115854 0.1370331 0.0946088 0.0793102 0.1086923 0.1242228 0.1013491 0.1173868 0.2939648 0.1309882 0.1446697 0.2681743 0.1005269 0.1003756 0.3318757 0.1097918 0.1014386 0.2423844 0.2420575 0.3100387 0.1286854 0.1018260 
OQ211372/ISR/goat/2007/O/ME-SA/PanAsia-2          0.0498551 0.1294551 0.1322694 0.0153909 0.0081404 0.0099358 0.0034417 0.0000000 0.1025170 0.1820039 0.1870242 0.1794076 0.1842500 0.1800487 0.0954195 0.1037217 0.1197261 0.0974176 0.0895507 0.0909546 0.0581926 0.0978142 0.1315470 0.0801131 0.1394045 0.0914952 0.1637947 0.1119203 0.0983450 0.0864129 0.0793560 0.0824262 0.0733159 0.0858370 0.0938371 0.1011335 0.1742030 0.1301805 0.1285894 0.1269839 0.1269839 0.1316041 0.1279926 0.1281187 0.1281187 0.1053313 0.0769071 0.0840841 0.1670495 0.1223672 0.1034782 0.0942915 0.1159002 0.0368196 0.0473607 0.1299108 0.0862225 0.1098720 0.1418235 0.0924337 0.0795203 0.1110821 0.1246338 0.0996944 0.1156429 0.2956924 0.1260627 0.1451681 0.2697143 0.0988733 0.0987248 0.3339649 0.1080965 0.0997823 0.2499093 0.2477313 0.3150750 0.1268934 0.1001613 
OP957418/BGD/cattle/2021/O/ME-SA/PanAsia-2        0.1038681 0.1235710 0.1253543 0.1037433 0.0926185 0.0954197 0.1004018 0.1025170 0.0000000 0.1580581 0.1638961 0.1582453 0.1627144 0.1587942 0.1017197 0.1072574 0.1182295 0.1026847 0.1104149 0.0971301 0.0984114 0.1057696 0.1267949 0.1018489 0.1594822 0.0931112 0.1475380 0.1260762 0.0984458 0.1123378 0.0961917 0.1047487 0.1021593 0.0932402 0.0979501 0.1041752 0.1553141 0.1244469 0.1248927 0.1233404 0.1233404 0.1266459 0.1243264 0.1234259 0.1222385 0.0918125 0.1037782 0.0896997 0.1496558 0.1103693 0.1092195 0.1137915 0.1184523 0.0892784 0.0948422 0.1301291 0.0825398 0.1218093 0.1137856 0.1086800 0.1089825 0.1110181 0.1189218 0.1063375 0.1259395 0.3090502 0.1292475 0.1282101 0.2666952 0.1035012 0.1053352 0.3452926 0.1150554 0.1044305 0.2673595 0.2734288 0.3167535 0.1323544 0.1048373 
ON868620/VNM/pig/2019/O/SEA/Unknown               0.1957637 0.0575403 0.0577805 0.1790050 0.1636199 0.1647785 0.1786031 0.1820039 0.1580581 0.0000000 0.0087647 0.0058052 0.0081925 0.0052217 0.1873159 0.1887591 0.1763995 0.1809936 0.1891569 0.1644256 0.1712995 0.1633035 0.0593026 0.1881125 0.2257552 0.1662914 0.0421403 0.2096941 0.1664720 0.1917729 0.1821446 0.1874624 0.1779208 0.1624465 0.1651524 0.1676394 0.0562656 0.0627363 0.0629058 0.0619241 0.0619241 0.0636411 0.0626880 0.0627362 0.0611152 0.1504090 0.1826639 0.1568503 0.0494958 0.1723465 0.1593185 0.1968600 0.1644378 0.1653700 0.1739726 0.1757613 0.1585898 0.1884205 0.1661932 0.1765490 0.1831991 0.1710414 0.0582753 0.1738961 0.1954875 0.3272857 0.1725301 0.1916812 0.2903888 0.1741853 0.1728944 0.3697923 0.1867753 0.1753740 0.3120779 0.3143428 0.3373159 0.1994739 0.1734384 
ON868618/VNM/pig/2019/O/SEA/Unknown               0.2036611 0.0610432 0.0612995 0.1839681 0.1685218 0.1696851 0.1835860 0.1870242 0.1638961 0.0087647 0.0000000 0.0075505 0.0099528 0.0069658 0.1920755 0.1910502 0.1815959 0.1832799 0.1939025 0.1689732 0.1736340 0.1633706 0.0628350 0.1904175 0.2309915 0.1708410 0.0454577 0.2120286 0.1690722 0.1916695 0.1867965 0.1921346 0.1825835 0.1625181 0.1652087 0.1676813 0.0605460 0.0663169 0.0664976 0.0654963 0.0654963 0.0672364 0.0662656 0.0663168 0.0646790 0.1526776 0.1849708 0.1569536 0.0528922 0.1733539 0.1640181 0.2016432 0.1682335 0.1654262 0.1789746 0.1780730 0.1586843 0.1959112 0.1684708 0.1788320 0.1838892 0.1784076 0.0617834 0.1825041 0.2030985 0.3356021 0.1774911 0.2019401 0.2986122 0.1814993 0.1814993 0.3752044 0.1942446 0.1826965 0.3204376 0.3227493 0.3511037 0.2071369 0.1807148 
ON868616/VNM/pig/2018/O/SEA/Unknown               0.1957469 0.0564957 0.0567227 0.1764662 0.1612547 0.1624003 0.1760581 0.1794076 0.1582453 0.0058052 0.0075505 0.0000000 0.0057953 0.0040371 0.1818840 0.1860716 0.1728440 0.1784193 0.1891780 0.1620578 0.1688250 0.1609772 0.0582378 0.1854181 0.2241435 0.1639235 0.0419786 0.2037149 0.1666150 0.1890378 0.1795391 0.1847898 0.1753536 0.1601235 0.1627946 0.1652517 0.0568422 0.0616341 0.0617991 0.0608299 0.0608299 0.0625283 0.0615871 0.0616340 0.0600289 0.1495434 0.1800435 0.1545898 0.0492996 0.1713143 0.1583329 0.1968366 0.1587636 0.1655408 0.1740782 0.1732306 0.1538138 0.1884457 0.1663364 0.1740386 0.1805386 0.1699737 0.0572244 0.1726591 0.1954721 0.3271393 0.1700328 0.1944400 0.2940237 0.1716651 0.1716651 0.3676667 0.1840897 0.1728405 0.3120056 0.3142595 0.3370809 0.1966041 0.1709376 
ON868613/VNM/pig/2019/O/SEA/Unknown               0.2008762 0.0605169 0.0607717 0.1812200 0.1657805 0.1669432 0.1808263 0.1842500 0.1627144 0.0081925 0.0099528 0.0057953 0.0000000 0.0052128 0.1868367 0.1910220 0.1815108 0.1832085 0.1914553 0.1665651 0.1735080 0.1629016 0.0623103 0.1891311 0.2298678 0.1684365 0.0449118 0.2091483 0.1711971 0.1940571 0.1843792 0.1884747 0.1801496 0.1645584 0.1672781 0.1697756 0.0569630 0.0657970 0.0659767 0.0649748 0.0649748 0.0667175 0.0657459 0.0657969 0.0641559 0.1524489 0.1849082 0.1589420 0.0509040 0.1744795 0.1641422 0.1991975 0.1665604 0.1675432 0.1788778 0.1779722 0.1581974 0.1962764 0.1697195 0.1787366 0.1854935 0.1759428 0.0612588 0.1800740 0.2035225 0.3305768 0.1747326 0.1995353 0.2972059 0.1790655 0.1790655 0.3767400 0.1918139 0.1802650 0.3171590 0.3194244 0.3445783 0.2046990 0.1782903 
ON868611/VNM/pig/2018/O/SEA/Unknown               0.1964971 0.0566151 0.0568502 0.1770869 0.1618022 0.1629531 0.1766795 0.1800487 0.1587942 0.0052217 0.0069658 0.0040371 0.0052128 0.0000000 0.1852954 0.1867663 0.1771689 0.1790688 0.1871316 0.1626225 0.1671103 0.1615152 0.0583623 0.1861132 0.2264835 0.1644772 0.0413244 0.2074822 0.1672024 0.1897513 0.1801988 0.1831153 0.1759948 0.1606737 0.1633585 0.1658277 0.0561606 0.0617684 0.0619343 0.0609620 0.0609620 0.0626654 0.0617212 0.0617684 0.0601588 0.1487381 0.1807081 0.1551141 0.0486311 0.1705211 0.1600782 0.1947741 0.1626489 0.1635354 0.1747160 0.1764975 0.1568227 0.1919256 0.1669172 0.1736255 0.1811980 0.1717898 0.0573457 0.1785866 0.1990629 0.3220248 0.1732688 0.1951811 0.2856441 0.1775807 0.1775807 0.3636756 0.1891818 0.1787756 0.3069811 0.3091897 0.3356183 0.2030815 0.1768150 
ON868547/VNM/cow/2018/O/ME-SA/Unknown             0.1125702 0.1299364 0.1339469 0.0957204 0.0840342 0.0849053 0.0970826 0.0954195 0.1017197 0.1873159 0.1920755 0.1818840 0.1868367 0.1852954 0.0000000 0.1094972 0.1289364 0.1062862 0.1154473 0.0867985 0.0942933 0.1030130 0.1300955 0.1068325 0.1498861 0.0817319 0.1643799 0.0473655 0.1014945 0.1151989 0.1059165 0.1065490 0.1027748 0.1001612 0.1071123 0.1099038 0.1667875 0.1330077 0.1313933 0.1297405 0.1297405 0.1332143 0.1307704 0.1298337 0.1285838 0.0847683 0.1071158 0.0947696 0.1631007 0.1121389 0.1067749 0.1189349 0.1054054 0.0877151 0.0976356 0.1161952 0.0954572 0.0739484 0.1314369 0.0943920 0.1044383 0.1189122 0.1250444 0.0641855 0.0802493 0.2814077 0.1162880 0.1404556 0.2659966 0.0587557 0.0618550 0.3164636 0.0645960 0.0595150 0.2520074 0.2487590 0.3117630 0.0782150 0.0597023 
OP751924/IDN/cattle/2022/O/ME-SA/Unknown          0.1168274 0.1288085 0.1272805 0.1051114 0.0929089 0.0957247 0.1043890 0.1037217 0.1072574 0.1887591 0.1910502 0.1860716 0.1910220 0.1867663 0.1094972 0.0000000 0.1177911 0.0069673 0.1246725 0.1002907 0.0948419 0.0997358 0.1286618 0.1137156 0.1687643 0.0847902 0.1563523 0.1169578 0.0458683 0.1177576 0.1067750 0.1132742 0.1126517 0.0401957 0.0422442 0.0486698 0.1671252 0.1313614 0.1285503 0.1281734 0.1281734 0.1307159 0.1291790 0.1293058 0.1293058 0.1161931 0.1110434 0.0359038 0.1612493 0.1276211 0.1140894 0.1282261 0.1118604 0.0948642 0.0967613 0.1240003 0.0715738 0.1116286 0.1302796 0.1073665 0.1131285 0.1185741 0.1238118 0.1061298 0.1175394 0.3045276 0.1241009 0.1280093 0.3008072 0.1052839 0.1051205 0.3400241 0.1168354 0.1062263 0.2733261 0.2725935 0.3298658 0.1369390 0.1039383 
ON736860/UGA/cow/2015/O/EA-2/Unknown              0.1311677 0.1462383 0.1483841 0.1179079 0.1087060 0.1117975 0.1171556 0.1197261 0.1182295 0.1763995 0.1815959 0.1728440 0.1815108 0.1771689 0.1289364 0.1177911 0.0000000 0.1128671 0.1294063 0.1026151 0.1178241 0.1200172 0.1507090 0.1159861 0.1644049 0.1147250 0.1748686 0.1366068 0.1195213 0.1207546 0.1124222 0.1180936 0.1085660 0.1141745 0.1135676 0.1218473 0.1852754 0.1471486 0.1477468 0.1458835 0.1458835 0.1487717 0.1469919 0.1459940 0.1471481 0.0967337 0.1131250 0.1053370 0.1786481 0.1286364 0.0595154 0.1320514 0.1214859 0.1141813 0.1132679 0.1372729 0.1185069 0.1261239 0.1427087 0.1264828 0.1290521 0.0551428 0.1452872 0.1214971 0.1306906 0.2763428 0.1352234 0.1358608 0.2654500 0.1163354 0.1183512 0.3149708 0.1292300 0.1173580 0.2581160 0.2654661 0.2992278 0.1535425 0.1178624 
OP585403/IDN/cattle/2022/O/ME-SA/Unknown          0.1081053 0.1227305 0.1212133 0.0987995 0.0869405 0.0896748 0.0980843 0.0974176 0.1026847 0.1809936 0.1832799 0.1784193 0.1832085 0.1790688 0.1062862 0.0069673 0.1128671 0.0000000 0.1187858 0.0950725 0.0869605 0.0936615 0.1245541 0.1081264 0.1637784 0.0817326 0.1495054 0.1136374 0.0429370 0.1115709 0.1014071 0.1077224 0.1070989 0.0358369 0.0392138 0.0441155 0.1600076 0.1251970 0.1224366 0.1220875 0.1220875 0.1245466 0.1230703 0.1231890 0.1231890 0.1095539 0.1055070 0.0316622 0.1542735 0.1225645 0.1082784 0.1222319 0.1090067 0.0888341 0.0916145 0.1199923 0.0687602 0.1083881 0.1261898 0.1001354 0.1075422 0.1127288 0.1178911 0.1030050 0.1141970 0.2941699 0.1200888 0.1227998 0.2925464 0.1021666 0.1020097 0.3283977 0.1135514 0.1030978 0.2636719 0.2629212 0.3186365 0.1310250 0.1008490 
OM160625/DZA/sheep/2015/O/ME-SA/Ind-2001d         0.1100391 0.1412698 0.1421117 0.0995987 0.0853519 0.0880193 0.0910194 0.0895507 0.1104149 0.1891569 0.1939025 0.1891780 0.1914553 0.1871316 0.1154473 0.1246725 0.1294063 0.1187858 0.0000000 0.1010402 0.0930885 0.1119209 0.1434614 0.0400496 0.1614358 0.0975595 0.1772432 0.1274165 0.1144542 0.0451519 0.0282644 0.0276834 0.0324428 0.1122303 0.1144318 0.1172706 0.1832917 0.1466683 0.1437479 0.1432994 0.1432994 0.1460425 0.1443570 0.1445038 0.1420994 0.1082235 0.0443879 0.1056724 0.1759296 0.1362700 0.1265838 0.0051790 0.1311738 0.0834743 0.0972226 0.1250308 0.0994575 0.1198695 0.1626538 0.1111004 0.1196298 0.1188915 0.1382915 0.1112116 0.1249043 0.3014220 0.1251288 0.1453165 0.2718485 0.1103692 0.1101978 0.3423286 0.1200485 0.1113125 0.2617741 0.2586302 0.3002057 0.1430486 0.1117531 
OM456137/PAK/cattle/2012/O/ME-SA/PanAsia-2        0.1112361 0.1088354 0.1094156 0.0927756 0.0830302 0.0857116 0.0922024 0.0909546 0.0971301 0.1644256 0.1689732 0.1620578 0.1665651 0.1626225 0.0867985 0.1002907 0.1026151 0.0950725 0.1010402 0.0000000 0.0933100 0.0896169 0.1098028 0.0842996 0.1213147 0.0847516 0.1469795 0.1041788 0.0904132 0.0936082 0.0894056 0.0863191 0.0834295 0.0833739 0.0890722 0.0916794 0.1511196 0.1095662 0.1088145 0.1085202 0.1085202 0.1127630 0.1094637 0.1085935 0.1074786 0.0938368 0.0873377 0.0809962 0.1455418 0.1113013 0.1032611 0.1042842 0.0997842 0.0823394 0.0664596 0.1042304 0.0772578 0.0839411 0.1257596 0.0287099 0.0805791 0.1050702 0.1026067 0.0806865 0.0906745 0.2701511 0.1024793 0.1160392 0.2538450 0.0781442 0.0781442 0.3023064 0.0847482 0.0789805 0.2478566 0.2457362 0.2935157 0.1050097 0.0770431 
OM456134/PAK/cattle/2012/O/ME-SA/PanAsia-2        0.0745164 0.1304093 0.1343692 0.0594784 0.0519754 0.0542212 0.0580562 0.0581926 0.0984114 0.1712995 0.1736340 0.1688250 0.1735080 0.1671103 0.0942933 0.0948419 0.1178241 0.0869605 0.0930885 0.0933100 0.0000000 0.1006794 0.1325036 0.0946369 0.1561344 0.0822548 0.1625436 0.1210446 0.0904007 0.1012054 0.0866261 0.0897156 0.0853388 0.0830070 0.0854294 0.0906170 0.1729117 0.1288583 0.1283183 0.1279406 0.1279406 0.1304925 0.1289503 0.1290774 0.1268082 0.1070003 0.0929974 0.0808732 0.1657869 0.1312092 0.1014303 0.0961349 0.1152440 0.0527424 0.0725165 0.1241221 0.0789402 0.1102439 0.1424468 0.1012015 0.0784071 0.1053074 0.1255771 0.1061426 0.1150229 0.2953239 0.1203509 0.1333380 0.2711868 0.1033362 0.1051510 0.3336695 0.1127065 0.1042558 0.2582658 0.2614063 0.3176775 0.1351905 0.1046574 
OK019689/IRN/cow/2016/O/ME-SA/PanAsia-2           0.1094268 0.1232687 0.1237460 0.0954255 0.0884394 0.0892885 0.0956785 0.0978142 0.1057696 0.1633035 0.1633706 0.1609772 0.1629016 0.1615152 0.1030130 0.0997358 0.1200172 0.0936615 0.1119209 0.0896169 0.1006794 0.0000000 0.1260018 0.1054519 0.1435052 0.0888286 0.1533927 0.1155619 0.0865972 0.1122059 0.1038500 0.1070519 0.1062943 0.0768030 0.0834373 0.0876208 0.1599361 0.1239288 0.1223773 0.1208602 0.1208602 0.1252783 0.1198602 0.1219466 0.1197780 0.0982817 0.0994260 0.0748561 0.1542755 0.1247191 0.1131984 0.1141455 0.1140139 0.0877160 0.0925369 0.1160700 0.0843856 0.1097372 0.1376633 0.1014709 0.1089868 0.1140685 0.1146215 0.1005311 0.1154531 0.2909376 0.1142613 0.1183613 0.2553872 0.0977960 0.0995672 0.3266501 0.1050618 0.0986930 0.2434689 0.2459585 0.3142537 0.1264294 0.0990635 
MN389541/CHN/pig/2010/O/SEA/Unknown               0.1511371 0.0034544 0.0040469 0.1316294 0.1180786 0.1190830 0.1311021 0.1315470 0.1267949 0.0593026 0.0628350 0.0582378 0.0623103 0.0583623 0.1300955 0.1286618 0.1507090 0.1245541 0.1434614 0.1098028 0.1325036 0.1260018 0.0000000 0.1375831 0.1692418 0.1157081 0.0352985 0.1440177 0.1188068 0.1457719 0.1345958 0.1349512 0.1289559 0.1104712 0.1139125 0.1199178 0.0451398 0.0124746 0.0112788 0.0106426 0.0106426 0.0131068 0.0112483 0.0112550 0.0100325 0.1173496 0.1357792 0.1048241 0.0387059 0.1328293 0.1265626 0.1475069 0.1220105 0.1194655 0.1297489 0.1439662 0.1170305 0.1236717 0.1334240 0.1234356 0.1447274 0.1364040 0.0081693 0.1174380 0.1289560 0.3204280 0.1366234 0.1484277 0.2709874 0.1144139 0.1144139 0.3609059 0.1244075 0.1154030 0.2752876 0.2706787 0.3193463 0.1404001 0.1129651 
MN095366/IND/cattle/2014/O/ME-SA/Ind-2001d        0.1027140 0.1345016 0.1352844 0.0845414 0.0745470 0.0770841 0.0815519 0.0801131 0.1018489 0.1881125 0.1904175 0.1854181 0.1891311 0.1861132 0.1068325 0.1137156 0.1159861 0.1081264 0.0400496 0.0842996 0.0946369 0.1054519 0.1375831 0.0000000 0.1530624 0.0958608 0.1691330 0.1198977 0.1038308 0.0173147 0.0287840 0.0294826 0.0222990 0.0953467 0.0981588 0.1046369 0.1773374 0.1397159 0.1381231 0.1364335 0.1364335 0.1390812 0.1374662 0.1352679 0.1352679 0.0944833 0.0204409 0.0916756 0.1701327 0.1196222 0.1137683 0.0436866 0.1219831 0.0779188 0.0857422 0.1218145 0.0933597 0.1143445 0.1480216 0.0953703 0.1167097 0.1064074 0.1295886 0.1077180 0.1202682 0.3123983 0.1199830 0.1330224 0.2771031 0.1068782 0.1067128 0.3507559 0.1145589 0.1078153 0.2660152 0.2657859 0.3194301 0.1349809 0.1071573 
NC_039210/GBR/Unknown/1965/O/EURO-SA/Unknown      0.1544502 0.1719738 0.1678571 0.1351655 0.1298903 0.1331069 0.1412091 0.1394045 0.1594822 0.2257552 0.2309915 0.2241435 0.2298678 0.2264835 0.1498861 0.1687643 0.1644049 0.1637784 0.1614358 0.1213147 0.1561344 0.1435052 0.1692418 0.1530624 0.0000000 0.1343269 0.2027789 0.1627628 0.1484312 0.1602444 0.1485202 0.1504392 0.1469897 0.1536514 0.1553647 0.1586249 0.2110632 0.1745156 0.1737911 0.1731977 0.1731977 0.1773435 0.1743317 0.1733275 0.1745149 0.1476258 0.1425858 0.1448944 0.2054133 0.1583765 0.1498338 0.1665734 0.1552705 0.1327619 0.1346405 0.1405902 0.1409565 0.1442479 0.1791977 0.1209367 0.1483508 0.1559216 0.1685707 0.1378647 0.1533029 0.2933158 0.1367617 0.1761395 0.2822611 0.1346756 0.1367220 0.3333850 0.1456026 0.1357156 0.2840465 0.2900478 0.3358210 0.1567712 0.1363100 
MK071699/BGD/cattle/2013/O/ME-SA/Unknown          0.1049949 0.1130266 0.1164578 0.0953742 0.0839391 0.0865762 0.0912428 0.0914952 0.0931112 0.1662914 0.1708410 0.1639235 0.1684365 0.1644772 0.0817319 0.0847902 0.1147250 0.0817326 0.0975595 0.0847516 0.0822548 0.0888286 0.1157081 0.0958608 0.1343269 0.0000000 0.1454111 0.0910035 0.0803409 0.1015678 0.0879940 0.0865919 0.0884787 0.0750230 0.0789489 0.0830123 0.1563844 0.1123945 0.1097131 0.1094154 0.1094154 0.1136720 0.1103611 0.1104645 0.1083706 0.0878239 0.0906574 0.0698906 0.1507421 0.1034618 0.0985887 0.1005206 0.0980189 0.0823134 0.0889076 0.1146077 0.0505005 0.0864658 0.1279669 0.0887014 0.0940468 0.0931980 0.1084058 0.0838396 0.0915755 0.2878568 0.1127824 0.1206771 0.2701266 0.0794606 0.0829341 0.3194783 0.0861519 0.0803064 0.2653924 0.2651641 0.3087388 0.1076167 0.0805895 
MH845413/VNM/pig/2014/O/SEA/Unknown               0.1771228 0.0338143 0.0339429 0.1588859 0.1486527 0.1497586 0.1631790 0.1637947 0.1475380 0.0421403 0.0454577 0.0419786 0.0449118 0.0413244 0.1643799 0.1563523 0.1748686 0.1495054 0.1772432 0.1469795 0.1625436 0.1533927 0.0352985 0.1691330 0.2027789 0.1454111 0.0000000 0.1745348 0.1462708 0.1752471 0.1678289 0.1683284 0.1617981 0.1371516 0.1430824 0.1430411 0.0295301 0.0382376 0.0369457 0.0361497 0.0361497 0.0390000 0.0368323 0.0368575 0.0354448 0.1482958 0.1649450 0.1330826 0.0229615 0.1542181 0.1555859 0.1804040 0.1488420 0.1524661 0.1583565 0.1639069 0.1392247 0.1613870 0.1586983 0.1575641 0.1686087 0.1625081 0.0344776 0.1540042 0.1676995 0.3259789 0.1605094 0.1857140 0.2817226 0.1530452 0.1530452 0.3628890 0.1634547 0.1541620 0.2932845 0.2923222 0.3376869 0.1781781 0.1512330 
MF947127/VNM/buffalo/2012/O/ME-SA/Unknown         0.1252338 0.1439563 0.1460617 0.1140289 0.1033234 0.1062815 0.1155751 0.1119203 0.1260762 0.2096941 0.2120286 0.2037149 0.2091483 0.2074822 0.0473655 0.1169578 0.1366068 0.1136374 0.1274165 0.1041788 0.1210446 0.1155619 0.1440177 0.1198977 0.1627628 0.0910035 0.1745348 0.0000000 0.1103172 0.1233217 0.1168818 0.1185077 0.1176988 0.1048996 0.1110066 0.1107376 0.1857541 0.1473218 0.1456735 0.1438549 0.1438549 0.1489225 0.1449430 0.1439622 0.1426200 0.1016114 0.1204204 0.1002294 0.1807136 0.1124634 0.1305804 0.1318927 0.1215178 0.1073446 0.1162812 0.1420486 0.1038422 0.0836907 0.1553657 0.1122202 0.1183497 0.1267633 0.1386986 0.0701124 0.0903276 0.3163016 0.1400383 0.1443513 0.2866589 0.0661566 0.0677145 0.3527650 0.0738658 0.0669426 0.2681231 0.2709397 0.3469120 0.0901370 0.0671611 
MH891503/VNM/cow/2017/O/ME-SA/Unknown             0.1111001 0.1170589 0.1155499 0.0960131 0.0878318 0.0905749 0.0990109 0.0983450 0.0984458 0.1664720 0.1690722 0.1666150 0.1711971 0.1672024 0.1014945 0.0458683 0.1195213 0.0429370 0.1144542 0.0904132 0.0904007 0.0865972 0.1188068 0.1038308 0.1484312 0.0803409 0.1462708 0.1103172 0.0000000 0.1077126 0.0938570 0.0998092 0.1010008 0.0211433 0.0210483 0.0255256 0.1575253 0.1185911 0.1158746 0.1155519 0.1155519 0.1160350 0.1165144 0.1166259 0.1144833 0.0977813 0.1012500 0.0166625 0.1518682 0.1150433 0.1021035 0.1178304 0.1105471 0.0860223 0.0876881 0.1224321 0.0596941 0.1061304 0.1297729 0.0971626 0.1029295 0.1056483 0.1085463 0.1008814 0.1118078 0.2872119 0.1205455 0.1117720 0.2783247 0.1000567 0.0999057 0.3195836 0.1093417 0.1009707 0.2533506 0.2525794 0.3125875 0.1284768 0.0987711 
MG983734/LKA/water-buffalo/2014/O/ME-SA/Ind-2001d 0.1106925 0.1450030 0.1434711 0.0909023 0.0806536 0.0832613 0.0878685 0.0864129 0.1123378 0.1917729 0.1916695 0.1890378 0.1940571 0.1897513 0.1151989 0.1177576 0.1207546 0.1115709 0.0451519 0.0936082 0.1012054 0.1122059 0.1457719 0.0173147 0.1602444 0.1015678 0.1752471 0.1233217 0.1077126 0.0000000 0.0322068 0.0356468 0.0268890 0.1023308 0.1053870 0.1100083 0.1835514 0.1434602 0.1464251 0.1446581 0.1446581 0.1474006 0.1457131 0.1434598 0.1434598 0.0993891 0.0249690 0.0987025 0.1762554 0.1333910 0.1223734 0.0488963 0.1307570 0.0841184 0.0904156 0.1231831 0.0972877 0.1209682 0.1519226 0.1032915 0.1273599 0.1147029 0.1375509 0.1141320 0.1270375 0.3253061 0.1213418 0.1424055 0.2923303 0.1132851 0.1131084 0.3607772 0.1211403 0.1142361 0.2752961 0.2751056 0.3357195 0.1397282 0.1146922 
MG983726/SAU/cattle/2014/O/ME-SA/Ind-2001d        0.0964474 0.1315592 0.1334418 0.0856163 0.0738639 0.0763693 0.0807791 0.0793560 0.0961917 0.1821446 0.1867965 0.1795391 0.1843792 0.1801988 0.1059165 0.1067750 0.1124222 0.1014071 0.0282644 0.0894056 0.0866261 0.1038500 0.1345958 0.0287840 0.1485202 0.0879940 0.1678289 0.1168818 0.0938570 0.0322068 0.0000000 0.0172079 0.0254976 0.0928043 0.0939999 0.1001999 0.1785437 0.1366727 0.1338405 0.1334418 0.1334418 0.1360373 0.1344593 0.1345921 0.1322958 0.0959371 0.0355482 0.0875225 0.1713840 0.1178616 0.1131551 0.0316573 0.1162273 0.0755886 0.0865901 0.1188192 0.0879409 0.1161051 0.1444412 0.0951581 0.1114459 0.1069554 0.1267352 0.1086303 0.1181356 0.2867364 0.1170179 0.1269045 0.2688601 0.1077973 0.1076323 0.3257804 0.1154291 0.1087277 0.2468030 0.2464974 0.2964293 0.1366369 0.1091527 
MG983725/SAU/cattle/2014/O/ME-SA/Ind-2001d        0.0989000 0.1319033 0.1326626 0.0887776 0.0768167 0.0793678 0.0838642 0.0824262 0.1047487 0.1874624 0.1921346 0.1847898 0.1884747 0.1831153 0.1065490 0.1132742 0.1180936 0.1077224 0.0276834 0.0863191 0.0897156 0.1070519 0.1349512 0.0294826 0.1504392 0.0865919 0.1683284 0.1185077 0.0998092 0.0356468 0.0172079 0.0000000 0.0242898 0.0977057 0.1035228 0.1062426 0.1790897 0.1370389 0.1341967 0.1337954 0.1337954 0.1364023 0.1348167 0.1349504 0.1326448 0.1007141 0.0363206 0.0932592 0.1718988 0.1242332 0.1168879 0.0310755 0.1138397 0.0768472 0.0879918 0.1147207 0.0884410 0.1149098 0.1528991 0.0975068 0.1093983 0.1075267 0.1290832 0.1074335 0.1227753 0.2949667 0.1148096 0.1368173 0.2684050 0.1065971 0.1064335 0.3327038 0.1161342 0.1075298 0.2519640 0.2516806 0.2971660 0.1332203 0.1079508 
MG983709/NPL/cattle/2012/O/ME-SA/Ind-2001d        0.0978543 0.1259446 0.1266608 0.0794116 0.0663838 0.0688329 0.0747369 0.0733159 0.1021593 0.1779208 0.1825835 0.1753536 0.1801496 0.1759948 0.1027748 0.1126517 0.1085660 0.1070989 0.0324428 0.0834295 0.0853388 0.1062943 0.1289559 0.0222990 0.1469897 0.0884787 0.1617981 0.1176988 0.1010008 0.0268890 0.0254976 0.0242898 0.0000000 0.0943964 0.0991340 0.1038001 0.1724397 0.1309705 0.1281486 0.1277717 0.1277717 0.1303214 0.1287808 0.1289077 0.1266401 0.0951785 0.0248976 0.0908768 0.1653270 0.1255793 0.1067253 0.0359330 0.1116956 0.0745165 0.0820290 0.1138351 0.0912852 0.1068429 0.1485335 0.0926858 0.1057902 0.0977834 0.1231944 0.1035315 0.1125323 0.2921089 0.1122180 0.1285903 0.2682397 0.1027026 0.1025466 0.3268555 0.1120841 0.1036229 0.2455339 0.2452214 0.3022875 0.1301459 0.1040234 
MG983702/MUS/cattle/2016/O/ME-SA/Unknown          0.1034558 0.1088370 0.1073470 0.0872063 0.0759228 0.0785199 0.0865029 0.0858370 0.0932402 0.1624465 0.1625181 0.1601235 0.1645584 0.1606737 0.1001612 0.0401957 0.1141745 0.0358369 0.1122303 0.0833739 0.0830070 0.0768030 0.1104712 0.0953467 0.1536514 0.0750230 0.1371516 0.1048996 0.0211433 0.1023308 0.0928043 0.0977057 0.0943964 0.0000000 0.0172709 0.0216665 0.1459368 0.1102750 0.1076314 0.1073443 0.1073443 0.1096148 0.1082754 0.1083753 0.1063174 0.0933563 0.0910827 0.0081451 0.1404845 0.1083035 0.1056195 0.1155414 0.1066671 0.0774960 0.0757921 0.1100601 0.0563783 0.1057000 0.1236065 0.0898683 0.0952617 0.1026390 0.1025000 0.0985426 0.1113475 0.2817835 0.1082490 0.1099416 0.2729926 0.0977253 0.0975794 0.3117854 0.1068838 0.0986290 0.2523642 0.2515879 0.3155603 0.1257232 0.0964628 
MF461724/CHN/cattle/2017/O/ME-SA/Unknown          0.1101178 0.1141507 0.1126541 0.0934573 0.0835949 0.0862715 0.0944998 0.0938371 0.0979501 0.1651524 0.1652087 0.1627946 0.1672781 0.1633585 0.1071123 0.0422442 0.1135676 0.0392138 0.1144318 0.0890722 0.0854294 0.0834373 0.1139125 0.0981588 0.1553647 0.0789489 0.1430824 0.1110066 0.0210483 0.1053870 0.0939999 0.1035228 0.0991340 0.0172709 0.0000000 0.0110960 0.1498943 0.1156426 0.1129624 0.1126543 0.1126543 0.1149866 0.1136020 0.1137083 0.1116045 0.0980508 0.0975724 0.0099032 0.1443707 0.1141148 0.1069198 0.1177786 0.1081240 0.0852018 0.0827319 0.1175496 0.0585481 0.1098412 0.1268286 0.0975376 0.1003489 0.1039067 0.1057894 0.1053357 0.1136920 0.2802212 0.1156970 0.1126463 0.2658665 0.1045042 0.1043458 0.3119304 0.1120601 0.1054292 0.2467298 0.2459442 0.3153532 0.1311848 0.1031874 
LC320038/MNG/cow/2015/O/ME-SA/Unknown             0.1178308 0.1181714 0.1166737 0.1007135 0.0905972 0.0933446 0.1017917 0.1011335 0.1041752 0.1676394 0.1676813 0.1652517 0.1697756 0.1658277 0.1099038 0.0486698 0.1218473 0.0441155 0.1172706 0.0916794 0.0906170 0.0876208 0.1199178 0.1046369 0.1586249 0.0830123 0.1430411 0.1107376 0.0255256 0.1100083 0.1001999 0.1062426 0.1038001 0.0216665 0.0110960 0.0000000 0.1519841 0.1197015 0.1170000 0.1166764 0.1166764 0.1190507 0.1176344 0.1177454 0.1156116 0.1044427 0.1040581 0.0141267 0.1464370 0.1168941 0.1127675 0.1206526 0.1127224 0.0905048 0.0880530 0.1194023 0.0654338 0.1164410 0.1333216 0.1020315 0.1060402 0.1117345 0.1078033 0.1099051 0.1204177 0.2815230 0.1155993 0.1236543 0.2655757 0.1090684 0.1088998 0.3115892 0.1165731 0.1100043 0.2520077 0.2512366 0.3114170 0.1385282 0.1077174 
KX534089/KOR/pig/2016/O/SEA/Unknown               0.1875091 0.0435538 0.0437252 0.1646092 0.1586541 0.1597825 0.1735336 0.1742030 0.1553141 0.0562656 0.0605460 0.0568422 0.0569630 0.0561606 0.1667875 0.1671252 0.1852754 0.1600076 0.1832917 0.1511196 0.1729117 0.1599361 0.0451398 0.1773374 0.2110632 0.1563844 0.0295301 0.1857541 0.1575253 0.1835514 0.1785437 0.1790897 0.1724397 0.1459368 0.1498943 0.1519841 0.0000000 0.0497048 0.0483803 0.0475106 0.0475106 0.0505263 0.0482244 0.0467651 0.0467651 0.1558350 0.1704956 0.1417810 0.0075718 0.1607636 0.1576835 0.1837957 0.1510833 0.1578416 0.1641349 0.1707619 0.1524908 0.1637698 0.1729645 0.1640093 0.1804297 0.1694839 0.0442423 0.1563238 0.1701391 0.3142866 0.1650762 0.1895050 0.2789781 0.1553617 0.1553617 0.3498799 0.1670818 0.1564843 0.3005922 0.2960709 0.3364169 0.1798091 0.1535294 
LC149718/JPN/cow/2010/O/SEA/Unknown               0.1522736 0.0112179 0.0118589 0.1323295 0.1186771 0.1196887 0.1297392 0.1301805 0.1244469 0.0627363 0.0663169 0.0616341 0.0657970 0.0617684 0.1330077 0.1313614 0.1471486 0.1251970 0.1466683 0.1095662 0.1288583 0.1239288 0.0124746 0.1397159 0.1745156 0.1123945 0.0382376 0.1473218 0.1185911 0.1434602 0.1366727 0.1370389 0.1309705 0.1102750 0.1156426 0.1197015 0.0497048 0.0000000 0.0022927 0.0017130 0.0017130 0.0040262 0.0022868 0.0022881 0.0022881 0.1174663 0.1357854 0.1046392 0.0431085 0.1299057 0.1233186 0.1507911 0.1231000 0.1202763 0.1308891 0.1419245 0.1126208 0.1284715 0.1386564 0.1252980 0.1433767 0.1330952 0.0087695 0.1220268 0.1339451 0.3147329 0.1345554 0.1475972 0.2665916 0.1189210 0.1189210 0.3471385 0.1315122 0.1199360 0.2698334 0.2652220 0.3210457 0.1457404 0.1174153 
LC149704/JPN/cow/2010/O/SEA/Unknown               0.1506773 0.0100303 0.0106657 0.1307505 0.1171039 0.1181152 0.1281538 0.1285894 0.1248927 0.0629058 0.0664976 0.0617991 0.0659767 0.0619343 0.1313933 0.1285503 0.1477468 0.1224366 0.1437479 0.1088145 0.1283183 0.1223773 0.0112788 0.1381231 0.1737911 0.1097131 0.0369457 0.1456735 0.1158746 0.1464251 0.1338405 0.1341967 0.1281486 0.1076314 0.1129624 0.1170000 0.0483803 0.0022927 0.0000000 0.0005702 0.0005702 0.0028738 0.0011418 0.0011424 0.0011424 0.1159235 0.1341884 0.1020234 0.0418044 0.1303719 0.1216947 0.1478405 0.1223493 0.1175135 0.1292898 0.1411786 0.1099328 0.1268752 0.1371045 0.1225375 0.1404475 0.1314806 0.0075950 0.1204475 0.1323337 0.3180755 0.1338030 0.1468511 0.2716001 0.1173435 0.1173435 0.3508798 0.1299169 0.1183581 0.2748502 0.2702180 0.3229007 0.1441214 0.1158451 
LC149700/JPN/cow/2010/O/SEA/Unknown               0.1488689 0.0094030 0.0100332 0.1291390 0.1156097 0.1166126 0.1265576 0.1269839 0.1233404 0.0619241 0.0654963 0.0608299 0.0649748 0.0609620 0.1297405 0.1281734 0.1458835 0.1220875 0.1432994 0.1085202 0.1279406 0.1208602 0.0106426 0.1364335 0.1731977 0.1094154 0.0361497 0.1438549 0.1155519 0.1446581 0.1334418 0.1337954 0.1277717 0.1073443 0.1126543 0.1166764 0.0475106 0.0017130 0.0005702 0.0000000 0.0000010 0.0022903 0.0005687 0.0005690 0.0005690 0.1144672 0.1325291 0.1017564 0.0409788 0.1287951 0.1201150 0.1473715 0.1220015 0.1171807 0.1276702 0.1407489 0.1096337 0.1252790 0.1354666 0.1221881 0.1400103 0.1298267 0.0069835 0.1189207 0.1306756 0.3165736 0.1334044 0.1463933 0.2683565 0.1158433 0.1158433 0.3491149 0.1282959 0.1168495 0.2715957 0.2669848 0.3191312 0.1423493 0.1143635 
LC149686/JPN/cow/2010/O/SEA/Unknown               0.1488689 0.0094030 0.0100332 0.1291390 0.1156097 0.1166126 0.1265576 0.1269839 0.1233404 0.0619241 0.0654963 0.0608299 0.0649748 0.0609620 0.1297405 0.1281734 0.1458835 0.1220875 0.1432994 0.1085202 0.1279406 0.1208602 0.0106426 0.1364335 0.1731977 0.1094154 0.0361497 0.1438549 0.1155519 0.1446581 0.1334418 0.1337954 0.1277717 0.1073443 0.1126543 0.1166764 0.0475106 0.0017130 0.0005702 0.0000010 0.0000000 0.0022903 0.0005687 0.0005690 0.0005690 0.1144672 0.1325291 0.1017564 0.0409788 0.1287951 0.1201150 0.1473715 0.1220015 0.1171807 0.1276702 0.1407489 0.1096337 0.1252790 0.1354666 0.1221881 0.1400103 0.1298267 0.0069835 0.1189207 0.1306756 0.3165736 0.1334044 0.1463933 0.2683565 0.1158433 0.1158433 0.3491149 0.1282959 0.1168495 0.2715957 0.2669848 0.3191312 0.1423493 0.1143635 
LC149685/JPN/cow/2010/O/SEA/Unknown               0.1538609 0.0118426 0.0124882 0.1337566 0.1200104 0.1210287 0.1311548 0.1316041 0.1266459 0.0636411 0.0672364 0.0625283 0.0667175 0.0626654 0.1332143 0.1307159 0.1487717 0.1245466 0.1460425 0.1127630 0.1304925 0.1252783 0.0131068 0.1390812 0.1773435 0.1136720 0.0390000 0.1489225 0.1160350 0.1474006 0.1360373 0.1364023 0.1303214 0.1096148 0.1149866 0.1190507 0.0505263 0.0040262 0.0028738 0.0022903 0.0022903 0.0000000 0.0028664 0.0028681 0.0028681 0.1176275 0.1351418 0.1039724 0.0438943 0.1292714 0.1206029 0.1479717 0.1252826 0.1216264 0.1323248 0.1455474 0.1129954 0.1298883 0.1368117 0.1266686 0.1427392 0.1324395 0.0093809 0.1233866 0.1354129 0.3168454 0.1380952 0.1503188 0.2686034 0.1202596 0.1202596 0.3494147 0.1329487 0.1212813 0.2688578 0.2672309 0.3194137 0.1473007 0.1187384 
LC149674/JPN/cow/2010/O/SEA/Unknown               0.1499361 0.0100034 0.0106370 0.1301451 0.1165813 0.1175866 0.1275617 0.1279926 0.1243264 0.0626880 0.0662656 0.0615871 0.0657459 0.0617212 0.1307704 0.1291790 0.1469919 0.1230703 0.1443570 0.1094637 0.1289503 0.1198602 0.0112483 0.1374662 0.1743317 0.1103611 0.0368323 0.1449430 0.1165144 0.1457131 0.1344593 0.1348167 0.1287808 0.1082754 0.1136020 0.1176344 0.0482244 0.0022868 0.0011418 0.0005687 0.0005687 0.0028664 0.0000000 0.0011395 0.0011395 0.1154177 0.1335548 0.1026741 0.0416736 0.1277778 0.1211280 0.1484438 0.1229815 0.1181607 0.1286857 0.1417828 0.1105819 0.1262869 0.1364706 0.1231710 0.1410682 0.1308571 0.0075750 0.1199035 0.1317060 0.3180769 0.1344222 0.1474478 0.2698160 0.1168181 0.1168181 0.3507194 0.1293104 0.1178267 0.2730509 0.2684432 0.3206893 0.1434142 0.1153306 
LC149665/JPN/cow/2010/O/SEA/Unknown               0.1500890 0.0100093 0.0106433 0.1302728 0.1166930 0.1176995 0.1276869 0.1281187 0.1234259 0.0627362 0.0663168 0.0616340 0.0657969 0.0617684 0.1298337 0.1293058 0.1459940 0.1231890 0.1445038 0.1085935 0.1290774 0.1219466 0.0112550 0.1352679 0.1733275 0.1104645 0.0368575 0.1439622 0.1166259 0.1434598 0.1345921 0.1349504 0.1289077 0.1083753 0.1137083 0.1177454 0.0467651 0.0022881 0.0011424 0.0005690 0.0005690 0.0028681 0.0011395 0.0000000 0.0011401 0.1145446 0.1313747 0.1027678 0.0402578 0.1288838 0.1202009 0.1485961 0.1220857 0.1160911 0.1288133 0.1408319 0.1106856 0.1253676 0.1355608 0.1222726 0.1401124 0.1299200 0.0075794 0.1190034 0.1307694 0.3168338 0.1334822 0.1464988 0.2685855 0.1159235 0.1159235 0.3494073 0.1283869 0.1169305 0.2718260 0.2672129 0.3194022 0.1424534 0.1144422 
LC149617/JPN/cow/2010/O/SEA/Unknown               0.1476530 0.0087989 0.0094253 0.1302728 0.1166930 0.1176995 0.1276869 0.1281187 0.1222385 0.0611152 0.0646790 0.0600289 0.0641559 0.0601588 0.1285838 0.1293058 0.1471481 0.1231890 0.1420994 0.1074786 0.1268082 0.1197780 0.0100325 0.1352679 0.1745149 0.1083706 0.0354448 0.1426200 0.1144833 0.1434598 0.1322958 0.1326448 0.1266401 0.1063174 0.1116045 0.1156116 0.0467651 0.0022881 0.0011424 0.0005690 0.0005690 0.0028681 0.0011395 0.0011401 0.0000000 0.1134127 0.1313747 0.1007492 0.0402578 0.1276879 0.1212486 0.1461514 0.1209075 0.1160911 0.1265316 0.1395780 0.1085860 0.1241510 0.1343339 0.1210906 0.1388130 0.1309885 0.0063897 0.1178265 0.1295176 0.3184169 0.1322580 0.1451941 0.2701252 0.1147607 0.1147607 0.3510934 0.1271579 0.1157633 0.2733613 0.2687514 0.3210428 0.1411420 0.1132907 
KY446903/PAK/water-buffalo/2005/O/ME-SA/Unknown   0.1198831 0.1158636 0.1164511 0.1054131 0.0971622 0.0980598 0.1030498 0.1053313 0.0918125 0.1504090 0.1526776 0.1495434 0.1524489 0.1487381 0.0847683 0.1161931 0.0967337 0.1095539 0.1082235 0.0938368 0.1070003 0.0982817 0.1173496 0.0944833 0.1476258 0.0878239 0.1482958 0.1016114 0.0977813 0.0993891 0.0959371 0.1007141 0.0951785 0.0933563 0.0980508 0.1044427 0.1558350 0.1174663 0.1159235 0.1144672 0.1144672 0.1176275 0.1154177 0.1145446 0.1134127 0.0000000 0.0965584 0.0916493 0.1503017 0.1066450 0.0936288 0.1115324 0.0961219 0.0911893 0.1030069 0.1285222 0.0961837 0.0988534 0.1158573 0.0986898 0.1035079 0.0936622 0.1103164 0.0920159 0.1043140 0.2744382 0.1246989 0.1177046 0.2362615 0.0894732 0.0893429 0.3099612 0.0947405 0.0903525 0.2373489 0.2415721 0.2779961 0.1142465 0.0906845 
KY657269/VNM/pig/2015/O/ME-SA/Ind-2001d           0.0983623 0.1350122 0.1334753 0.0796736 0.0714199 0.0739295 0.0783418 0.0769071 0.1037782 0.1826639 0.1849708 0.1800435 0.1849082 0.1807081 0.1071158 0.1110434 0.1131250 0.1055070 0.0443879 0.0873377 0.0929974 0.0994260 0.1357792 0.0204409 0.1425858 0.0906574 0.1649450 0.1204204 0.1012500 0.0249690 0.0355482 0.0363206 0.0248976 0.0910827 0.0975724 0.1040581 0.1704956 0.1357854 0.1341884 0.1325291 0.1325291 0.1351418 0.1335548 0.1313747 0.1313747 0.0965584 0.0000000 0.0893310 0.1633812 0.1182029 0.1129404 0.0481138 0.1193495 0.0732444 0.0779566 0.1154603 0.0952955 0.1163868 0.1501927 0.0948574 0.1123948 0.1035552 0.1278144 0.1096868 0.1223640 0.3044819 0.1136490 0.1327439 0.2786083 0.1088437 0.1086750 0.3422558 0.1165886 0.1097863 0.2617736 0.2649209 0.3207164 0.1394962 0.1102205 
