80
KC440883/EGY/Unknown/2011/O/ME-SA/PanAsia-2       0.0000000 0.1189088 0.1152463 0.0361702 0.0373360 0.0367581 0.0409080 0.0391100 0.0953788 0.1673325 0.1627695 0.1603534 0.1597875 0.1637122 0.1137762 0.1364253 0.1304227 0.1371541 0.1111705 0.1286363 0.0642504 0.1229344 0.1190049 0.1032021 0.1374642 0.1001966 0.1432409 0.1180159 0.1404079 0.1026334 0.1030378 0.1003210 0.0931768 0.1371384 0.1411768 0.1412349 0.1604762 0.1223897 0.1257524 0.1222513 0.1239901 0.1222835 0.1222674 0.1214006 0.1222674 0.1231360 0.1013133 0.1026472 0.1353541 0.1514419 0.1105817 0.1250825 0.1165693 0.1384732 0.0426292 0.1242867 0.1150629 0.1375488 0.1186260 0.1383662 0.1284013 0.0558550 0.1328773 0.1203898 0.1057940 0.1175936 0.2165106 0.1199447 0.1627084 0.2354171 0.1083884 0.1057940 0.2229293 0.1095050 0.1066791 0.2382468 0.2344200 0.2079362 0.1292303 0.1074806 
HM229661/HKG/pig/2010/O/SEA/Unknown               0.1189088 0.0000000 0.0078583 0.1088454 0.1083817 0.1075613 0.1134215 0.1107812 0.1153257 0.0563335 0.0509319 0.0533957 0.0521582 0.0528120 0.1185679 0.1529885 0.1244556 0.1509756 0.1143640 0.1301965 0.1204546 0.1178242 0.0038729 0.1149037 0.1372080 0.1218999 0.0372851 0.1262778 0.1437242 0.1132873 0.1082677 0.1088701 0.1046335 0.1438839 0.1515348 0.1536893 0.0497649 0.0093715 0.0103805 0.0083581 0.0093660 0.0093671 0.0083590 0.0078569 0.0083590 0.0088624 0.0975333 0.1126401 0.1406921 0.0405200 0.1195389 0.1249638 0.1210369 0.1186491 0.1024045 0.1324515 0.1061368 0.1400949 0.1430978 0.0923053 0.1270228 0.1129674 0.1276085 0.0088925 0.1319924 0.1440268 0.2229315 0.1118910 0.1409696 0.2537370 0.1329053 0.1337799 0.2271099 0.1315094 0.1330132 0.2489528 0.2409813 0.2061573 0.1507622 0.1339177 
JQ900581/CHN/pig/2010/O/SEA/Unknown               0.1152463 0.0078583 0.0000000 0.1104073 0.1116207 0.1107883 0.1150368 0.1123669 0.1204147 0.0631630 0.0575458 0.0600812 0.0588068 0.0607703 0.1237830 0.1528589 0.1280395 0.1508352 0.1205417 0.1329608 0.1204224 0.1204070 0.0088666 0.1176330 0.1354803 0.1216102 0.0422149 0.1280314 0.1458337 0.1159717 0.1125230 0.1131337 0.1071790 0.1440209 0.1517338 0.1559466 0.0563512 0.0156028 0.0166454 0.0145485 0.0155933 0.0155950 0.0145501 0.0140297 0.0145501 0.0150719 0.1029671 0.1170245 0.1427646 0.0480163 0.1232988 0.1246914 0.1274043 0.1202427 0.1022610 0.1355080 0.1129803 0.1427540 0.1450509 0.0973106 0.1299999 0.1128874 0.1291135 0.0140802 0.1338147 0.1459898 0.2246568 0.1189460 0.1442659 0.2576336 0.1347374 0.1356211 0.2288996 0.1351166 0.1348478 0.2512316 0.2431643 0.2059075 0.1551225 0.1357619 
OQ211403/ISR/cattle/2007/O/ME-SA/PanAsia-2        0.0361702 0.1088454 0.1104073 0.0000000 0.0078758 0.0073746 0.0119496 0.0093929 0.0935074 0.1547100 0.1465607 0.1501371 0.1473912 0.1512278 0.0957598 0.1280775 0.1230524 0.1287984 0.0905933 0.1114897 0.0426825 0.1070804 0.1089314 0.0866917 0.1375244 0.0924714 0.1378105 0.1048990 0.1381235 0.0877022 0.0838032 0.0813254 0.0759424 0.1259242 0.1314924 0.1368384 0.1490199 0.1138528 0.1154600 0.1137254 0.1154295 0.1137555 0.1137405 0.1128911 0.1137405 0.1145917 0.0918848 0.0891795 0.1275940 0.1383990 0.1026196 0.1174538 0.0955776 0.1193240 0.0242774 0.1160603 0.1035199 0.1345065 0.1048929 0.1338208 0.1112911 0.0446223 0.1258288 0.1118501 0.0927384 0.1039165 0.2154730 0.1088756 0.1525012 0.2310500 0.0952250 0.0927384 0.2219756 0.0946545 0.0935840 0.2370354 0.2331771 0.1930729 0.1122146 0.0943589 
OQ211392/ISR/cattle/2007/O/ME-SA/PanAsia-2        0.0373360 0.1083817 0.1116207 0.0078758 0.0000000 0.0014432 0.0098979 0.0073708 0.0935280 0.1581041 0.1498799 0.1534805 0.1507124 0.1545829 0.0973662 0.1281045 0.1250791 0.1288254 0.0891317 0.1106200 0.0426911 0.1089456 0.1101293 0.0852482 0.1375517 0.0940453 0.1410041 0.1049219 0.1363755 0.0877213 0.0823838 0.0799220 0.0745564 0.1279280 0.1353269 0.1407491 0.1504395 0.1133935 0.1150035 0.1132663 0.1149730 0.1132964 0.1132813 0.1124307 0.1132813 0.1141339 0.0934079 0.0877338 0.1296199 0.1397611 0.1026424 0.1177062 0.0940890 0.1227454 0.0242818 0.1170549 0.1019580 0.1345337 0.1047249 0.1387953 0.1122723 0.0446312 0.1278310 0.1130790 0.0942938 0.1037507 0.2154962 0.1072840 0.1565878 0.2335021 0.0967945 0.0942938 0.2219973 0.0962121 0.0951445 0.2395002 0.2356107 0.1908821 0.1139100 0.0959230 
OQ211386/ISR/cattle/2007/O/ME-SA/PanAsia-2        0.0367581 0.1075613 0.1107883 0.0073746 0.0014432 0.0000000 0.0104066 0.0078727 0.0927742 0.1571625 0.1489533 0.1525497 0.1497859 0.1536497 0.0965793 0.1272336 0.1242086 0.1279538 0.0883989 0.1098088 0.0420914 0.1081316 0.1093047 0.0845246 0.1366763 0.0932740 0.1401062 0.1041355 0.1372713 0.0869966 0.0816723 0.0792186 0.0738621 0.1270698 0.1344467 0.1398539 0.1495215 0.1125568 0.1141642 0.1124307 0.1141339 0.1124605 0.1124456 0.1115967 0.1124456 0.1132964 0.0926615 0.0870090 0.1287535 0.1388638 0.1018525 0.1185636 0.0933424 0.1219019 0.0237361 0.1162330 0.1011747 0.1336596 0.1039392 0.1378991 0.1114577 0.0440337 0.1287069 0.1122387 0.0935316 0.1029682 0.2143295 0.1064857 0.1555820 0.2323008 0.0960257 0.0935316 0.2208031 0.0954491 0.0943799 0.2382918 0.2344181 0.1897886 0.1130812 0.0951567 
OQ211377/ISR/cattle/2007/O/ME-SA/PanAsia-2        0.0409080 0.1134215 0.1150368 0.0119496 0.0098979 0.0104066 0.0000000 0.0024139 0.0959418 0.1589901 0.1507552 0.1524761 0.1515871 0.1554625 0.1014961 0.1344993 0.1307628 0.1352255 0.0951216 0.1148939 0.0475706 0.1132330 0.1135124 0.0911618 0.1404129 0.0980888 0.1385119 0.1067832 0.1467184 0.0936442 0.0896584 0.0871122 0.0802253 0.1342283 0.1438948 0.1494787 0.1497562 0.1168281 0.1184497 0.1184027 0.1167119 0.1167273 0.1167119 0.1175565 0.1167119 0.1192821 0.0973186 0.0921734 0.1359823 0.1427219 0.1067943 0.1256125 0.1001937 0.1289539 0.0298316 0.1197172 0.1044774 0.1391699 0.1088564 0.1406646 0.1165664 0.0507189 0.1321345 0.1165282 0.0982892 0.1078640 0.2232874 0.1098582 0.1599034 0.2342533 0.1008278 0.0982892 0.2299837 0.1002141 0.0991537 0.2426812 0.2387436 0.1981419 0.1182814 0.0999418 
OQ211372/ISR/goat/2007/O/ME-SA/PanAsia-2          0.0391100 0.1107812 0.1123669 0.0093929 0.0073708 0.0078727 0.0024139 0.0000000 0.0950718 0.1578386 0.1496300 0.1513478 0.1504613 0.1543246 0.0989789 0.1298960 0.1261671 0.1306183 0.0927736 0.1122850 0.0444753 0.1089686 0.1108694 0.0873760 0.1358135 0.0940652 0.1356387 0.1058649 0.1420331 0.0898509 0.0859229 0.0834220 0.0766039 0.1296933 0.1392071 0.1447062 0.1486437 0.1141425 0.1157539 0.1157079 0.1140295 0.1140446 0.1140295 0.1148679 0.1140295 0.1165804 0.0949366 0.0883967 0.1314023 0.1398157 0.1026639 0.1211619 0.0977967 0.1245009 0.0270195 0.1187432 0.1019792 0.1363331 0.1063363 0.1377723 0.1139448 0.0476192 0.1296175 0.1138313 0.0958551 0.1053553 0.2179664 0.1073063 0.1545928 0.2336152 0.0983699 0.0958551 0.2245290 0.0977754 0.0967109 0.2396169 0.2357240 0.1931864 0.1156120 0.0974929 
OP957418/BGD/cattle/2021/O/ME-SA/PanAsia-2        0.0953788 0.1153257 0.1204147 0.0935074 0.0935280 0.0927742 0.0959418 0.0950718 0.0000000 0.1452131 0.1397168 0.1411524 0.1414648 0.1462868 0.0899467 0.1029776 0.1235515 0.1036691 0.1046884 0.0895745 0.0992867 0.0863410 0.1171285 0.1010658 0.1105520 0.0763806 0.1390094 0.0967666 0.1017106 0.1036794 0.1035274 0.0982091 0.0932161 0.0958045 0.1057461 0.1039494 0.1478248 0.1140256 0.1173629 0.1138967 0.1156182 0.1139272 0.1139119 0.1130540 0.1139119 0.1130691 0.0800043 0.0968775 0.0948885 0.1431590 0.0789325 0.1142187 0.1126708 0.1227262 0.0803940 0.0895878 0.0956867 0.0939385 0.0910795 0.1269430 0.0902233 0.0910054 0.1222784 0.1113903 0.0818597 0.0918397 0.2045347 0.0993036 0.1379908 0.2237915 0.0826027 0.0804013 0.2128231 0.0822567 0.0826582 0.2224254 0.2165920 0.1589669 0.1021859 0.0833975 
ON868620/VNM/pig/2019/O/SEA/Unknown               0.1673325 0.0563335 0.0631630 0.1547100 0.1581041 0.1571625 0.1589901 0.1578386 0.1452131 0.0000000 0.0099247 0.0088977 0.0068861 0.0073908 0.1470169 0.1891458 0.1611171 0.1869308 0.1466010 0.1596073 0.1674377 0.1560798 0.0563665 0.1471583 0.1682144 0.1561961 0.0451331 0.1667542 0.1840478 0.1410946 0.1328109 0.1370511 0.1443572 0.1750687 0.1864234 0.1877193 0.0604522 0.0611591 0.0611264 0.0611044 0.0611117 0.0611191 0.0611117 0.0604602 0.0611117 0.0617648 0.1308769 0.1484791 0.1759595 0.0505243 0.1587063 0.1656312 0.1511212 0.1485813 0.1444705 0.1667711 0.1385607 0.1805079 0.1815635 0.1240905 0.1548587 0.1566888 0.1665265 0.0594280 0.1753473 0.1825892 0.2477682 0.1464321 0.1884727 0.2993432 0.1763747 0.1773496 0.2536004 0.1714256 0.1765277 0.2940594 0.2876742 0.2426423 0.1932593 0.1775422 
ON868618/VNM/pig/2019/O/SEA/Unknown               0.1627695 0.0509319 0.0575458 0.1465607 0.1498799 0.1489533 0.1507552 0.1496300 0.1397168 0.0099247 0.0000000 0.0078431 0.0068462 0.0073479 0.1427261 0.1830074 0.1531300 0.1808121 0.1374893 0.1536691 0.1600986 0.1526104 0.0509607 0.1401649 0.1660747 0.1527584 0.0411626 0.1600235 0.1780599 0.1342615 0.1276746 0.1283101 0.1353647 0.1671125 0.1803654 0.1829180 0.0553544 0.0555988 0.0555702 0.0555503 0.0555569 0.0555635 0.0555569 0.0549229 0.0555569 0.0561925 0.1205961 0.1414989 0.1700634 0.0457271 0.1527415 0.1578224 0.1429845 0.1433431 0.1384325 0.1587869 0.1345475 0.1757005 0.1739533 0.1206398 0.1490145 0.1503822 0.1586921 0.0538947 0.1678457 0.1749673 0.2458167 0.1412024 0.1792424 0.2948700 0.1688602 0.1698242 0.2516299 0.1640089 0.1690064 0.2863154 0.2774151 0.2397304 0.1878623 0.1700087 
ON868616/VNM/pig/2018/O/SEA/Unknown               0.1603534 0.0533957 0.0600812 0.1501371 0.1534805 0.1525497 0.1524761 0.1513478 0.1411524 0.0088977 0.0078431 0.0000000 0.0048594 0.0063440 0.1422861 0.1871492 0.1580625 0.1849468 0.1428865 0.1565982 0.1657152 0.1544034 0.0534263 0.1455942 0.1658823 0.1545348 0.0399647 0.1637249 0.1821140 0.1414116 0.1293311 0.1335206 0.1406993 0.1710957 0.1866409 0.1879347 0.0566073 0.0581162 0.0580859 0.0580651 0.0568014 0.0580790 0.0580721 0.0574326 0.0580721 0.0587130 0.1256981 0.1450575 0.1740782 0.0469339 0.1541427 0.1565365 0.1473347 0.1449910 0.1437141 0.1613739 0.1362656 0.1796740 0.1797607 0.1230191 0.1519116 0.1558538 0.1612316 0.0564064 0.1735870 0.1807809 0.2426575 0.1429498 0.1864481 0.2938235 0.1746086 0.1755782 0.2483682 0.1696960 0.1747596 0.2853283 0.2790695 0.2426450 0.1960539 0.1757684 
ON868613/VNM/pig/2019/O/SEA/Unknown               0.1597875 0.0521582 0.0588068 0.1473912 0.1507124 0.1497859 0.1515871 0.1504613 0.1414648 0.0068861 0.0068462 0.0048594 0.0000000 0.0043704 0.1382656 0.1816894 0.1538062 0.1795031 0.1382985 0.1527217 0.1609370 0.1505144 0.0521879 0.1409754 0.1620018 0.1484383 0.0399694 0.1595311 0.1778465 0.1368750 0.1249492 0.1291020 0.1361672 0.1690204 0.1823116 0.1835698 0.0553404 0.0568512 0.0568217 0.0568014 0.0568081 0.0568149 0.0568081 0.0561715 0.0568081 0.0574463 0.1222420 0.1423058 0.1698714 0.0457174 0.1480903 0.1565571 0.1426855 0.1414499 0.1392474 0.1597816 0.1353886 0.1709410 0.1757643 0.1230345 0.1480845 0.1512117 0.1574253 0.0551444 0.1696443 0.1767788 0.2368231 0.1420536 0.1799029 0.2902306 0.1706597 0.1716242 0.2424131 0.1657956 0.1708072 0.2817637 0.2755482 0.2426775 0.1918437 0.1718102 
ON868611/VNM/pig/2018/O/SEA/Unknown               0.1637122 0.0528120 0.0607703 0.1512278 0.1545829 0.1536497 0.1554625 0.1543246 0.1462868 0.0073908 0.0073479 0.0063440 0.0043704 0.0000000 0.1452705 0.1884693 0.1572436 0.1862614 0.1439621 0.1557882 0.1668608 0.1532593 0.0540906 0.1466793 0.1647309 0.1556738 0.0417738 0.1648724 0.1833989 0.1406408 0.1303471 0.1345487 0.1417599 0.1744538 0.1857615 0.1870490 0.0560120 0.0587987 0.0587679 0.0587469 0.0587539 0.0587609 0.0587539 0.0581124 0.0587539 0.0593969 0.1249515 0.1479980 0.1753379 0.0463557 0.1552733 0.1614965 0.1484284 0.1460297 0.1447674 0.1648401 0.1370486 0.1809297 0.1809616 0.1255982 0.1530405 0.1569588 0.1604401 0.0570859 0.1747672 0.1819842 0.2462485 0.1437452 0.1855620 0.3004071 0.1757914 0.1767633 0.2489421 0.1708607 0.1759436 0.2918408 0.2854886 0.2465739 0.1952057 0.1769549 
ON868547/VNM/cow/2018/O/ME-SA/Unknown             0.1137762 0.1185679 0.1237830 0.0957598 0.0973662 0.0965793 0.1014961 0.0989789 0.0899467 0.1470169 0.1427261 0.1422861 0.1382656 0.1452705 0.0000000 0.1312113 0.1365511 0.1319738 0.1016424 0.0896853 0.1063695 0.1025399 0.1204100 0.0941146 0.1373339 0.0633678 0.1421417 0.0471940 0.1372563 0.0953271 0.0921325 0.0907682 0.0859972 0.1294912 0.1391148 0.1410473 0.1579184 0.1209886 0.1226578 0.1208486 0.1226248 0.1208812 0.1208649 0.1199796 0.1208649 0.1217521 0.0926199 0.0982462 0.1255519 0.1486360 0.0998411 0.1354517 0.1071158 0.1286452 0.0828660 0.1012075 0.1044190 0.1265634 0.0696797 0.1342321 0.0887672 0.0891957 0.1435792 0.1180830 0.0628631 0.0703593 0.2026369 0.1056696 0.1152194 0.2152769 0.0635299 0.0628631 0.2109323 0.0638869 0.0635679 0.2239024 0.2198135 0.1562806 0.0839376 0.0642325 
OP751924/IDN/cattle/2022/O/ME-SA/Unknown          0.1364253 0.1529885 0.1528589 0.1280775 0.1281045 0.1272336 0.1344993 0.1298960 0.1029776 0.1891458 0.1830074 0.1871492 0.1816894 0.1884693 0.1312113 0.0000000 0.1491680 0.0028970 0.1233284 0.1264357 0.1276939 0.0759344 0.1551553 0.1153573 0.1537366 0.1075135 0.1809833 0.1352828 0.0393774 0.1198490 0.1139795 0.1170816 0.1073258 0.0345858 0.0407841 0.0439877 0.1906959 0.1580641 0.1599782 0.1578616 0.1599332 0.1579062 0.1578839 0.1568510 0.1578839 0.1568731 0.1184018 0.1204274 0.0335028 0.1843505 0.1238290 0.1561429 0.1315679 0.1660103 0.1051053 0.1329269 0.1207291 0.0666406 0.1323140 0.1614045 0.1169164 0.1154050 0.1554285 0.1573229 0.1232389 0.1332433 0.2368521 0.1255998 0.1500457 0.2441415 0.1223637 0.1242711 0.2420852 0.1209464 0.1242555 0.2476433 0.2410867 0.2004989 0.1462452 0.1251628 
ON736860/UGA/cow/2015/O/EA-2/Unknown              0.1304227 0.1244556 0.1280395 0.1230524 0.1250791 0.1242086 0.1307628 0.1261671 0.1235515 0.1611171 0.1531300 0.1580625 0.1538062 0.1572436 0.1365511 0.1491680 0.0000000 0.1480145 0.1187940 0.1220247 0.1332535 0.1230454 0.1245614 0.1121656 0.1443437 0.1186031 0.1428474 0.1258984 0.1524624 0.1177996 0.1144933 0.1133004 0.1054920 0.1465928 0.1547335 0.1573618 0.1527946 0.1271001 0.1306329 0.1269499 0.1287786 0.1269845 0.1269672 0.1260556 0.1269672 0.1278807 0.1079043 0.1162435 0.1478091 0.1462477 0.1388936 0.0510027 0.1268346 0.1361492 0.1140793 0.1282143 0.1081397 0.1488163 0.1405802 0.1468097 0.1238152 0.1198567 0.0547166 0.1250225 0.1297149 0.1446150 0.2218037 0.1152273 0.1513302 0.2389951 0.1318300 0.1297149 0.2284566 0.1299717 0.1307534 0.2387410 0.2274953 0.1943296 0.1480396 0.1316754 
OP585403/IDN/cattle/2022/O/ME-SA/Unknown          0.1371541 0.1509756 0.1508352 0.1287984 0.1288254 0.1279538 0.1352255 0.1306183 0.1036691 0.1869308 0.1808121 0.1849468 0.1795031 0.1862614 0.1319738 0.0028970 0.1480145 0.0000000 0.1240587 0.1253955 0.1284125 0.0765549 0.1531326 0.1160814 0.1506920 0.1082412 0.1788273 0.1342164 0.0387458 0.1205721 0.1146934 0.1177959 0.1080342 0.0339730 0.0401440 0.0433334 0.1884991 0.1560198 0.1579285 0.1558200 0.1578839 0.1558641 0.1558421 0.1548130 0.1558421 0.1548349 0.1174103 0.1211485 0.0328926 0.1821713 0.1227633 0.1527320 0.1323103 0.1647675 0.1058106 0.1318719 0.1197261 0.0658957 0.1330634 0.1601761 0.1159100 0.1144186 0.1542775 0.1552639 0.1239759 0.1339934 0.2368954 0.1245767 0.1508601 0.2441415 0.1231001 0.1250096 0.2446350 0.1216786 0.1249941 0.2476433 0.2410867 0.2005366 0.1470290 0.1259022 
OM160625/DZA/sheep/2015/O/ME-SA/Ind-2001d         0.1111705 0.1143640 0.1205417 0.0905933 0.0891317 0.0883989 0.0951216 0.0927736 0.1046884 0.1466010 0.1374893 0.1428865 0.1382985 0.1439621 0.1016424 0.1233284 0.1187940 0.1240587 0.0000000 0.1044460 0.0950385 0.1085557 0.1161560 0.0317719 0.1375466 0.1023161 0.1398138 0.1155909 0.1288277 0.0345899 0.0220495 0.0203978 0.0254426 0.1223662 0.1277083 0.1287386 0.1506784 0.1178098 0.1194459 0.1176759 0.1194141 0.1159916 0.1176916 0.1168252 0.1176916 0.1168408 0.0769081 0.0357986 0.1202866 0.1414093 0.0981284 0.1282285 0.0048720 0.1172443 0.0802263 0.1164794 0.1087212 0.1236526 0.1193711 0.1335081 0.1049279 0.0897847 0.1250364 0.1192443 0.1118746 0.1202307 0.2310544 0.1123927 0.1519045 0.2416862 0.1146092 0.1118746 0.2354150 0.1088924 0.1128087 0.2437418 0.2349091 0.1930145 0.1265792 0.1136502 
OM456137/PAK/cattle/2012/O/ME-SA/PanAsia-2        0.1286363 0.1301965 0.1329608 0.1114897 0.1106200 0.1098088 0.1148939 0.1122850 0.0895745 0.1596073 0.1536691 0.1565982 0.1527217 0.1557882 0.0896853 0.1264357 0.1220247 0.1253955 0.1044460 0.0000000 0.1124197 0.1112088 0.1303079 0.1063960 0.1363310 0.0852561 0.1401501 0.0980353 0.1272213 0.1090214 0.0990527 0.1022465 0.1005547 0.1225588 0.1265090 0.1300785 0.1561594 0.1288816 0.1269849 0.1269334 0.1305518 0.1287650 0.1287476 0.1278396 0.1287476 0.1278568 0.0793814 0.1067997 0.1187302 0.1501858 0.0979691 0.1392204 0.1134652 0.1368529 0.0987522 0.0367957 0.1038452 0.1091635 0.0982184 0.1486836 0.0250179 0.1113217 0.1402989 0.1280114 0.0957977 0.0990097 0.2211777 0.1051031 0.1421422 0.2406601 0.0976466 0.0957977 0.2277643 0.0968211 0.0966596 0.2292631 0.2195980 0.1914851 0.1184060 0.0974473 
OM456134/PAK/cattle/2012/O/ME-SA/PanAsia-2        0.0642504 0.1204546 0.1204224 0.0426825 0.0426911 0.0420914 0.0475706 0.0444753 0.0992867 0.1674377 0.1600986 0.1657152 0.1609370 0.1668608 0.1063695 0.1276939 0.1332535 0.1284125 0.0950385 0.1124197 0.0000000 0.1122916 0.1205535 0.0921356 0.1394952 0.1060488 0.1461475 0.1123285 0.1330331 0.0931422 0.0911729 0.0915347 0.0816155 0.1275238 0.1342981 0.1396973 0.1542077 0.1220167 0.1219260 0.1201447 0.1236333 0.1219097 0.1218935 0.1210182 0.1218935 0.1210343 0.0956619 0.0920861 0.1274655 0.1473213 0.1053492 0.1338265 0.0984333 0.1349844 0.0430228 0.1190953 0.1073763 0.1297237 0.1151019 0.1460945 0.1052672 0.0575981 0.1291538 0.1237335 0.1023723 0.1140723 0.2377621 0.1061278 0.1663961 0.2526369 0.1049707 0.1023723 0.2381860 0.1043009 0.1032580 0.2532114 0.2466708 0.1905390 0.1219783 0.1040625 
OK019689/IRN/cow/2016/O/ME-SA/PanAsia-2           0.1229344 0.1178242 0.1204070 0.1070804 0.1089456 0.1081316 0.1132330 0.1089686 0.0863410 0.1560798 0.1526104 0.1544034 0.1505144 0.1532593 0.1025399 0.0759344 0.1230454 0.0765549 0.1085557 0.1112088 0.1122916 0.0000000 0.1196825 0.1031429 0.1142934 0.0919661 0.1400641 0.1143783 0.0811536 0.1056339 0.1005336 0.0991458 0.0940308 0.0722266 0.0765646 0.0776762 0.1548276 0.1210184 0.1244914 0.1208770 0.1226717 0.1209099 0.1208935 0.1199990 0.1208935 0.1200154 0.0904001 0.1046894 0.0677067 0.1415338 0.0910987 0.1182843 0.1143202 0.1206174 0.0953045 0.1110354 0.0903052 0.0782394 0.1104208 0.1265951 0.1008492 0.1026412 0.1200022 0.1183000 0.0969130 0.1112587 0.2162720 0.0953996 0.1223759 0.2171544 0.0979049 0.0969130 0.2248337 0.0979725 0.0977967 0.2158841 0.2074975 0.1782964 0.1168453 0.0986034 
MN389541/CHN/pig/2010/O/SEA/Unknown               0.1190049 0.0038729 0.0088666 0.1089314 0.1101293 0.1093047 0.1135124 0.1108694 0.1171285 0.0563665 0.0509607 0.0534263 0.0521879 0.0540906 0.1204100 0.1551553 0.1245614 0.1531326 0.1161560 0.1303079 0.1205535 0.1196825 0.0000000 0.1149967 0.1391306 0.1220021 0.0384674 0.1263831 0.1477827 0.1133779 0.1083526 0.1089555 0.1047151 0.1459653 0.1556926 0.1578949 0.0522701 0.0114069 0.0124256 0.0103814 0.0114001 0.0114014 0.0103825 0.0098751 0.0103825 0.0108913 0.1007833 0.1127303 0.1447198 0.0429225 0.1213875 0.1250677 0.1228726 0.1203897 0.1040904 0.1325646 0.1078934 0.1440489 0.1432216 0.0953274 0.1262416 0.1164136 0.1294748 0.0099099 0.1321041 0.1441516 0.2255028 0.1136937 0.1430918 0.2539900 0.1330179 0.1338934 0.2297380 0.1316202 0.1331261 0.2492014 0.2412218 0.2063619 0.1528181 0.1340314 
MN095366/IND/cattle/2014/O/ME-SA/Ind-2001d        0.1032021 0.1149037 0.1176330 0.0866917 0.0852482 0.0845246 0.0911618 0.0873760 0.1010658 0.1471583 0.1401649 0.1455942 0.1409754 0.1466793 0.0941146 0.1153573 0.1121656 0.1160814 0.0317719 0.1063960 0.0921356 0.1031429 0.1149967 0.0000000 0.1265730 0.0954240 0.1424962 0.1106631 0.1282433 0.0124294 0.0241834 0.0241745 0.0167155 0.1216771 0.1281726 0.1317643 0.1563072 0.1183542 0.1217204 0.1182197 0.1199583 0.1182512 0.1182354 0.1173688 0.1182354 0.1154472 0.0753368 0.0220467 0.1203141 0.1472058 0.0973002 0.1238450 0.0353685 0.1127324 0.0737000 0.1133035 0.1034615 0.1236868 0.1102077 0.1290863 0.1083589 0.0875086 0.1242043 0.1180592 0.1022488 0.1110445 0.2250113 0.1080780 0.1411714 0.2289306 0.1048885 0.1022488 0.2292500 0.0994114 0.1031484 0.2371126 0.2308079 0.1860792 0.1179392 0.1039657 
NC_039210/GBR/Unknown/1965/O/EURO-SA/Unknown      0.1374642 0.1372080 0.1354803 0.1375244 0.1375517 0.1366763 0.1404129 0.1358135 0.1105520 0.1682144 0.1660747 0.1658823 0.1620018 0.1647309 0.1373339 0.1537366 0.1443437 0.1506920 0.1375466 0.1363310 0.1394952 0.1142934 0.1391306 0.1265730 0.0000000 0.1189981 0.1537140 0.1511746 0.1380318 0.1307144 0.1275421 0.1304605 0.1268233 0.1407108 0.1419464 0.1408088 0.1616733 0.1350226 0.1349190 0.1348654 0.1348833 0.1349012 0.1348833 0.1339764 0.1348833 0.1319380 0.1084363 0.1256626 0.1386229 0.1599482 0.1169218 0.1494699 0.1428967 0.1404591 0.1211739 0.1364938 0.0982134 0.1317389 0.1490538 0.1529192 0.1398643 0.1327319 0.1503290 0.1390026 0.1396377 0.1499692 0.2372225 0.0993710 0.1449030 0.2517880 0.1405459 0.1396377 0.2440251 0.1408715 0.1406587 0.2652885 0.2539192 0.2194632 0.1549290 0.1415578 
MK071699/BGD/cattle/2013/O/ME-SA/Unknown          0.1001966 0.1218999 0.1216102 0.0924714 0.0940453 0.0932740 0.0980888 0.0940652 0.0763806 0.1561961 0.1527584 0.1545348 0.1484383 0.1556738 0.0633678 0.1075135 0.1186031 0.1082412 0.1023161 0.0852561 0.1060488 0.0919661 0.1220021 0.0954240 0.1189981 0.0000000 0.1464996 0.0779392 0.1140182 0.0990262 0.0918948 0.0902858 0.0838177 0.1085312 0.1155974 0.1190243 0.1560900 0.1241210 0.1258053 0.1239764 0.1257714 0.1240099 0.1239931 0.1230984 0.1239931 0.1231150 0.0921450 0.1007647 0.1047546 0.1490514 0.0750174 0.1272556 0.1086611 0.1175535 0.0831170 0.0899953 0.1002899 0.1072643 0.0707918 0.1234790 0.0851098 0.0931044 0.1345609 0.1205101 0.0691356 0.0729623 0.2077817 0.1030951 0.1139682 0.2164673 0.0698202 0.0691356 0.2161295 0.0676012 0.0690654 0.2216963 0.2154292 0.1687040 0.0830442 0.0705452 
MH845413/VNM/pig/2014/O/SEA/Unknown               0.1432409 0.0372851 0.0422149 0.1378105 0.1410041 0.1401062 0.1385119 0.1356387 0.1390094 0.0451331 0.0411626 0.0399647 0.0399694 0.0417738 0.1421417 0.1809833 0.1428474 0.1788273 0.1398138 0.1401501 0.1461475 0.1400641 0.0384674 0.1424962 0.1537140 0.1464996 0.0000000 0.1484851 0.1780481 0.1365970 0.1275010 0.1334162 0.1327959 0.1713471 0.1824752 0.1811444 0.0345842 0.0404071 0.0403882 0.0403740 0.0392020 0.0403835 0.0403788 0.0397874 0.0403788 0.0397920 0.1197830 0.1359723 0.1701421 0.0259979 0.1478992 0.1525809 0.1452969 0.1394151 0.1338686 0.1530005 0.1312095 0.1776081 0.1699172 0.1145084 0.1388052 0.1422510 0.1516170 0.0380951 0.1620280 0.1709096 0.2347995 0.1377111 0.1681854 0.2767692 0.1630172 0.1639584 0.2392937 0.1613796 0.1631560 0.2746024 0.2686387 0.2234234 0.1834007 0.1641338 
MF947127/VNM/buffalo/2012/O/ME-SA/Unknown         0.1180159 0.1262778 0.1280314 0.1048990 0.1049219 0.1041355 0.1067832 0.1058649 0.0967666 0.1667542 0.1600235 0.1637249 0.1595311 0.1648724 0.0471940 0.1352828 0.1258984 0.1342164 0.1155909 0.0980353 0.1123285 0.1143783 0.1263831 0.1106631 0.1511746 0.0779392 0.1484851 0.0000000 0.1399477 0.1134897 0.1097697 0.1066107 0.1033356 0.1376768 0.1473574 0.1493366 0.1546864 0.1287645 0.1304426 0.1268474 0.1304080 0.1286498 0.1286327 0.1277391 0.1286327 0.1295281 0.0947706 0.1161960 0.1337812 0.1518475 0.0999876 0.1289497 0.1212942 0.1426257 0.0980588 0.0973182 0.1036447 0.1349729 0.0632676 0.1486205 0.0977903 0.1000075 0.1456206 0.1241059 0.0534495 0.0639211 0.2031361 0.1081225 0.1362859 0.2063298 0.0554161 0.0534495 0.2113432 0.0538873 0.0541117 0.2137572 0.2075745 0.1478009 0.0767042 0.0547420 
MH891503/VNM/cow/2017/O/ME-SA/Unknown             0.1404079 0.1437242 0.1458337 0.1381235 0.1363755 0.1372713 0.1467184 0.1420331 0.1017106 0.1840478 0.1780599 0.1821140 0.1778465 0.1833989 0.1372563 0.0393774 0.1524624 0.0387458 0.1288277 0.1272213 0.1330331 0.0811536 0.1477827 0.1282433 0.1380318 0.1140182 0.1780481 0.1399477 0.0000000 0.1309558 0.1218414 0.1197716 0.1187959 0.0202914 0.0145008 0.0171804 0.1906295 0.1494075 0.1532664 0.1492193 0.1512281 0.1492612 0.1492402 0.1482387 0.1492402 0.1482596 0.1183843 0.1283415 0.0150368 0.1770965 0.1288847 0.1524088 0.1352910 0.1647576 0.1176120 0.1292733 0.1245395 0.0464662 0.1414457 0.1636834 0.1200823 0.1271614 0.1636246 0.1482898 0.1364624 0.1423740 0.2404494 0.1284150 0.1479823 0.2531337 0.1355773 0.1364624 0.2504228 0.1320294 0.1375034 0.2529618 0.2450705 0.1955086 0.1556329 0.1384226 
MG983734/LKA/water-buffalo/2014/O/ME-SA/Ind-2001d 0.1026334 0.1132873 0.1159717 0.0877022 0.0877213 0.0869966 0.0936442 0.0898509 0.1036794 0.1410946 0.1342615 0.1414116 0.1368750 0.1406408 0.0953271 0.1198490 0.1177996 0.1205721 0.0345899 0.1090214 0.0931422 0.1056339 0.1133779 0.0124294 0.1307144 0.0990262 0.1365970 0.1134897 0.1309558 0.0000000 0.0257889 0.0257793 0.0172213 0.1243868 0.1309041 0.1326987 0.1522408 0.1166862 0.1200148 0.1165549 0.1182733 0.1165857 0.1165703 0.1157137 0.1165703 0.1138169 0.0762500 0.0225570 0.1230339 0.1432935 0.1007422 0.1238184 0.0382350 0.1153948 0.0747288 0.1140692 0.1001102 0.1229000 0.1121439 0.1272900 0.1110158 0.0870546 0.1241750 0.1163861 0.1032653 0.1129801 0.2277314 0.1046222 0.1362523 0.2292849 0.1058976 0.1032653 0.2319873 0.1004332 0.1041627 0.2349581 0.2311429 0.1845756 0.1209082 0.1049772 
MG983726/SAU/cattle/2014/O/ME-SA/Ind-2001d        0.1030378 0.1082677 0.1125230 0.0838032 0.0823838 0.0816723 0.0896584 0.0859229 0.1035274 0.1328109 0.1276746 0.1293311 0.1249492 0.1303471 0.0921325 0.1139795 0.1144933 0.1146934 0.0220495 0.0990527 0.0911729 0.1005336 0.1083526 0.0241834 0.1275421 0.0918948 0.1275010 0.1097697 0.1218414 0.0257889 0.0000000 0.0118750 0.0171402 0.1148690 0.1199967 0.1224054 0.1389837 0.1115591 0.1131475 0.1114355 0.1131178 0.1098038 0.1114501 0.1106116 0.1114501 0.1106262 0.0739133 0.0291818 0.1135246 0.1301224 0.0942836 0.1233582 0.0276717 0.1051345 0.0751964 0.1072304 0.1063105 0.1170248 0.1080010 0.1211850 0.0976839 0.0844624 0.1219895 0.1112400 0.0993310 0.1088216 0.2178661 0.1066641 0.1359417 0.2277364 0.1019067 0.1009133 0.2218607 0.0965502 0.1002076 0.2303532 0.2266530 0.1761222 0.1162384 0.1010070 
MG983725/SAU/cattle/2014/O/ME-SA/Ind-2001d        0.1003210 0.1088701 0.1131337 0.0813254 0.0799220 0.0792186 0.0871122 0.0834220 0.0982091 0.1370511 0.1283101 0.1335206 0.1291020 0.1345487 0.0907682 0.1170816 0.1133004 0.1177959 0.0203978 0.1022465 0.0915347 0.0991458 0.1089555 0.0241745 0.1304605 0.0902858 0.1334162 0.1066107 0.1197716 0.0257793 0.0118750 0.0000000 0.0171143 0.1145424 0.1231048 0.1247971 0.1432711 0.1121684 0.1154338 0.1120441 0.1137278 0.1104112 0.1120588 0.1112196 0.1120588 0.1112342 0.0728653 0.0291338 0.1132023 0.1361042 0.0904260 0.1194924 0.0248253 0.1043388 0.0714728 0.1074770 0.1041999 0.1147645 0.1088617 0.1254844 0.1010683 0.0849834 0.1181588 0.1118521 0.1017288 0.1096848 0.2231953 0.1054492 0.1393616 0.2348116 0.1043275 0.1017288 0.2296786 0.0989350 0.1026137 0.2374750 0.2312839 0.1807001 0.1154409 0.1034199 
MG983709/NPL/cattle/2012/O/ME-SA/Ind-2001d        0.0931768 0.1046335 0.1071790 0.0759424 0.0745564 0.0738621 0.0802253 0.0766039 0.0932161 0.1443572 0.1353647 0.1406993 0.1361672 0.1417599 0.0859972 0.1073258 0.1054920 0.1080342 0.0254426 0.1005547 0.0816155 0.0940308 0.1047151 0.0167155 0.1268233 0.0838177 0.1327959 0.1033356 0.1187959 0.0172213 0.0171402 0.0171143 0.0000000 0.1118590 0.1186640 0.1220706 0.1442539 0.1078836 0.1111361 0.1077642 0.1094391 0.1077927 0.1077785 0.1069437 0.1077785 0.1069579 0.0698360 0.0215220 0.1105113 0.1354974 0.0900913 0.1123867 0.0288956 0.1049676 0.0649305 0.1039594 0.0953656 0.1103837 0.1037176 0.1221097 0.0991882 0.0753084 0.1144310 0.1075480 0.0966788 0.1045336 0.2195076 0.0988163 0.1334220 0.2241808 0.0992458 0.0966788 0.2235811 0.0939317 0.0975525 0.2321650 0.2260153 0.1811764 0.1100871 0.0983502 
MG983702/MUS/cattle/2016/O/ME-SA/Unknown          0.1371384 0.1438839 0.1440209 0.1259242 0.1279280 0.1270698 0.1342283 0.1296933 0.0958045 0.1750687 0.1671125 0.1710957 0.1690204 0.1744538 0.1294912 0.0345858 0.1465928 0.0339730 0.1223662 0.1225588 0.1275238 0.0722266 0.1459653 0.1216771 0.1407108 0.1085312 0.1713471 0.1376768 0.0202914 0.1243868 0.1148690 0.1145424 0.1118590 0.0000000 0.0171591 0.0188201 0.1862222 0.1456020 0.1494147 0.1454201 0.1474029 0.1454608 0.1454405 0.1444520 0.1454405 0.1444722 0.1115350 0.1195210 0.0088496 0.1749658 0.1239949 0.1466798 0.1304607 0.1648704 0.1095155 0.1246030 0.1210177 0.0499459 0.1319203 0.1506330 0.1135738 0.1187590 0.1599322 0.1444739 0.1270769 0.1328274 0.2435106 0.1250851 0.1420293 0.2567543 0.1262113 0.1270769 0.2545859 0.1227985 0.1280861 0.2538706 0.2449757 0.2011504 0.1443787 0.1289838 
MF461724/CHN/cattle/2017/O/ME-SA/Unknown          0.1411768 0.1515348 0.1517338 0.1314924 0.1353269 0.1344467 0.1438948 0.1392071 0.1057461 0.1864234 0.1803654 0.1866409 0.1823116 0.1857615 0.1391148 0.0407841 0.1547335 0.0401440 0.1277083 0.1265090 0.1342981 0.0765646 0.1556926 0.1281726 0.1419464 0.1155974 0.1824752 0.1473574 0.0145008 0.1309041 0.1199967 0.1231048 0.1186640 0.0171591 0.0000000 0.0078433 0.1931063 0.1553632 0.1592895 0.1551657 0.1572124 0.1552093 0.1551875 0.1541670 0.1551875 0.1541887 0.1201948 0.1282725 0.0129969 0.1815698 0.1306387 0.1552289 0.1341881 0.1697314 0.1165139 0.1303679 0.1310095 0.0495503 0.1433213 0.1603118 0.1208374 0.1243601 0.1679844 0.1542637 0.1364491 0.1442599 0.2549349 0.1314934 0.1477360 0.2557438 0.1355577 0.1364491 0.2653582 0.1337870 0.1374976 0.2559431 0.2494146 0.2085900 0.1557665 0.1384233 
LC320038/MNG/cow/2015/O/ME-SA/Unknown             0.1412349 0.1536893 0.1559466 0.1368384 0.1407491 0.1398539 0.1494787 0.1447062 0.1039494 0.1877193 0.1829180 0.1879347 0.1835698 0.1870490 0.1410473 0.0439877 0.1573618 0.0433334 0.1287386 0.1300785 0.1396973 0.0776762 0.1578949 0.1317643 0.1408088 0.1190243 0.1811444 0.1493366 0.0171804 0.1326987 0.1224054 0.1247971 0.1220706 0.0188201 0.0078433 0.0000000 0.1957873 0.1575721 0.1615403 0.1573703 0.1594399 0.1574147 0.1573925 0.1563605 0.1573925 0.1563826 0.1201191 0.1282469 0.0146097 0.1841215 0.1322967 0.1573282 0.1352892 0.1728787 0.1215078 0.1321636 0.1327571 0.0522946 0.1440284 0.1645478 0.1225377 0.1295412 0.1722456 0.1564751 0.1401665 0.1449728 0.2583346 0.1332529 0.1498208 0.2616924 0.1392628 0.1401665 0.2689021 0.1356178 0.1412331 0.2619055 0.2552495 0.2100932 0.1579085 0.1421721 
KX534089/KOR/pig/2016/O/SEA/Unknown               0.1604762 0.0497649 0.0563512 0.1490199 0.1504395 0.1495215 0.1497562 0.1486437 0.1478248 0.0604522 0.0553544 0.0566073 0.0553404 0.0560120 0.1579184 0.1906959 0.1527946 0.1884991 0.1506784 0.1561594 0.1542077 0.1548276 0.0522701 0.1563072 0.1616733 0.1560900 0.0345842 0.1546864 0.1906295 0.1522408 0.1389837 0.1432711 0.1442539 0.1862222 0.1931063 0.1957873 0.0000000 0.0544109 0.0556454 0.0543636 0.0543701 0.0531201 0.0543701 0.0537380 0.0543701 0.0550036 0.1311139 0.1472773 0.1824815 0.0114129 0.1503684 0.1582860 0.1563873 0.1523612 0.1450334 0.1654790 0.1360206 0.1838000 0.1738804 0.1212957 0.1514895 0.1557114 0.1661584 0.0514540 0.1661539 0.1748840 0.2543703 0.1389306 0.1763005 0.2876557 0.1671519 0.1681007 0.2593638 0.1635521 0.1650027 0.2929420 0.2865849 0.2324920 0.1847035 0.1682808 
LC149718/JPN/cow/2010/O/SEA/Unknown               0.1223897 0.0093715 0.0156028 0.1138528 0.1133935 0.1125568 0.1168281 0.1141425 0.1140256 0.0611591 0.0555988 0.0581162 0.0568512 0.0587987 0.1209886 0.1580641 0.1271001 0.1560198 0.1178098 0.1288816 0.1220167 0.1210184 0.0114069 0.1183542 0.1350226 0.1241210 0.0404071 0.1287645 0.1494075 0.1166862 0.1115591 0.1121684 0.1078836 0.1456020 0.1553632 0.1575721 0.0544109 0.0000000 0.0028981 0.0019266 0.0019268 0.0009611 0.0009610 0.0014432 0.0009610 0.0033896 0.0988432 0.1160355 0.1443505 0.0461484 0.1191213 0.1275519 0.1238628 0.1210418 0.1055773 0.1299797 0.1058412 0.1414558 0.1455272 0.0963487 0.1257095 0.1163524 0.1302492 0.0094279 0.1343065 0.1464645 0.2277529 0.1115713 0.1431957 0.2575672 0.1352278 0.1343065 0.2320676 0.1337865 0.1353384 0.2527191 0.2446296 0.2107068 0.1541258 0.1362510 
LC149704/JPN/cow/2010/O/SEA/Unknown               0.1257524 0.0103805 0.0166454 0.1154600 0.1150035 0.1141642 0.1184497 0.1157539 0.1173629 0.0611264 0.0555702 0.0580859 0.0568217 0.0587679 0.1226578 0.1599782 0.1306329 0.1579285 0.1194459 0.1269849 0.1219260 0.1244914 0.0124256 0.1217204 0.1349190 0.1258053 0.0403882 0.1304426 0.1532664 0.1200148 0.1131475 0.1154338 0.1111361 0.1494147 0.1592895 0.1615403 0.0556454 0.0028981 0.0000000 0.0028962 0.0028965 0.0028968 0.0019262 0.0024106 0.0019262 0.0043675 0.1003720 0.1193660 0.1481723 0.0461260 0.1190321 0.1292259 0.1255277 0.1226197 0.1071334 0.1328494 0.1074286 0.1451849 0.1472680 0.0962873 0.1256136 0.1179655 0.1301504 0.0104432 0.1360053 0.1482077 0.2251772 0.1131918 0.1450752 0.2573346 0.1369293 0.1360053 0.2294353 0.1354769 0.1370415 0.2524904 0.2444082 0.2128266 0.1559360 0.1379567 
LC149700/JPN/cow/2010/O/SEA/Unknown               0.1222513 0.0083581 0.0145485 0.1137254 0.1132663 0.1124307 0.1184027 0.1157079 0.1138967 0.0611044 0.0555503 0.0580651 0.0568014 0.0587469 0.1208486 0.1578616 0.1269499 0.1558200 0.1176759 0.1269334 0.1201447 0.1208770 0.0103814 0.1182197 0.1348654 0.1239764 0.0403740 0.1268474 0.1492193 0.1165549 0.1114355 0.1120441 0.1077642 0.1454201 0.1551657 0.1573703 0.0543636 0.0019266 0.0028962 0.0000000 0.0019255 0.0019258 0.0009604 0.0004796 0.0009604 0.0024126 0.0987371 0.1159047 0.1441693 0.0461096 0.1189839 0.1274046 0.1237201 0.1209094 0.1054623 0.1291950 0.1057236 0.1412820 0.1435074 0.0962516 0.1237854 0.1162219 0.1300986 0.0084080 0.1323557 0.1444401 0.2274552 0.1114453 0.1430128 0.2572312 0.1332721 0.1323557 0.2317606 0.1318461 0.1333807 0.2523885 0.2443092 0.2081260 0.1520100 0.1342887 
LC149686/JPN/cow/2010/O/SEA/Unknown               0.1239901 0.0093660 0.0155933 0.1154295 0.1149730 0.1141339 0.1167119 0.1140295 0.1156182 0.0611117 0.0555569 0.0568014 0.0568081 0.0587539 0.1226248 0.1599332 0.1287786 0.1578839 0.1194141 0.1305518 0.1236333 0.1226717 0.0114001 0.1199583 0.1348833 0.1257714 0.0392020 0.1304080 0.1512281 0.1182733 0.1131178 0.1137278 0.1094391 0.1474029 0.1572124 0.1594399 0.0543701 0.0019268 0.0028965 0.0019255 0.0000000 0.0019260 0.0009605 0.0014424 0.0009605 0.0033877 0.1003458 0.1159201 0.1461563 0.0461150 0.1207505 0.1291916 0.1254942 0.1225885 0.1071054 0.1328138 0.1057377 0.1432195 0.1472292 0.0962635 0.1273645 0.1179344 0.1318940 0.0094223 0.1359692 0.1481686 0.2298612 0.1114602 0.1450336 0.2572657 0.1368930 0.1359692 0.2342175 0.1354411 0.1370051 0.2524225 0.2443422 0.2127681 0.1558941 0.1379201 
LC149685/JPN/cow/2010/O/SEA/Unknown               0.1222835 0.0093671 0.0155950 0.1137555 0.1132964 0.1124605 0.1167273 0.1140446 0.1139272 0.0611191 0.0555635 0.0580790 0.0568149 0.0587609 0.1208812 0.1579062 0.1269845 0.1558641 0.1159916 0.1287650 0.1219097 0.1209099 0.0114014 0.1182512 0.1349012 0.1240099 0.0403835 0.1286498 0.1492612 0.1165857 0.1098038 0.1104112 0.1077927 0.1454608 0.1552093 0.1574147 0.0531201 0.0009611 0.0028968 0.0019258 0.0019260 0.0000000 0.0009606 0.0014426 0.0009606 0.0033880 0.0987629 0.1142385 0.1442099 0.0461205 0.1190160 0.1274385 0.1220022 0.1192826 0.1054899 0.1310272 0.1057518 0.1413211 0.1453938 0.0962754 0.1255967 0.1162525 0.1301331 0.0094234 0.1341857 0.1463301 0.2275170 0.1114752 0.1430538 0.2573001 0.1351060 0.1341857 0.2318242 0.1336667 0.1352164 0.2524564 0.2443752 0.2104878 0.1539797 0.1361280 
LC149674/JPN/cow/2010/O/SEA/Unknown               0.1222674 0.0083590 0.0145501 0.1137405 0.1132813 0.1124456 0.1167119 0.1140295 0.1139119 0.0611117 0.0555569 0.0580721 0.0568081 0.0587539 0.1208649 0.1578839 0.1269672 0.1558421 0.1176916 0.1287476 0.1218935 0.1208935 0.0103825 0.1182354 0.1348833 0.1239931 0.0403788 0.1286327 0.1492402 0.1165703 0.1114501 0.1120588 0.1077785 0.1454405 0.1551875 0.1573925 0.0543701 0.0009610 0.0019262 0.0009604 0.0009605 0.0009606 0.0000000 0.0004796 0.0000010 0.0024129 0.0987500 0.1159201 0.1441896 0.0461150 0.1189999 0.1274215 0.1237366 0.1209248 0.1054761 0.1310096 0.1057377 0.1413016 0.1453746 0.0962635 0.1255797 0.1162372 0.1301159 0.0084090 0.1341679 0.1463107 0.2274861 0.1114602 0.1430333 0.2572657 0.1350880 0.1341679 0.2317924 0.1336490 0.1351984 0.2524225 0.2443422 0.2104587 0.1539590 0.1361100 
LC149665/JPN/cow/2010/O/SEA/Unknown               0.1214006 0.0078569 0.0140297 0.1128911 0.1124307 0.1115967 0.1175565 0.1148679 0.1130540 0.0604602 0.0549229 0.0574326 0.0561715 0.0581124 0.1199796 0.1568510 0.1260556 0.1548130 0.1168252 0.1278396 0.1210182 0.1199990 0.0098751 0.1173688 0.1339764 0.1230984 0.0397874 0.1277391 0.1482387 0.1157137 0.1106116 0.1112196 0.1069437 0.1444520 0.1541670 0.1563605 0.0537380 0.0014432 0.0024106 0.0004796 0.0014424 0.0014426 0.0004796 0.0000000 0.0004796 0.0019278 0.0979484 0.1150632 0.1431991 0.0455051 0.1181194 0.1265307 0.1228522 0.1200877 0.1046572 0.1301014 0.1049024 0.1403358 0.1444401 0.0955122 0.1246816 0.1153835 0.1292208 0.0079038 0.1332609 0.1453746 0.2262850 0.1106050 0.1420261 0.2559884 0.1341792 0.1332609 0.2305658 0.1327467 0.1342887 0.2511552 0.2430954 0.2092916 0.1529836 0.1351984 
LC149627/JPN/pig/2010/O/SEA/Unknown               0.1222674 0.0083590 0.0145501 0.1137405 0.1132813 0.1124456 0.1167119 0.1140295 0.1139119 0.0611117 0.0555569 0.0580721 0.0568081 0.0587539 0.1208649 0.1578839 0.1269672 0.1558421 0.1176916 0.1287476 0.1218935 0.1208935 0.0103825 0.1182354 0.1348833 0.1239931 0.0403788 0.1286327 0.1492402 0.1165703 0.1114501 0.1120588 0.1077785 0.1454405 0.1551875 0.1573925 0.0543701 0.0009610 0.0019262 0.0009604 0.0009605 0.0009606 0.0000010 0.0004796 0.0000000 0.0024129 0.0987500 0.1159201 0.1441896 0.0461150 0.1189999 0.1274215 0.1237366 0.1209248 0.1054761 0.1310096 0.1057377 0.1413016 0.1453746 0.0962635 0.1255797 0.1162372 0.1301159 0.0084090 0.1341679 0.1463107 0.2274861 0.1114602 0.1430333 0.2572657 0.1350880 0.1341679 0.2317924 0.1336490 0.1351984 0.2524225 0.2443422 0.2104587 0.1539590 0.1361100 
LC149617/JPN/cow/2010/O/SEA/Unknown               0.1231360 0.0088624 0.0150719 0.1145917 0.1141339 0.1132964 0.1192821 0.1165804 0.1130691 0.0617648 0.0561925 0.0587130 0.0574463 0.0593969 0.1217521 0.1568731 0.1278807 0.1548349 0.1168408 0.1278568 0.1210343 0.1200154 0.0108913 0.1154472 0.1319380 0.1231150 0.0397920 0.1295281 0.1482596 0.1138169 0.1106262 0.1112342 0.1069579 0.1444722 0.1541887 0.1563826 0.0550036 0.0033896 0.0043675 0.0024126 0.0033877 0.0033880 0.0024129 0.0019278 0.0024129 0.0000000 0.0979612 0.1150785 0.1432193 0.0467265 0.1201213 0.1283142 0.1228686 0.1201030 0.1046709 0.1301188 0.1065750 0.1403552 0.1444592 0.0940377 0.1246984 0.1153988 0.1292379 0.0089155 0.1332786 0.1453938 0.2263158 0.1123174 0.1440427 0.2560228 0.1341970 0.1332786 0.2305975 0.1327642 0.1343065 0.2511890 0.2431283 0.2070193 0.1530042 0.1352164 
KY446903/PAK/water-buffalo/2005/O/ME-SA/Unknown   0.1013133 0.0975333 0.1029671 0.0918848 0.0934079 0.0926615 0.0973186 0.0949366 0.0800043 0.1308769 0.1205961 0.1256981 0.1222420 0.1249515 0.0926199 0.1184018 0.1079043 0.1174103 0.0769081 0.0793814 0.0956619 0.0904001 0.1007833 0.0753368 0.1084363 0.0921450 0.1197830 0.0947706 0.1183843 0.0762500 0.0739133 0.0728653 0.0698360 0.1115350 0.1201948 0.1201191 0.1311139 0.0988432 0.1003720 0.0987371 0.1003458 0.0987629 0.0987500 0.0979484 0.0987500 0.0979612 0.0000000 0.0758049 0.1095062 0.1217711 0.0830520 0.1086599 0.0816306 0.1011010 0.0789714 0.0817361 0.0832072 0.1064695 0.1117361 0.1245920 0.0809649 0.0908025 0.1035242 0.0984791 0.1016399 0.1125557 0.2138710 0.0880936 0.1322567 0.2382259 0.1042143 0.1016399 0.2219832 0.1019998 0.1025173 0.2330543 0.2247324 0.1759968 0.1234728 0.1033147 
