80
KC440883/EGY/Unknown/2011/O/ME-SA/PanAsia-2       0.0000000 0.2616255 0.2649950 0.0495468 0.0489830 0.0489830 0.0491418 0.0502559 0.1207337 0.2824644 0.2859101 0.2824644 0.2876486 0.2831342 0.1626992 0.1707614 0.2932406 0.1672996 0.1610837 0.0869611 0.0820104 0.1092629 0.2659605 0.1549106 0.3756312 0.1545380 0.2766358 0.1652441 0.1714325 0.1629304 0.1604569 0.1605927 0.1578818 0.1579645 0.1550387 0.1599430 0.2735602 0.2703841 0.2703432 0.2678770 0.2675837 0.2702126 0.2667925 0.2690443 0.2678770 0.2675199 0.1720022 0.1598406 0.1541635 0.2659990 0.1870585 0.3028757 0.1641023 0.2018709 0.0638693 0.0726568 0.3610924 0.1616750 0.1167707 0.2672862 0.0818543 0.0833485 0.3031193 0.2568392 0.1083955 0.1214433 0.3923260 0.3605878 0.2879092 0.3922458 0.1076346 0.1083955 0.4142308 0.1089018 0.1076346 0.4109953 0.4109093 0.3828503 0.1415238 0.1070995 
HM229661/HKG/pig/2010/O/SEA/Unknown               0.2616255 0.0000000 0.0076077 0.2488455 0.2496273 0.2496273 0.2475810 0.2504926 0.2469231 0.0696375 0.0715339 0.0696375 0.0709844 0.0702758 0.2727935 0.2625551 0.3147288 0.2615265 0.2871665 0.2678232 0.2462793 0.2679960 0.0071118 0.2670806 0.4060341 0.2507042 0.0426273 0.2797104 0.2626044 0.2623828 0.2658311 0.2694482 0.2620347 0.2531131 0.2581407 0.2578689 0.0541065 0.0191582 0.0165992 0.0155836 0.0176693 0.0165978 0.0160901 0.0160901 0.0155836 0.0156031 0.2419298 0.2676475 0.2518258 0.0438834 0.2908409 0.3036933 0.2910113 0.2202317 0.2269563 0.2357071 0.3849329 0.2640142 0.2196842 0.1287160 0.2441124 0.2266417 0.3002143 0.0110226 0.2145361 0.2240618 0.4518669 0.3829819 0.2988658 0.4485377 0.2134006 0.2145361 0.4759960 0.2141640 0.2134006 0.4603410 0.4631839 0.4405642 0.2549455 0.2129971 
JQ900581/CHN/pig/2010/O/SEA/Unknown               0.2649950 0.0076077 0.0000000 0.2484237 0.2492063 0.2492063 0.2471625 0.2500627 0.2453869 0.0683429 0.0689750 0.0683429 0.0696818 0.0689782 0.2684035 0.2562547 0.3102361 0.2552309 0.2854267 0.2695973 0.2480615 0.2596523 0.0080874 0.2649709 0.4057567 0.2474600 0.0414758 0.2748527 0.2563003 0.2596697 0.2630743 0.2666867 0.2592793 0.2470248 0.2519564 0.2516624 0.0540771 0.0171110 0.0145765 0.0135707 0.0156306 0.0145753 0.0140724 0.0140724 0.0135707 0.0135875 0.2415287 0.2621535 0.2457091 0.0427228 0.2891382 0.3005060 0.2892458 0.2187264 0.2266018 0.2396752 0.3784846 0.2579187 0.2235574 0.1321010 0.2432677 0.2216562 0.2970869 0.0090630 0.2183591 0.2279444 0.4489373 0.3764987 0.2975285 0.4485418 0.2172204 0.2183591 0.4728800 0.2179989 0.2172204 0.4573748 0.4601817 0.4377380 0.2591106 0.2168306 
OQ211403/ISR/cattle/2007/O/ME-SA/PanAsia-2        0.0495468 0.2488455 0.2484237 0.0000000 0.0119864 0.0119864 0.0120197 0.0129957 0.0983810 0.2771875 0.2783456 0.2738065 0.2772874 0.2783627 0.1365367 0.1576758 0.2911414 0.1544041 0.1368072 0.0603863 0.0583816 0.0868575 0.2493784 0.1364610 0.3506291 0.1376459 0.2654783 0.1313879 0.1599817 0.1440285 0.1397335 0.1402476 0.1404088 0.1462215 0.1475118 0.1522689 0.2694875 0.2506629 0.2505727 0.2481691 0.2443170 0.2504529 0.2471061 0.2493104 0.2481691 0.2477533 0.1539598 0.1397321 0.1433455 0.2582039 0.1785123 0.2720841 0.1428292 0.1687679 0.0360289 0.0417878 0.3579300 0.1373044 0.0909353 0.2395733 0.0558046 0.0580769 0.2867721 0.2383382 0.0807720 0.0952124 0.3858092 0.3540469 0.2593985 0.4023932 0.0800826 0.0807720 0.4142084 0.0801713 0.0800826 0.4110797 0.4129019 0.3864676 0.1105951 0.0821733 
OQ211392/ISR/cattle/2007/O/ME-SA/PanAsia-2        0.0489830 0.2496273 0.2492063 0.0119864 0.0000000 0.0000010 0.0076136 0.0085749 0.0966914 0.2771513 0.2783003 0.2771513 0.2772504 0.2783173 0.1334135 0.1527667 0.2734255 0.1536689 0.1388702 0.0597946 0.0565170 0.0834200 0.2501543 0.1351230 0.3461749 0.1363021 0.2683677 0.1311784 0.1594955 0.1426734 0.1383756 0.1372875 0.1390423 0.1422002 0.1470115 0.1500874 0.2712394 0.2527040 0.2513462 0.2489580 0.2465005 0.2512269 0.2479021 0.2500919 0.2489580 0.2507455 0.1504733 0.1391989 0.1426243 0.2600147 0.1774765 0.2577173 0.1432990 0.1689492 0.0338925 0.0394392 0.3445674 0.1359431 0.0893009 0.2398182 0.0527945 0.0562401 0.2709985 0.2391818 0.0818028 0.0935678 0.3729846 0.3373494 0.2519470 0.3885503 0.0811091 0.0818028 0.4006751 0.0805545 0.0811091 0.3918821 0.3910872 0.3737345 0.1103493 0.0818872 
OQ211386/ISR/cattle/2007/O/ME-SA/PanAsia-2        0.0489830 0.2496273 0.2492063 0.0119864 0.0000010 0.0000000 0.0076136 0.0085749 0.0966914 0.2771513 0.2783003 0.2771513 0.2772504 0.2783173 0.1334135 0.1527667 0.2734255 0.1536689 0.1388702 0.0597946 0.0565170 0.0834200 0.2501543 0.1351230 0.3461749 0.1363021 0.2683677 0.1311784 0.1594955 0.1426734 0.1383756 0.1372875 0.1390423 0.1422002 0.1470115 0.1500874 0.2712394 0.2527040 0.2513462 0.2489580 0.2465005 0.2512269 0.2479021 0.2500919 0.2489580 0.2507455 0.1504733 0.1391989 0.1426243 0.2600147 0.1774765 0.2577173 0.1432990 0.1689492 0.0338925 0.0394392 0.3445674 0.1359431 0.0893009 0.2398182 0.0527945 0.0562401 0.2709985 0.2391818 0.0818028 0.0935678 0.3729846 0.3373494 0.2519470 0.3885503 0.0811091 0.0818028 0.4006751 0.0805545 0.0811091 0.3918821 0.3910872 0.3737345 0.1103493 0.0818872 
OQ211377/ISR/cattle/2007/O/ME-SA/PanAsia-2        0.0491418 0.2475810 0.2471625 0.0120197 0.0076136 0.0076136 0.0000000 0.0028105 0.0994135 0.2802949 0.2814549 0.2780270 0.2803960 0.2814722 0.1333891 0.1568163 0.2774361 0.1535340 0.1380674 0.0599999 0.0567082 0.0830437 0.2481179 0.1351626 0.3487341 0.1361464 0.2714028 0.1314010 0.1571697 0.1427293 0.1375764 0.1364898 0.1372696 0.1415882 0.1447343 0.1477946 0.2743193 0.2493969 0.2493034 0.2469002 0.2444278 0.2491841 0.2458371 0.2480416 0.2469002 0.2486930 0.1496976 0.1392471 0.1387159 0.2629599 0.1716787 0.2612461 0.1424936 0.1696618 0.0344528 0.0413639 0.3549471 0.1341788 0.0911974 0.2411784 0.0529688 0.0559815 0.2771940 0.2370818 0.0829923 0.0954921 0.3907048 0.3510223 0.2620064 0.4027550 0.0822956 0.0829923 0.4194849 0.0817402 0.0822956 0.4061728 0.4106967 0.3913299 0.1105696 0.0830788 
OQ211372/ISR/goat/2007/O/ME-SA/PanAsia-2          0.0502559 0.2504926 0.2500627 0.0129957 0.0085749 0.0085749 0.0028105 0.0000000 0.0993100 0.2835306 0.2847010 0.2812427 0.2836337 0.2847184 0.1332896 0.1575467 0.2817959 0.1542577 0.1387548 0.0599363 0.0578653 0.0836449 0.2510251 0.1358379 0.3490372 0.1368235 0.2745344 0.1320768 0.1554360 0.1434129 0.1382604 0.1371718 0.1379566 0.1422873 0.1454393 0.1485051 0.2797733 0.2523286 0.2522420 0.2498157 0.2473189 0.2521204 0.2487433 0.2509674 0.2498157 0.2516344 0.1510396 0.1399273 0.1394145 0.2660071 0.1743167 0.2639169 0.1431867 0.1722688 0.0344164 0.0413202 0.3552656 0.1356831 0.0918034 0.2475540 0.0529132 0.0559230 0.2776432 0.2398793 0.0829065 0.0961035 0.3878470 0.3513424 0.2634019 0.4038345 0.0822105 0.0829065 0.4165619 0.0816555 0.0822105 0.4072526 0.4117739 0.3858507 0.1116083 0.0829928 
OP957418/BGD/cattle/2021/O/ME-SA/PanAsia-2        0.1207337 0.2469231 0.2453869 0.0983810 0.0966914 0.0966914 0.0994135 0.0993100 0.0000000 0.2856690 0.2845162 0.2838097 0.2857759 0.2845342 0.1364256 0.1646467 0.2634283 0.1621444 0.1471477 0.1122890 0.1064710 0.1333571 0.2441304 0.1361707 0.3622068 0.1497882 0.2712514 0.1453995 0.1636507 0.1385806 0.1417709 0.1422978 0.1437461 0.1466112 0.1496343 0.1562494 0.2787882 0.2395499 0.2422752 0.2420800 0.2418077 0.2443949 0.2432368 0.2432368 0.2420800 0.2438814 0.1490291 0.1438559 0.1453646 0.2711275 0.1859676 0.2667729 0.1490355 0.1738460 0.0865269 0.0989583 0.3325008 0.1441120 0.1034281 0.2586690 0.0987976 0.1076209 0.2734439 0.2373385 0.0940329 0.1080133 0.3873591 0.3372133 0.2477238 0.3901061 0.0946965 0.0940329 0.4133053 0.0953536 0.0946965 0.3928446 0.3934434 0.3928811 0.1251441 0.0983946 
ON868620/VNM/pig/2019/O/SEA/Unknown               0.2824644 0.0696375 0.0683429 0.2771875 0.2771513 0.2771513 0.2802949 0.2835306 0.2856690 0.0000000 0.0042441 0.0037682 0.0056810 0.0051985 0.3036553 0.2937019 0.3481872 0.2951008 0.3313699 0.2900115 0.2788187 0.2925466 0.0702046 0.3052872 0.4514637 0.3035525 0.0419035 0.3068623 0.3014128 0.2968372 0.3174957 0.3203869 0.3047909 0.2876402 0.2925145 0.2948026 0.0624360 0.0747459 0.0727666 0.0714681 0.0743320 0.0727522 0.0721095 0.0721095 0.0714681 0.0721952 0.2861292 0.3077174 0.2882575 0.0566065 0.3249151 0.3393471 0.3325749 0.2687927 0.2634757 0.2701140 0.4144846 0.3028653 0.2613579 0.1646289 0.2796181 0.2663989 0.3366040 0.0688393 0.2479472 0.2660211 0.5064249 0.4088831 0.3378008 0.5047214 0.2489225 0.2479472 0.5320593 0.2529963 0.2489225 0.5015699 0.5116797 0.4768537 0.3024897 0.2486405 
ON868618/VNM/pig/2019/O/SEA/Unknown               0.2859101 0.0715339 0.0689750 0.2783456 0.2783003 0.2783003 0.2814549 0.2847010 0.2845162 0.0042441 0.0000000 0.0042441 0.0061615 0.0056776 0.3001370 0.2930174 0.3469123 0.2944147 0.3247494 0.2888785 0.2799717 0.2914021 0.0708401 0.3018005 0.4500371 0.3000375 0.0413451 0.3032957 0.2977043 0.2956982 0.3109837 0.3138965 0.3012208 0.2869740 0.2918385 0.2941222 0.0618319 0.0741149 0.0721398 0.0708440 0.0736998 0.0721256 0.0714841 0.0714841 0.0708440 0.0715688 0.2850048 0.3065677 0.2875870 0.0560174 0.3201790 0.3368334 0.3259214 0.2677295 0.2646211 0.2712699 0.4130295 0.2993448 0.2624983 0.1659400 0.2807703 0.2675289 0.3353615 0.0682208 0.2512443 0.2671656 0.5094810 0.4044087 0.3339216 0.5032889 0.2522213 0.2512443 0.5351848 0.2541186 0.2522213 0.5030898 0.5132063 0.4827915 0.3037370 0.2519521 
ON868616/VNM/pig/2018/O/SEA/Unknown               0.2824644 0.0696375 0.0683429 0.2738065 0.2771513 0.2771513 0.2780270 0.2812427 0.2838097 0.0037682 0.0042441 0.0000000 0.0056810 0.0051985 0.2994201 0.2942132 0.3475264 0.2931631 0.3313699 0.2900115 0.2765645 0.2902058 0.0702046 0.3052872 0.4447579 0.3035525 0.0407806 0.3025667 0.3019210 0.2968372 0.3174957 0.3203869 0.3047909 0.2881438 0.2930198 0.2953096 0.0587962 0.0734720 0.0715014 0.0702085 0.0730558 0.0714874 0.0708473 0.0708473 0.0702085 0.0709310 0.2861292 0.3077174 0.2887646 0.0530594 0.3237500 0.3348675 0.3325749 0.2661511 0.2612356 0.2701140 0.4076883 0.3028653 0.2596135 0.1650725 0.2773652 0.2641889 0.3334304 0.0675916 0.2484302 0.2642675 0.5079962 0.4020453 0.3390604 0.5017742 0.2494051 0.2484302 0.5336713 0.2512848 0.2494051 0.5045272 0.5146493 0.4784143 0.3005575 0.2491252 
ON868613/VNM/pig/2019/O/SEA/Unknown               0.2876486 0.0709844 0.0696818 0.2772874 0.2772504 0.2772504 0.2803960 0.2836337 0.2857759 0.0056810 0.0061615 0.0056810 0.0000000 0.0071249 0.2984923 0.2913208 0.3498253 0.2927148 0.3314943 0.2901173 0.2789187 0.2926549 0.0715531 0.3053996 0.4468581 0.3036654 0.0419478 0.3016260 0.3020377 0.2969464 0.3176142 0.3205059 0.3049059 0.2882531 0.2931319 0.2954230 0.0625108 0.0748415 0.0728577 0.0715570 0.0744272 0.0728433 0.0721994 0.0721994 0.0715570 0.0722865 0.2839018 0.3078312 0.2888749 0.0566719 0.3243567 0.3364157 0.3327002 0.2710619 0.2635699 0.2702113 0.4190441 0.3029782 0.2587474 0.1668207 0.2797183 0.2664928 0.3356730 0.0689246 0.2497645 0.2633972 0.5067357 0.4096354 0.3384584 0.4909776 0.2485595 0.2497645 0.5323610 0.2504340 0.2485595 0.4907369 0.5007727 0.4734325 0.2996004 0.2482764 
ON868611/VNM/pig/2018/O/SEA/Unknown               0.2831342 0.0702758 0.0689782 0.2783627 0.2783173 0.2783173 0.2814722 0.2847184 0.2845342 0.0051985 0.0056776 0.0051985 0.0071249 0.0000000 0.3025186 0.2930363 0.3521592 0.2944337 0.3350558 0.2888964 0.2822469 0.2922853 0.0708434 0.3065040 0.4471298 0.3047795 0.0424721 0.3033146 0.3031949 0.2980473 0.3211296 0.3240071 0.3060372 0.2893859 0.2942747 0.2965711 0.0630552 0.0741184 0.0721431 0.0708473 0.0737033 0.0721290 0.0714874 0.0714874 0.0708473 0.0715722 0.2896260 0.3089400 0.2900152 0.0572093 0.3225974 0.3342672 0.3362785 0.2699198 0.2646376 0.2735518 0.4160415 0.3017279 0.2647501 0.1642448 0.2785331 0.2675452 0.3328379 0.0682240 0.2534472 0.2694253 0.4999403 0.4104506 0.3339429 0.4935603 0.2544253 0.2534472 0.5254383 0.2563354 0.2544253 0.4992597 0.5033934 0.4703748 0.3061970 0.2541648 
ON868547/VNM/cow/2018/O/ME-SA/Unknown             0.1626992 0.2727935 0.2684035 0.1365367 0.1334135 0.1334135 0.1333891 0.1332896 0.1364256 0.3036553 0.3001370 0.2994201 0.2984923 0.3025186 0.0000000 0.1823146 0.2769662 0.1791207 0.1710331 0.1507950 0.1485459 0.1497233 0.2698752 0.1514648 0.3661941 0.1454422 0.2862593 0.0806571 0.1711785 0.1552730 0.1622236 0.1659433 0.1594611 0.1720002 0.1701771 0.1714920 0.2829642 0.2707860 0.2723944 0.2698911 0.2739353 0.2722610 0.2687910 0.2710756 0.2698911 0.2718294 0.1771315 0.1536698 0.1654477 0.2761777 0.1914436 0.2752973 0.1737353 0.1815508 0.1198698 0.1300558 0.3323089 0.1524547 0.1102090 0.2495134 0.1461742 0.1236885 0.2813333 0.2633244 0.1058548 0.1147610 0.4084642 0.3361894 0.2522064 0.3967664 0.1036931 0.1058548 0.4309516 0.1090806 0.1036931 0.4028467 0.4114161 0.3932125 0.1328263 0.1074073 
OP751924/IDN/cattle/2022/O/ME-SA/Unknown          0.1707614 0.2625551 0.2562547 0.1576758 0.1527667 0.1527667 0.1568163 0.1575467 0.1646467 0.2937019 0.2930174 0.2942132 0.2913208 0.2930363 0.1823146 0.0000000 0.2859994 0.0023494 0.1251419 0.1632736 0.1666207 0.1828209 0.2601098 0.1131098 0.3342956 0.1147130 0.2736114 0.1775973 0.0578514 0.1137430 0.1116156 0.1100699 0.1063456 0.0551665 0.0526934 0.0564057 0.2832835 0.2647082 0.2649706 0.2623940 0.2606120 0.2648362 0.2612595 0.2636145 0.2623940 0.2643653 0.1602817 0.1135033 0.0515722 0.2748336 0.2086277 0.2876468 0.1295995 0.1875314 0.1394659 0.1550962 0.3265332 0.0962606 0.1477038 0.2602703 0.1602358 0.1494298 0.2826235 0.2538663 0.1435489 0.1530882 0.3964742 0.3319179 0.2610543 0.3647282 0.1426626 0.1435489 0.4176806 0.1391245 0.1426626 0.3716068 0.3789590 0.4009356 0.1722559 0.1437880 
ON736860/UGA/cow/2015/O/EA-2/Unknown              0.2932406 0.3147288 0.3102361 0.2911414 0.2734255 0.2734255 0.2774361 0.2817959 0.2634283 0.3481872 0.3469123 0.3475264 0.3498253 0.3521592 0.2769662 0.2859994 0.0000000 0.2873927 0.2708979 0.2985880 0.2812683 0.2918682 0.3087702 0.2590129 0.3465474 0.2552085 0.3287664 0.2984226 0.2707041 0.2562007 0.2589271 0.2637293 0.2625490 0.2593697 0.2643048 0.2700479 0.3548281 0.3295280 0.3249534 0.3220737 0.3216965 0.3247797 0.3208240 0.3234264 0.3220737 0.3244949 0.2211157 0.2690002 0.2584592 0.3435323 0.2739598 0.0928272 0.2737563 0.2437904 0.2638569 0.2772929 0.3553491 0.2696332 0.2560747 0.3016681 0.2782111 0.2626946 0.0839406 0.3059666 0.2515045 0.2637150 0.4384933 0.3559001 0.2851406 0.4488497 0.2484863 0.2515045 0.4734207 0.2570812 0.2484863 0.4180039 0.4435689 0.4638182 0.2969785 0.2503544 
OP585403/IDN/cattle/2022/O/ME-SA/Unknown          0.1672996 0.2615265 0.2552309 0.1544041 0.1536689 0.1536689 0.1535340 0.1542577 0.1621444 0.2951008 0.2944147 0.2931631 0.2927148 0.2944337 0.1791207 0.0023494 0.2873927 0.0000000 0.1243418 0.1598843 0.1632180 0.1791800 0.2590843 0.1124082 0.3332084 0.1140051 0.2725705 0.1749354 0.0570961 0.1130339 0.1109204 0.1093893 0.1056915 0.0544298 0.0519712 0.0556618 0.2822300 0.2622999 0.2639383 0.2613624 0.2595814 0.2638043 0.2602278 0.2625827 0.2613624 0.2633298 0.1586885 0.1142867 0.0508553 0.2737909 0.2045569 0.2890377 0.1287607 0.1866843 0.1369011 0.1550883 0.3281101 0.0956885 0.1454870 0.2615359 0.1569250 0.1462752 0.2839860 0.2528437 0.1414035 0.1508050 0.3981157 0.3335085 0.2611863 0.3663487 0.1405279 0.1414035 0.4193808 0.1370229 0.1405279 0.3732420 0.3805935 0.4025477 0.1696400 0.1416346 
OM160625/DZA/sheep/2015/O/ME-SA/Ind-2001d         0.1610837 0.2871665 0.2854267 0.1368072 0.1388702 0.1388702 0.1380674 0.1387548 0.1471477 0.3313699 0.3247494 0.3313699 0.3314943 0.3350558 0.1710331 0.1251419 0.2708979 0.1243418 0.0000000 0.1648774 0.1590018 0.1634149 0.2840991 0.0439234 0.3377584 0.0921468 0.3109658 0.1759273 0.0985425 0.0434553 0.0249419 0.0217855 0.0345818 0.0905778 0.0989023 0.1012227 0.3238867 0.2828454 0.2858334 0.2832635 0.2814760 0.2856914 0.2821380 0.2844770 0.2832635 0.2852964 0.1656151 0.0510356 0.0881612 0.3111476 0.2008774 0.2664352 0.0071424 0.1870151 0.1328419 0.1370042 0.3465385 0.0767625 0.1347051 0.2554298 0.1600703 0.1455062 0.2788937 0.2787221 0.1303136 0.1397922 0.3954895 0.3527575 0.2768779 0.3997400 0.1294753 0.1303136 0.4222807 0.1315878 0.1294753 0.3980898 0.4073988 0.3892862 0.1518441 0.1320837 
OM456137/PAK/cattle/2012/O/ME-SA/PanAsia-2        0.0869611 0.2678232 0.2695973 0.0603863 0.0597946 0.0597946 0.0599999 0.0599363 0.1122890 0.2900115 0.2888785 0.2900115 0.2901173 0.2888964 0.1507950 0.1632736 0.2985880 0.1598843 0.1648774 0.0000000 0.0370283 0.1083982 0.2705732 0.1610277 0.3499050 0.1595105 0.2848634 0.1490056 0.1712087 0.1655222 0.1674263 0.1651454 0.1651561 0.1574392 0.1547523 0.1579345 0.2971905 0.2791960 0.2786621 0.2761328 0.2743766 0.2785250 0.2750231 0.2773284 0.2761328 0.2781109 0.1790265 0.1691771 0.1536389 0.2868280 0.1872757 0.2820595 0.1714820 0.1787687 0.0684589 0.0783601 0.3415534 0.1601357 0.1140933 0.2570129 0.0345089 0.0781814 0.2921306 0.2613146 0.1072985 0.1177248 0.4021474 0.3375783 0.2524410 0.3980571 0.1079755 0.1072985 0.4225003 0.1089904 0.1079755 0.4031983 0.4023807 0.3882686 0.1327913 0.1088850 
OM456134/PAK/cattle/2012/O/ME-SA/PanAsia-2        0.0820104 0.2462793 0.2480615 0.0583816 0.0565170 0.0565170 0.0567082 0.0578653 0.1064710 0.2788187 0.2799717 0.2765645 0.2789187 0.2822469 0.1485459 0.1666207 0.2812683 0.1632180 0.1590018 0.0370283 0.0000000 0.0982548 0.2512228 0.1464124 0.3371403 0.1482154 0.2700233 0.1410397 0.1673517 0.1437257 0.1517958 0.1512991 0.1521020 0.1513241 0.1571388 0.1620693 0.2745820 0.2526204 0.2520673 0.2496299 0.2493519 0.2519452 0.2485525 0.2507869 0.2496299 0.2514563 0.1646681 0.1506560 0.1492351 0.2632698 0.1884756 0.2618370 0.1637389 0.1653771 0.0619472 0.0735645 0.3326833 0.1491172 0.1106632 0.2446336 0.0305872 0.0700978 0.2770001 0.2379369 0.0994069 0.1145807 0.3798726 0.3312585 0.2591424 0.4060221 0.1000722 0.0994069 0.4075511 0.1040396 0.1000722 0.3956578 0.3974879 0.3866397 0.1293164 0.1009457 
OK019689/IRN/cow/2016/O/ME-SA/PanAsia-2           0.1092629 0.2679960 0.2596523 0.0868575 0.0834200 0.0834200 0.0830437 0.0836449 0.1333571 0.2925466 0.2914021 0.2902058 0.2926549 0.2922853 0.1497233 0.1828209 0.2918682 0.1791800 0.1634149 0.1083982 0.0982548 0.0000000 0.2673561 0.1552984 0.3995529 0.1502561 0.2781326 0.1394244 0.1821327 0.1578061 0.1547361 0.1567146 0.1508358 0.1634451 0.1668724 0.1719752 0.2851192 0.2720793 0.2728548 0.2703159 0.2700125 0.2727193 0.2692002 0.2715171 0.2703159 0.2722832 0.1746916 0.1613957 0.1622122 0.2747147 0.2046667 0.2913881 0.1647518 0.1925098 0.0813036 0.0926180 0.3661889 0.1520611 0.1132735 0.2561547 0.0964448 0.0880493 0.3034025 0.2568294 0.1102257 0.1179741 0.4032481 0.3685392 0.2765038 0.4151466 0.1094479 0.1102257 0.4348421 0.1066977 0.1094479 0.4171524 0.4241807 0.3964185 0.1393424 0.1103698 
MN389541/CHN/pig/2010/O/SEA/Unknown               0.2659605 0.0071118 0.0080874 0.2493784 0.2501543 0.2501543 0.2481179 0.2510251 0.2441304 0.0702046 0.0708401 0.0702046 0.0715531 0.0708434 0.2698752 0.2601098 0.3087702 0.2590843 0.2840991 0.2705732 0.2512228 0.2673561 0.0000000 0.2614430 0.4062126 0.2440213 0.0420309 0.2750376 0.2578211 0.2561615 0.2640566 0.2654002 0.2557164 0.2507611 0.2511510 0.2508528 0.0558535 0.0186353 0.0170958 0.0160785 0.0181690 0.0170944 0.0165859 0.0165859 0.0160785 0.0150769 0.2413951 0.2586247 0.2471798 0.0444219 0.2889916 0.3015806 0.2879069 0.2192443 0.2296627 0.2406293 0.3767505 0.2593723 0.2223809 0.1279577 0.2468235 0.2272226 0.2981467 0.0115076 0.2172040 0.2242437 0.4442766 0.3747536 0.2905137 0.4468108 0.2160676 0.2172040 0.4680969 0.2168407 0.2160676 0.4527159 0.4554858 0.4375630 0.2577991 0.2177511 
MN095366/IND/cattle/2014/O/ME-SA/Ind-2001d        0.1549106 0.2670806 0.2649709 0.1364610 0.1351230 0.1351230 0.1351626 0.1358379 0.1361707 0.3052872 0.3018005 0.3052872 0.3053996 0.3065040 0.1514648 0.1131098 0.2590129 0.1124082 0.0439234 0.1610277 0.1464124 0.1552984 0.2614430 0.0000000 0.3299119 0.0757538 0.2893567 0.1600252 0.0930342 0.0100506 0.0357668 0.0335429 0.0244628 0.0839925 0.0906517 0.0914967 0.3029117 0.2604168 0.2632236 0.2607682 0.2604807 0.2630962 0.2596862 0.2619317 0.2607682 0.2626416 0.1463791 0.0185526 0.0816242 0.2907129 0.1926789 0.2718064 0.0492530 0.1745899 0.1219838 0.1392725 0.3166703 0.0646856 0.1241802 0.2444968 0.1512366 0.1380182 0.2720413 0.2585161 0.1224685 0.1290490 0.3870399 0.3237004 0.2521342 0.3866723 0.1216598 0.1224685 0.4151263 0.1250230 0.1216598 0.3886961 0.3973044 0.3947682 0.1482549 0.1241634 
NC_039210/GBR/Unknown/1965/O/EURO-SA/Unknown      0.3756312 0.4060341 0.4057567 0.3506291 0.3461749 0.3461749 0.3487341 0.3490372 0.3622068 0.4514637 0.4500371 0.4447579 0.4468581 0.4471298 0.3661941 0.3342956 0.3465474 0.3332084 0.3377584 0.3499050 0.3371403 0.3995529 0.4062126 0.3299119 0.0000000 0.3260538 0.4324179 0.3919400 0.3296029 0.3301570 0.3462746 0.3374553 0.3398557 0.3162125 0.3203314 0.3215593 0.4543022 0.4177914 0.4172360 0.4139314 0.4134483 0.4170050 0.4125204 0.4154684 0.4139314 0.4096088 0.3043469 0.3358448 0.3106421 0.4378019 0.3432846 0.3289347 0.3508078 0.3056172 0.3301645 0.3428500 0.1763068 0.3351504 0.3491502 0.3570133 0.3376123 0.3370281 0.3358372 0.4097693 0.3255090 0.3506600 0.4393420 0.1788874 0.2803101 0.4371247 0.3246012 0.3255090 0.4517549 0.3247963 0.3246012 0.4400891 0.4479058 0.4584943 0.3650265 0.3237918 
MK071699/BGD/cattle/2013/O/ME-SA/Unknown          0.1545380 0.2507042 0.2474600 0.1376459 0.1363021 0.1363021 0.1361464 0.1368235 0.1497882 0.3035525 0.3000375 0.3035525 0.3036654 0.3047795 0.1454422 0.1147130 0.2552085 0.1140051 0.0921468 0.1595105 0.1482154 0.1502561 0.2440213 0.0757538 0.3260538 0.0000000 0.2736540 0.1607008 0.0910887 0.0773748 0.0819452 0.0823425 0.0744440 0.0814087 0.0865016 0.0893748 0.2820152 0.2519417 0.2547029 0.2522703 0.2533912 0.2545800 0.2511958 0.2534246 0.2522703 0.2518637 0.1478310 0.0779889 0.0776535 0.2700749 0.1792119 0.2511950 0.0965286 0.1868454 0.1203323 0.1398902 0.3108193 0.0681745 0.1188013 0.2318943 0.1499638 0.1295369 0.2618906 0.2460245 0.1125452 0.1235883 0.3718567 0.3151560 0.2448956 0.3582637 0.1117604 0.1125452 0.3982317 0.1142521 0.1117604 0.3663595 0.3727809 0.3688195 0.1453289 0.1126949 
MH845413/VNM/pig/2014/O/SEA/Unknown               0.2766358 0.0426273 0.0414758 0.2654783 0.2683677 0.2683677 0.2714028 0.2745344 0.2712514 0.0419035 0.0413451 0.0407806 0.0419478 0.0424721 0.2862593 0.2736114 0.3287664 0.2725705 0.3109658 0.2848634 0.2700233 0.2781326 0.0420309 0.2893567 0.4324179 0.2736540 0.0000000 0.2926726 0.2763738 0.2810910 0.2929028 0.2959725 0.2872906 0.2680668 0.2726792 0.2724598 0.0379745 0.0460752 0.0431839 0.0420345 0.0438973 0.0431779 0.0426055 0.0426055 0.0420345 0.0426496 0.2700688 0.2900237 0.2661929 0.0285518 0.3020534 0.3198182 0.3150341 0.2457671 0.2499308 0.2608834 0.3954859 0.2818716 0.2362668 0.1541540 0.2673264 0.2456091 0.3126187 0.0397253 0.2367743 0.2407881 0.4787650 0.3936016 0.3228972 0.4580869 0.2355930 0.2367743 0.5038977 0.2348033 0.2355930 0.4661325 0.4728984 0.4593822 0.2886441 0.2374137 
MF947127/VNM/buffalo/2012/O/ME-SA/Unknown         0.1652441 0.2797104 0.2748527 0.1313879 0.1311784 0.1311784 0.1314010 0.1320768 0.1453995 0.3068623 0.3032957 0.3025667 0.3016260 0.3033146 0.0806571 0.1775973 0.2984226 0.1749354 0.1759273 0.1490056 0.1410397 0.1394244 0.2750376 0.1600252 0.3919400 0.1607008 0.2926726 0.0000000 0.1750182 0.1602328 0.1670020 0.1727673 0.1663914 0.1629998 0.1683258 0.1716666 0.3004184 0.2770280 0.2799866 0.2774308 0.2816076 0.2798473 0.2763101 0.2786386 0.2774308 0.2765789 0.1823267 0.1659427 0.1636512 0.2962013 0.1946090 0.2786956 0.1794094 0.1816702 0.1097889 0.1281422 0.3544279 0.1636564 0.0922974 0.2624387 0.1430417 0.1220444 0.2864573 0.2649469 0.0919872 0.0966152 0.4214184 0.3669214 0.2546077 0.3988593 0.0912699 0.0919872 0.4461680 0.0921843 0.0912699 0.4201088 0.4245311 0.4047868 0.1247029 0.0948249 
MH891503/VNM/cow/2017/O/ME-SA/Unknown             0.1714325 0.2626044 0.2563003 0.1599817 0.1594955 0.1594955 0.1571697 0.1554360 0.1636507 0.3014128 0.2977043 0.3019210 0.3020377 0.3031949 0.1711785 0.0578514 0.2707041 0.0570961 0.0985425 0.1712087 0.1673517 0.1821327 0.2578211 0.0930342 0.3296029 0.0910887 0.2763738 0.1750182 0.0000000 0.0928613 0.0888927 0.0871268 0.0875285 0.0212023 0.0170873 0.0181273 0.2927323 0.2635502 0.2658499 0.2632704 0.2614859 0.2657151 0.2621349 0.2644922 0.2632704 0.2640515 0.1500408 0.0975370 0.0145681 0.2805133 0.1976966 0.2678162 0.1010835 0.1714431 0.1451109 0.1610249 0.3372676 0.0791209 0.1368393 0.2423901 0.1715334 0.1431906 0.2618445 0.2562348 0.1349261 0.1420261 0.3939533 0.3460198 0.2545240 0.3928590 0.1340654 0.1349261 0.4209872 0.1300423 0.1340654 0.3859021 0.3958515 0.4065404 0.1646710 0.1367503 
MG983734/LKA/water-buffalo/2014/O/ME-SA/Ind-2001d 0.1629304 0.2623828 0.2596697 0.1440285 0.1426734 0.1426734 0.1427293 0.1434129 0.1385806 0.2968372 0.2956982 0.2968372 0.2969464 0.2980473 0.1552730 0.1137430 0.2562007 0.1130339 0.0434553 0.1655222 0.1437257 0.1578061 0.2561615 0.0100506 0.3301570 0.0773748 0.2810910 0.1602328 0.0928613 0.0000000 0.0386548 0.0363962 0.0282588 0.0837878 0.0904707 0.0927053 0.2921314 0.2524671 0.2552277 0.2527967 0.2525173 0.2551048 0.2517225 0.2539502 0.2527967 0.2546277 0.1506330 0.0211702 0.0814099 0.2824295 0.1982336 0.2689366 0.0500092 0.1760655 0.1269152 0.1457337 0.3108776 0.0675586 0.1264020 0.2389361 0.1518069 0.1415898 0.2651960 0.2505717 0.1261894 0.1313134 0.3842486 0.3178404 0.2595607 0.3819040 0.1253705 0.1261894 0.4122562 0.1287807 0.1253705 0.3769600 0.3882289 0.3902657 0.1507734 0.1279109 
MG983726/SAU/cattle/2014/O/ME-SA/Ind-2001d        0.1604569 0.2658311 0.2630743 0.1397335 0.1383756 0.1383756 0.1375764 0.1382604 0.1417709 0.3174957 0.3109837 0.3174957 0.3176142 0.3211296 0.1622236 0.1116156 0.2589271 0.1109204 0.0249419 0.1674263 0.1517958 0.1547361 0.2640566 0.0357668 0.3462746 0.0819452 0.2929028 0.1670020 0.0888927 0.0386548 0.0000000 0.0125127 0.0278012 0.0785113 0.0879093 0.0901289 0.3032597 0.2650054 0.2655884 0.2630859 0.2627908 0.2654576 0.2619841 0.2642712 0.2630859 0.2650027 0.1563349 0.0426308 0.0789001 0.2902047 0.1967498 0.2583457 0.0298010 0.1775622 0.1240470 0.1377346 0.3336953 0.0691949 0.1289436 0.2454663 0.1581410 0.1345105 0.2664057 0.2565755 0.1223772 0.1339210 0.3877231 0.3437301 0.2608738 0.3985801 0.1215615 0.1223772 0.4174522 0.1251301 0.1215615 0.3971838 0.4063929 0.3928690 0.1467042 0.1232881 
MG983725/SAU/cattle/2014/O/ME-SA/Ind-2001d        0.1605927 0.2694482 0.2666867 0.1402476 0.1372875 0.1372875 0.1364898 0.1371718 0.1422978 0.3203869 0.3138965 0.3203869 0.3205059 0.3240071 0.1659433 0.1100699 0.2637293 0.1093893 0.0217855 0.1651454 0.1512991 0.1567146 0.2654002 0.0335429 0.3374553 0.0823425 0.2959725 0.1727673 0.0871268 0.0363962 0.0125127 0.0000000 0.0245831 0.0797232 0.0875227 0.0897314 0.3092511 0.2635899 0.2664447 0.2639536 0.2636596 0.2663142 0.2628569 0.2651334 0.2639536 0.2658641 0.1583427 0.0414551 0.0785557 0.2984941 0.1909273 0.2648278 0.0265695 0.1799584 0.1228523 0.1352241 0.3233692 0.0688823 0.1246200 0.2454626 0.1559550 0.1348293 0.2748592 0.2601910 0.1227194 0.1295299 0.3821932 0.3305688 0.2638544 0.3830112 0.1219053 0.1227194 0.4115679 0.1239313 0.1219053 0.3859988 0.3951762 0.3872980 0.1449264 0.1221017 
MG983709/NPL/cattle/2012/O/ME-SA/Ind-2001d        0.1578818 0.2620347 0.2592793 0.1404088 0.1390423 0.1390423 0.1372696 0.1379566 0.1437461 0.3047909 0.3012208 0.3047909 0.3049059 0.3060372 0.1594611 0.1063456 0.2625490 0.1056915 0.0345818 0.1651561 0.1521020 0.1508358 0.2557164 0.0244628 0.3398557 0.0744440 0.2872906 0.1663914 0.0875285 0.0282588 0.0278012 0.0245831 0.0000000 0.0756556 0.0835207 0.0856848 0.2976785 0.2569620 0.2597924 0.2573091 0.2570202 0.2596649 0.2562139 0.2584864 0.2573091 0.2591935 0.1560960 0.0353504 0.0747152 0.2869803 0.1848864 0.2765403 0.0397307 0.1758024 0.1232407 0.1363719 0.3246824 0.0585362 0.1285553 0.2363105 0.1570230 0.1383535 0.2803086 0.2527694 0.1267699 0.1335471 0.3756251 0.3292923 0.2556712 0.3750570 0.1259411 0.1267699 0.4036291 0.1262801 0.1259411 0.3779407 0.3844996 0.3807377 0.1513009 0.1285134 
MG983702/MUS/cattle/2016/O/ME-SA/Unknown          0.1579645 0.2531131 0.2470248 0.1462215 0.1422002 0.1422002 0.1415882 0.1422873 0.1466112 0.2876402 0.2869740 0.2881438 0.2882531 0.2893859 0.1720002 0.0551665 0.2593697 0.0544298 0.0905778 0.1574392 0.1513241 0.1634451 0.2507611 0.0839925 0.3162125 0.0814087 0.2680668 0.1629998 0.0212023 0.0837878 0.0785113 0.0797232 0.0756556 0.0000000 0.0174898 0.0185257 0.2844419 0.2540270 0.2539421 0.2514447 0.2497244 0.2538161 0.2503418 0.2526298 0.2514447 0.2533222 0.1381302 0.0883104 0.0100240 0.2744533 0.1913450 0.2499224 0.0944054 0.1653687 0.1264062 0.1415868 0.3243684 0.0703892 0.1241460 0.2422836 0.1509310 0.1369663 0.2462173 0.2447097 0.1224035 0.1291041 0.3873473 0.3362599 0.2499889 0.3669561 0.1215802 0.1224035 0.4074854 0.1177057 0.1215802 0.3678754 0.3749874 0.3873359 0.1481357 0.1241289 
MF461724/CHN/cattle/2017/O/ME-SA/Unknown          0.1550387 0.2581407 0.2519564 0.1475118 0.1470115 0.1470115 0.1447343 0.1454393 0.1496343 0.2925145 0.2918385 0.2930198 0.2931319 0.2942747 0.1701771 0.0526934 0.2643048 0.0519712 0.0989023 0.1547523 0.1571388 0.1668724 0.2511510 0.0906517 0.3203314 0.0865016 0.2726792 0.1683258 0.0170873 0.0904707 0.0879093 0.0875227 0.0835207 0.0174898 0.0000000 0.0047143 0.2911982 0.2567557 0.2589962 0.2564666 0.2547197 0.2588675 0.2553505 0.2576664 0.2564666 0.2583838 0.1429449 0.0950985 0.0100213 0.2791383 0.1883879 0.2548369 0.1014350 0.1706868 0.1293144 0.1447580 0.3262972 0.0737617 0.1266994 0.2388682 0.1533100 0.1396501 0.2538038 0.2496085 0.1264803 0.1317041 0.3808106 0.3348947 0.2544528 0.3703624 0.1256463 0.1264803 0.4036228 0.1201879 0.1256463 0.3707184 0.3771576 0.3822463 0.1514022 0.1282346 
LC320038/MNG/cow/2015/O/ME-SA/Unknown             0.1599430 0.2578689 0.2516624 0.1522689 0.1500874 0.1500874 0.1477946 0.1485051 0.1562494 0.2948026 0.2941222 0.2953096 0.2954230 0.2965711 0.1714920 0.0564057 0.2700479 0.0556618 0.1012227 0.1579345 0.1620693 0.1719752 0.2508528 0.0914967 0.3215593 0.0893748 0.2724598 0.1716666 0.0181273 0.0927053 0.0901289 0.0897314 0.0856848 0.0185257 0.0047143 0.0000000 0.2934824 0.2564781 0.2587271 0.2561872 0.2544335 0.2585971 0.2550669 0.2573915 0.2561872 0.2581111 0.1449675 0.0959652 0.0105208 0.2789444 0.1958545 0.2540573 0.1037851 0.1740618 0.1337364 0.1495393 0.3350682 0.0758171 0.1277512 0.2429218 0.1581556 0.1393463 0.2593050 0.2493061 0.1285088 0.1327811 0.3850136 0.3437939 0.2575414 0.3732721 0.1276675 0.1285088 0.4080409 0.1221672 0.1276675 0.3715141 0.3801077 0.3890652 0.1554999 0.1302814 
KX534089/KOR/pig/2016/O/SEA/Unknown               0.2735602 0.0541065 0.0540771 0.2694875 0.2712394 0.2712394 0.2743193 0.2797733 0.2787882 0.0624360 0.0618319 0.0587962 0.0625108 0.0630552 0.2829642 0.2832835 0.3548281 0.2822300 0.3238867 0.2971905 0.2745820 0.2851192 0.0558535 0.3029117 0.4543022 0.2820152 0.0379745 0.3004184 0.2927323 0.2921314 0.3032597 0.3092511 0.2976785 0.2844419 0.2911982 0.2934824 0.0000000 0.0570597 0.0540213 0.0528127 0.0554182 0.0540127 0.0534120 0.0534120 0.0528127 0.0534707 0.2779854 0.3071343 0.2845299 0.0110521 0.3187220 0.3319266 0.3280834 0.2535683 0.2566676 0.2689228 0.4031437 0.2979375 0.2473753 0.1602788 0.2692718 0.2510921 0.3170574 0.0510286 0.2425842 0.2497693 0.4878305 0.4012944 0.3432049 0.4627391 0.2413847 0.2425842 0.5133926 0.2433795 0.2413847 0.4767951 0.4837083 0.4840895 0.2933840 0.2432550 
LC149718/JPN/cow/2010/O/SEA/Unknown               0.2703841 0.0191582 0.0171110 0.2506629 0.2527040 0.2527040 0.2493969 0.2523286 0.2395499 0.0747459 0.0741149 0.0734720 0.0748415 0.0741184 0.2707860 0.2647082 0.3295280 0.2622999 0.2828454 0.2791960 0.2526204 0.2720793 0.0186353 0.2604168 0.4177914 0.2519417 0.0460752 0.2770280 0.2635502 0.2524671 0.2650054 0.2635899 0.2569620 0.2540270 0.2567557 0.2564781 0.0570597 0.0000000 0.0042350 0.0032849 0.0052023 0.0042347 0.0037597 0.0037597 0.0032849 0.0056777 0.2451068 0.2603264 0.2504457 0.0467697 0.2898152 0.3102452 0.2866656 0.2238936 0.2259802 0.2383067 0.3899837 0.2602888 0.2218786 0.1339536 0.2525546 0.2262432 0.3116989 0.0125590 0.2146215 0.2262685 0.4429730 0.3880526 0.3110557 0.4457964 0.2134858 0.2146215 0.4669763 0.2163287 0.2134858 0.4500928 0.4528651 0.4364896 0.2573785 0.2130826 
LC149704/JPN/cow/2010/O/SEA/Unknown               0.2703432 0.0165992 0.0145765 0.2505727 0.2513462 0.2513462 0.2493034 0.2522420 0.2422752 0.0727666 0.0721398 0.0715014 0.0728577 0.0721431 0.2723944 0.2649706 0.3249534 0.2639383 0.2858334 0.2786621 0.2520673 0.2728548 0.0170958 0.2632236 0.4172360 0.2547029 0.0431839 0.2799866 0.2658499 0.2552277 0.2655884 0.2664447 0.2597924 0.2539421 0.2589962 0.2587271 0.0540213 0.0042350 0.0000000 0.0009329 0.0028199 0.0018703 0.0014011 0.0014011 0.0009329 0.0032912 0.2467531 0.2631429 0.2526556 0.0438630 0.2968468 0.3084945 0.2896858 0.2246415 0.2264072 0.2395596 0.3855840 0.2631300 0.2244084 0.1341355 0.2520079 0.2282275 0.3086704 0.0100820 0.2170808 0.2288257 0.4473224 0.3866357 0.3121263 0.4463679 0.2159376 0.2170808 0.4714581 0.2188067 0.2159376 0.4506722 0.4534523 0.4378534 0.2602803 0.2155412 
LC149700/JPN/cow/2010/O/SEA/Unknown               0.2678770 0.0155836 0.0135707 0.2481691 0.2489580 0.2489580 0.2469002 0.2498157 0.2420800 0.0714681 0.0708440 0.0702085 0.0715570 0.0708473 0.2698911 0.2623940 0.3220737 0.2613624 0.2832635 0.2761328 0.2496299 0.2703159 0.0160785 0.2607682 0.4139314 0.2522703 0.0420345 0.2774308 0.2632704 0.2527967 0.2630859 0.2639536 0.2573091 0.2514447 0.2564666 0.2561872 0.0528127 0.0032849 0.0009329 0.0000000 0.0018753 0.0009329 0.0004659 0.0004659 0.0000010 0.0023451 0.2443610 0.2606788 0.2501452 0.0427075 0.2942689 0.3056500 0.2870947 0.2223963 0.2240989 0.2371791 0.3852349 0.2606449 0.2221157 0.1324751 0.2495991 0.2259154 0.3058673 0.0090992 0.2148348 0.2265186 0.4440013 0.3832718 0.3092971 0.4430616 0.2136957 0.2148348 0.4680450 0.2165478 0.2136957 0.4473475 0.4501004 0.4345983 0.2577355 0.2132921 
LC149686/JPN/cow/2010/O/SEA/Unknown               0.2675837 0.0176693 0.0156306 0.2443170 0.2465005 0.2465005 0.2444278 0.2473189 0.2418077 0.0743320 0.0736998 0.0730558 0.0744272 0.0737033 0.2739353 0.2606120 0.3216965 0.2595814 0.2814760 0.2743766 0.2493519 0.2700125 0.0181690 0.2604807 0.4134483 0.2533912 0.0438973 0.2816076 0.2614859 0.2525173 0.2627908 0.2636596 0.2570202 0.2497244 0.2547197 0.2544335 0.0554182 0.0052023 0.0028199 0.0018753 0.0000000 0.0028197 0.0023469 0.0023469 0.0018753 0.0042542 0.2440917 0.2603903 0.2484159 0.0451665 0.2939461 0.3052869 0.2852914 0.2208664 0.2238530 0.2355469 0.3857910 0.2603541 0.2218730 0.1336710 0.2493244 0.2256678 0.3055093 0.0110998 0.2146023 0.2262711 0.4491307 0.3838332 0.3089338 0.4452331 0.2134644 0.2146023 0.4733047 0.2163127 0.2134644 0.4524808 0.4552743 0.4396304 0.2574396 0.2130604 
LC149685/JPN/cow/2010/O/SEA/Unknown               0.2702126 0.0165978 0.0145753 0.2504529 0.2512269 0.2512269 0.2491841 0.2521204 0.2443949 0.0727522 0.0721256 0.0714874 0.0728433 0.0721290 0.2722610 0.2648362 0.3247797 0.2638043 0.2856914 0.2785250 0.2519452 0.2727193 0.0170944 0.2630962 0.4170050 0.2545800 0.0431779 0.2798473 0.2657151 0.2551048 0.2654576 0.2663142 0.2596649 0.2538161 0.2588675 0.2585971 0.0540127 0.0042347 0.0018703 0.0009329 0.0028197 0.0000000 0.0014010 0.0004660 0.0009329 0.0032910 0.2466355 0.2630151 0.2525296 0.0438569 0.2967004 0.3083287 0.2895412 0.2245399 0.2263019 0.2394454 0.3883523 0.2630011 0.2243047 0.1340931 0.2518873 0.2281213 0.3085069 0.0100813 0.2169824 0.2287195 0.4470809 0.3864105 0.3119600 0.4461278 0.2158398 0.2169824 0.4712022 0.2187069 0.2158398 0.4504294 0.4532066 0.4376196 0.2601503 0.2154433 
LC149674/JPN/cow/2010/O/SEA/Unknown               0.2667925 0.0160901 0.0140724 0.2471061 0.2479021 0.2479021 0.2458371 0.2487433 0.2432368 0.0721095 0.0714841 0.0708473 0.0721994 0.0714874 0.2687910 0.2612595 0.3208240 0.2602278 0.2821380 0.2750231 0.2485525 0.2692002 0.0165859 0.2596862 0.4125204 0.2511958 0.0426055 0.2763101 0.2621349 0.2517225 0.2619841 0.2628569 0.2562139 0.2503418 0.2553505 0.2550669 0.0534120 0.0037597 0.0014011 0.0004659 0.0023469 0.0014010 0.0000000 0.0009329 0.0004659 0.0028175 0.2433019 0.2618464 0.2490359 0.0432816 0.2931429 0.3044111 0.2859611 0.2213951 0.2230703 0.2361229 0.3838016 0.2595500 0.2232095 0.1317064 0.2485344 0.2248858 0.3046465 0.0086120 0.2159079 0.2276183 0.4425897 0.3818284 0.3080659 0.4416560 0.2147670 0.2159079 0.4665992 0.2155387 0.2147670 0.4488889 0.4486769 0.4332128 0.2589423 0.2143670 
LC149665/JPN/cow/2010/O/SEA/Unknown               0.2690443 0.0160901 0.0140724 0.2493104 0.2500919 0.2500919 0.2480416 0.2509674 0.2432368 0.0721095 0.0714841 0.0708473 0.0721994 0.0714874 0.2710756 0.2636145 0.3234264 0.2625827 0.2844770 0.2773284 0.2507869 0.2715171 0.0165859 0.2619317 0.4154684 0.2534246 0.0426055 0.2786386 0.2644922 0.2539502 0.2642712 0.2651334 0.2584864 0.2526298 0.2576664 0.2573915 0.0534120 0.0037597 0.0014011 0.0004659 0.0023469 0.0004660 0.0009329 0.0000000 0.0004659 0.0028175 0.2454976 0.2618464 0.2513368 0.0432816 0.2954843 0.3069889 0.2883175 0.2234675 0.2251997 0.2383116 0.3867937 0.2618225 0.2232095 0.1332834 0.2507426 0.2270176 0.3071868 0.0095897 0.2159079 0.2276183 0.4455415 0.3848412 0.3106282 0.4445951 0.2147670 0.2159079 0.4696241 0.2176266 0.2147670 0.4488889 0.4516540 0.4361093 0.2589423 0.2143670 
LC149627/JPN/pig/2010/O/SEA/Unknown               0.2678770 0.0155836 0.0135707 0.2481691 0.2489580 0.2489580 0.2469002 0.2498157 0.2420800 0.0714681 0.0708440 0.0702085 0.0715570 0.0708473 0.2698911 0.2623940 0.3220737 0.2613624 0.2832635 0.2761328 0.2496299 0.2703159 0.0160785 0.2607682 0.4139314 0.2522703 0.0420345 0.2774308 0.2632704 0.2527967 0.2630859 0.2639536 0.2573091 0.2514447 0.2564666 0.2561872 0.0528127 0.0032849 0.0009329 0.0000010 0.0018753 0.0009329 0.0004659 0.0004659 0.0000000 0.0023451 0.2443610 0.2606788 0.2501452 0.0427075 0.2942689 0.3056500 0.2870947 0.2223963 0.2240989 0.2371791 0.3852349 0.2606449 0.2221157 0.1324751 0.2495991 0.2259154 0.3058673 0.0090992 0.2148348 0.2265186 0.4440013 0.3832718 0.3092971 0.4430616 0.2136957 0.2148348 0.4680450 0.2165478 0.2136957 0.4473475 0.4501004 0.4345983 0.2577355 0.2132921 
LC149617/JPN/cow/2010/O/SEA/Unknown               0.2675199 0.0156031 0.0135875 0.2477533 0.2507455 0.2507455 0.2486930 0.2516344 0.2438814 0.0721952 0.0715688 0.0709310 0.0722865 0.0715722 0.2718294 0.2643653 0.3244949 0.2633298 0.2852964 0.2781109 0.2514563 0.2722832 0.0150769 0.2626416 0.4096088 0.2518637 0.0426496 0.2765789 0.2640515 0.2546277 0.2650027 0.2658641 0.2591935 0.2533222 0.2583838 0.2581111 0.0534707 0.0056777 0.0032912 0.0023451 0.0042542 0.0032910 0.0028175 0.0028175 0.0023451 0.0000000 0.2439342 0.2586973 0.2520272 0.0433265 0.2939932 0.3079815 0.2891572 0.2219257 0.2257578 0.2389270 0.3818499 0.2625407 0.2237580 0.1319208 0.2514040 0.2265132 0.3081656 0.0095979 0.2143402 0.2281833 0.4459470 0.3798748 0.3103737 0.4458199 0.2131984 0.2143402 0.4701692 0.2170986 0.2131984 0.4493121 0.4520951 0.4364584 0.2596682 0.2127919 
KY446903/PAK/water-buffalo/2005/O/ME-SA/Unknown   0.1720022 0.2419298 0.2415287 0.1539598 0.1504733 0.1504733 0.1496976 0.1510396 0.1490291 0.2861292 0.2850048 0.2861292 0.2839018 0.2896260 0.1771315 0.1602817 0.2211157 0.1586885 0.1656151 0.1790265 0.1646681 0.1746916 0.2413951 0.1463791 0.3043469 0.1478310 0.2700688 0.1823267 0.1500408 0.1506330 0.1563349 0.1583427 0.1560960 0.1381302 0.1429449 0.1449675 0.2779854 0.2451068 0.2467531 0.2443610 0.2440917 0.2466355 0.2433019 0.2454976 0.2443610 0.2439342 0.0000000 0.1562855 0.1333937 0.2700973 0.1577690 0.2171292 0.1751722 0.1437907 0.1322239 0.1500838 0.2897811 0.1427623 0.1405486 0.2099689 0.1607275 0.1434814 0.2119482 0.2353530 0.1234960 0.1457516 0.3883805 0.2881770 0.2304768 0.3818797 0.1226678 0.1234960 0.4135574 0.1264815 0.1226678 0.3838774 0.3911093 0.3844851 0.1514394 0.1267968 
