79
KC440883/EGY/Unknown/2011/O/ME-SA/PanAsia-2     0.0000000 0.1194033 0.1157785 0.0343949 0.0349641 0.0386252 0.0391506 0.0378951 0.0957367 0.1659964 0.1600543 0.1609575 0.1630640 0.1371938 0.1309892 0.1378566 0.1054366 0.1265518 0.0643500 0.1235315 0.1195092 0.1011010 0.1382176 0.1006910 0.1437321 0.1466924 0.1410817 0.1011521 0.1326802 0.1378213 0.1012484 0.1095327 0.1418953 0.1419559 0.1610155 0.1222384 0.1263163 0.1219751 0.1215233 0.1246806 0.1219587 0.1218428 0.1211086 0.1228268 0.1015646 0.1029286 0.1361008 0.1519390 0.1109777 0.1254630 0.1169063 0.1387535 0.0426763 0.1247311 0.1162894 0.1383152 0.1183974 0.1390535 0.1253691 0.0559335 0.1333778 0.1208992 0.1060321 0.1179299 0.1101574 0.1375389 0.1642266 0.2376758 0.1077129 0.1126764 0.2252505 0.1098053 0.1153099 0.1069255 0.2404781 0.2365576 0.2098205 0.1298804 0.1060321 
HM229661/HKG/pig/2010/O/SEA/Unknown             0.1194033 0.0000000 0.0078611 0.1115828 0.1123986 0.1109222 0.1112595 0.1094385 0.1158348 0.0558266 0.0503360 0.0529428 0.0522264 0.1544675 0.1252190 0.1524465 0.1063860 0.1265640 0.1209250 0.1186634 0.0038735 0.1129572 0.1380086 0.1227256 0.0373254 0.1602488 0.1449787 0.1138895 0.1369384 0.1450483 0.1074232 0.1200033 0.1528154 0.1549869 0.0498372 0.0093912 0.0103861 0.0088671 0.0088810 0.0093764 0.0078609 0.0088721 0.0083633 0.0083633 0.0979400 0.1133015 0.1419474 0.0405670 0.1203241 0.1253190 0.1217963 0.1189400 0.1028075 0.1331929 0.1073210 0.1410510 0.1374197 0.0926117 0.1254265 0.1135381 0.1281186 0.0088937 0.1326469 0.1447948 0.1039726 0.1208268 0.1423061 0.2565721 0.1345683 0.1386043 0.2297307 0.1322037 0.1066380 0.1336811 0.2516289 0.2435659 0.2082900 0.1517772 0.1326469 
JQ900581/CHN/pig/2010/O/SEA/Unknown             0.1157785 0.0078611 0.0000000 0.1132278 0.1140524 0.1142716 0.1129079 0.1110639 0.1209263 0.0626672 0.0569426 0.0596463 0.0588957 0.1544037 0.1288122 0.1523710 0.1130084 0.1313741 0.1209582 0.1213001 0.0088702 0.1156950 0.1363567 0.1224100 0.0422710 0.1604758 0.1471905 0.1166222 0.1379933 0.1452782 0.1133893 0.1245738 0.1531132 0.1573532 0.0564474 0.0145941 0.0166586 0.0150836 0.0151087 0.0156148 0.0140405 0.0140330 0.0145614 0.0145614 0.1034022 0.1177408 0.1441205 0.0480839 0.1241704 0.1250196 0.1282276 0.1205266 0.1027171 0.1363066 0.1159342 0.1437458 0.1392944 0.0976466 0.1284080 0.1135191 0.1295980 0.0140854 0.1344697 0.1467615 0.1124815 0.1207679 0.1457031 0.2605327 0.1364132 0.1405105 0.2316266 0.1358134 0.1135085 0.1355167 0.2538912 0.2457272 0.2081847 0.1561818 0.1344697 
OQ211400/ISR/cattle/2007/O/ME-SA/PanAsia-2      0.0343949 0.1115828 0.1132278 0.0000000 0.0014439 0.0083759 0.0088684 0.0088515 0.0926589 0.1557229 0.1482020 0.1509007 0.1511369 0.1274778 0.1260525 0.1281332 0.0832154 0.1067055 0.0432446 0.1082491 0.1116798 0.0820569 0.1347182 0.0933706 0.1406808 0.1279710 0.1373522 0.0851026 0.1256874 0.1272086 0.0813758 0.0903699 0.1328139 0.1381634 0.1521166 0.1160261 0.1183039 0.1157361 0.1153160 0.1183931 0.1157205 0.1156119 0.1148837 0.1165745 0.0911093 0.0867498 0.1289433 0.1414179 0.1019232 0.1202609 0.0947851 0.1183384 0.0226121 0.1151782 0.1040096 0.1338092 0.1020009 0.1312541 0.1063304 0.0427779 0.1287219 0.1146419 0.0918901 0.1030719 0.0981559 0.1200524 0.1496762 0.2277668 0.0934952 0.0950421 0.2215644 0.0938424 0.1025877 0.0927369 0.2337837 0.2299320 0.1901232 0.1115365 0.0918901 
OQ211393/ISR/goat/2007/O/ME-SA/PanAsia-2        0.0349641 0.1123986 0.1140524 0.0014439 0.0000000 0.0088789 0.0093720 0.0093541 0.0917181 0.1525402 0.1472561 0.1499465 0.1501852 0.1283352 0.1269124 0.1289909 0.0839230 0.1074945 0.0438432 0.1090525 0.1124965 0.0827654 0.1355729 0.0941332 0.1415617 0.1288092 0.1382158 0.0858122 0.1265240 0.1280531 0.0820765 0.0910970 0.1336762 0.1390397 0.1530191 0.1168517 0.1191378 0.1165653 0.1161411 0.1192278 0.1165495 0.1164401 0.1157113 0.1174052 0.0918435 0.0874639 0.1297959 0.1423018 0.1027030 0.1193939 0.0955247 0.1191612 0.0231528 0.1159846 0.1047856 0.1346683 0.1027695 0.1321209 0.1071165 0.0433687 0.1278398 0.1154738 0.0926391 0.1038448 0.0989183 0.1208844 0.1506518 0.2289299 0.0942481 0.0958042 0.2227285 0.0945923 0.1033624 0.0934883 0.2349528 0.2310853 0.1885200 0.1123505 0.0926391 
OQ211381/ISR/gazelle/2007/O/ME-SA/PanAsia-2     0.0386252 0.1109222 0.1142716 0.0083759 0.0088789 0.0000000 0.0083895 0.0083735 0.0955675 0.1592270 0.1515710 0.1543256 0.1545546 0.1311375 0.1279293 0.1317995 0.0830122 0.1092739 0.0440725 0.1115191 0.1126996 0.0849056 0.1405106 0.0963588 0.1420652 0.1353290 0.1393347 0.0879827 0.1309797 0.1308099 0.0811627 0.0902095 0.1383347 0.1438235 0.1535403 0.1153972 0.1176891 0.1151018 0.1146810 0.1177786 0.1150861 0.1149773 0.1142430 0.1159466 0.0954853 0.0896636 0.1325944 0.1427107 0.1050455 0.1203137 0.0961693 0.1251950 0.0254587 0.1195536 0.1089588 0.1375315 0.1048718 0.1400571 0.1105139 0.0447961 0.1305908 0.1157082 0.0963620 0.1059654 0.1029599 0.1279967 0.1605920 0.2369883 0.0980024 0.0996166 0.2258244 0.0983341 0.1040973 0.0972295 0.2431329 0.2391036 0.1936384 0.1165659 0.0963620 
OQ211373/ISR/goat/2007/O/ME-SA/PanAsia-2        0.0391506 0.1112595 0.1129079 0.0088684 0.0093720 0.0083895 0.0000000 0.0078608 0.0952661 0.1564231 0.1488625 0.1515768 0.1518120 0.1306393 0.1268781 0.1312984 0.0848597 0.1105280 0.0445422 0.1094796 0.1113565 0.0853064 0.1364319 0.0944830 0.1361910 0.1348202 0.1426769 0.0883717 0.1287638 0.1303207 0.0829988 0.0914195 0.1398956 0.1453971 0.1493129 0.1140312 0.1162979 0.1137313 0.1133193 0.1163855 0.1154093 0.1136092 0.1145695 0.1145695 0.0951870 0.0885811 0.1320930 0.1404328 0.1030923 0.1216772 0.0980559 0.1248297 0.0270459 0.1191303 0.1069877 0.1370049 0.1045264 0.1384649 0.1101375 0.0476797 0.1301980 0.1143251 0.0960544 0.1056139 0.1010471 0.1207287 0.1557911 0.2358563 0.0976872 0.0992925 0.2271822 0.0980190 0.1021683 0.0969177 0.2419617 0.2379698 0.1950431 0.1161505 0.0960544 
OQ211365/PSE/sheep/2007/O/ME-SA/PanAsia-2       0.0378951 0.1094385 0.1110639 0.0088515 0.0093541 0.0083735 0.0078608 0.0000000 0.0897636 0.1533984 0.1459027 0.1464003 0.1488304 0.1224291 0.1217194 0.1230837 0.0790313 0.1046209 0.0445023 0.1083998 0.1095334 0.0780067 0.1369583 0.0904038 0.1348389 0.1298708 0.1322703 0.0810522 0.1241580 0.1222356 0.0772319 0.0860736 0.1312447 0.1365740 0.1478766 0.1138650 0.1178255 0.1135650 0.1131545 0.1162129 0.1135496 0.1134433 0.1127150 0.1144013 0.0897357 0.0826765 0.1239236 0.1372517 0.0988945 0.1214027 0.0919078 0.1185054 0.0270244 0.1130647 0.1091424 0.1304967 0.1003787 0.1343461 0.1042538 0.0476367 0.1281660 0.1124616 0.0935390 0.1014395 0.1031770 0.1236373 0.1554856 0.2335717 0.0951547 0.0967243 0.2225296 0.0954959 0.1043088 0.0943922 0.2396358 0.2356943 0.1887176 0.1133584 0.0935390 
OP957418/BGD/cattle/2021/O/ME-SA/PanAsia-2      0.0957367 0.1158348 0.1209263 0.0926589 0.0917181 0.0955675 0.0952661 0.0897636 0.0000000 0.1433601 0.1411468 0.1428426 0.1440975 0.1035711 0.1243321 0.1042115 0.0998049 0.0878365 0.0995100 0.0867141 0.1176499 0.0990099 0.1110082 0.0765794 0.1395996 0.1189751 0.1021536 0.0998357 0.0970728 0.0962121 0.0988365 0.1046216 0.1062588 0.1044522 0.1484455 0.1153202 0.1178690 0.1135670 0.1145977 0.1162405 0.1135515 0.1144963 0.1127089 0.1144113 0.0801756 0.0972547 0.0953295 0.1437805 0.0791722 0.1145618 0.1132180 0.1230495 0.0805276 0.0898434 0.0929453 0.0942397 0.0894062 0.1276634 0.0875360 0.0912464 0.1228421 0.1118835 0.0820263 0.0920700 0.0903114 0.1026673 0.1390545 0.2261973 0.0835606 0.0864596 0.2151911 0.0824146 0.0959996 0.0828314 0.2247245 0.2188156 0.1603370 0.1027143 0.0820263 
ON868617/VNM/pig/2019/O/SEA/Unknown             0.1659964 0.0558266 0.0626672 0.1557229 0.1525402 0.1592270 0.1564231 0.1533984 0.1433601 0.0000000 0.0058897 0.0079084 0.0053883 0.1908521 0.1619028 0.1886345 0.1392162 0.1531042 0.1672250 0.1571007 0.0558621 0.1420021 0.1688869 0.1563697 0.0446359 0.2042249 0.1853153 0.1461544 0.1704301 0.1762718 0.1384527 0.1529134 0.1876957 0.1890277 0.0592590 0.0608075 0.0593410 0.0586851 0.0601140 0.0606676 0.0586778 0.0600230 0.0580380 0.0593263 0.1307004 0.1485555 0.1771903 0.0505980 0.1569112 0.1660776 0.1511328 0.1488485 0.1448116 0.1670313 0.1409183 0.1814548 0.1742152 0.1244751 0.1483192 0.1573153 0.1671879 0.0576189 0.1752853 0.1826171 0.1371731 0.1555819 0.1875319 0.3014881 0.1774682 0.1794458 0.2554844 0.1713395 0.1389527 0.1764805 0.2960645 0.2894197 0.2439126 0.1951954 0.1752853 
ON868615/VNM/pig/2018/O/SEA/Unknown             0.1600543 0.0503360 0.0569426 0.1482020 0.1472561 0.1515710 0.1488625 0.1459027 0.1411468 0.0058897 0.0000000 0.0048704 0.0014441 0.1830632 0.1538472 0.1808769 0.1317144 0.1460651 0.1611894 0.1504409 0.0503669 0.1365364 0.1635053 0.1504759 0.0382336 0.1961198 0.1777500 0.1406107 0.1658349 0.1668118 0.1310088 0.1450701 0.1800335 0.1812938 0.0535043 0.0563933 0.0549764 0.0543371 0.0557202 0.0562679 0.0543305 0.0556388 0.0537061 0.0549629 0.1217685 0.1429577 0.1697670 0.0439327 0.1500359 0.1582155 0.1432525 0.1407385 0.1393939 0.1595846 0.1346955 0.1751900 0.1681282 0.1217024 0.1394953 0.1516119 0.1590943 0.0532806 0.1691729 0.1763753 0.1310143 0.1480566 0.1798101 0.2949537 0.1713218 0.1732085 0.2491361 0.1653122 0.1338255 0.1703469 0.2862544 0.2797577 0.2408739 0.1916760 0.1691729 
ON868607/VNM/pig/2019/O/SEA/Unknown             0.1609575 0.0529428 0.0596463 0.1509007 0.1499465 0.1543256 0.1515768 0.1464003 0.1428426 0.0079084 0.0048704 0.0000000 0.0043749 0.1848360 0.1575490 0.1848360 0.1323578 0.1477021 0.1621104 0.1522511 0.0529758 0.1372069 0.1653634 0.1499825 0.0418811 0.1929981 0.1820015 0.1413039 0.1702889 0.1730305 0.1316449 0.1458931 0.1843423 0.1856444 0.0574647 0.0590954 0.0576531 0.0570059 0.0584122 0.0589616 0.0569989 0.0583252 0.0563672 0.0576390 0.1231698 0.1436653 0.1739278 0.0477076 0.1495452 0.1599096 0.1439671 0.1423428 0.1400676 0.1613177 0.1393925 0.1772339 0.1700218 0.1220917 0.1429775 0.1524690 0.1607903 0.0559469 0.1710767 0.1783353 0.1357563 0.1474638 0.1819594 0.2977553 0.1732409 0.1751601 0.2491919 0.1671810 0.1386069 0.1722599 0.2890139 0.2824647 0.2457457 0.1937957 0.1710767 
ON868593/VNM/pig/2018/O/SEA/Unknown             0.1630640 0.0522264 0.0588957 0.1511369 0.1501852 0.1545546 0.1518120 0.1488304 0.1440975 0.0053883 0.0014441 0.0043749 0.0000000 0.1865724 0.1569674 0.1843744 0.1345401 0.1471685 0.1623191 0.1535313 0.0522588 0.1394018 0.1666003 0.1535367 0.0400273 0.1973814 0.1811650 0.1435089 0.1691055 0.1701382 0.1338142 0.1479994 0.1834894 0.1847805 0.0554437 0.0583458 0.0569122 0.0562679 0.0576662 0.0582145 0.0562610 0.0575809 0.0556320 0.0568983 0.1244854 0.1458796 0.1731269 0.0457860 0.1530742 0.1612555 0.1461988 0.1435325 0.1422289 0.1607308 0.1376012 0.1785267 0.1692892 0.1234920 0.1405795 0.1545726 0.1621328 0.0552107 0.1703386 0.1775651 0.1338944 0.1491500 0.1832931 0.2992182 0.1724938 0.1743977 0.2506950 0.1664621 0.1367215 0.1715166 0.2904829 0.2839272 0.2423675 0.1929414 0.1703386 
OP751924/IDN/cattle/2022/O/ME-SA/Unknown        0.1371938 0.1544675 0.1544037 0.1274778 0.1283352 0.1311375 0.1306393 0.1224291 0.1035711 0.1908521 0.1830632 0.1848360 0.1865724 0.0000000 0.1506445 0.0028984 0.1168729 0.1192654 0.1283183 0.0762573 0.1566592 0.1152469 0.1550283 0.1082211 0.1827229 0.1613510 0.0394524 0.1180023 0.0595874 0.0346499 0.1120928 0.1288634 0.0408818 0.0440864 0.1923657 0.1592326 0.1615246 0.1584070 0.1584221 0.1616720 0.1583842 0.1582092 0.1573715 0.1594214 0.1191722 0.1213155 0.0335582 0.1860058 0.1248735 0.1573770 0.1325998 0.1672790 0.1056626 0.1337254 0.1220695 0.0668214 0.1295969 0.1627667 0.1171468 0.1160797 0.1567072 0.1588697 0.1239389 0.1340477 0.1167794 0.1564415 0.1514948 0.2470866 0.1258616 0.1298353 0.2448594 0.1215795 0.1214646 0.1249696 0.2506389 0.2439650 0.2026160 0.1473391 0.1239389 
ON736860/UGA/cow/2015/O/EA-2/Unknown            0.1309892 0.1252190 0.1288122 0.1260525 0.1269124 0.1279293 0.1268781 0.1217194 0.1243321 0.1619028 0.1538472 0.1575490 0.1569674 0.1506445 0.0000000 0.1494956 0.1114370 0.1217171 0.1339953 0.1239182 0.1253363 0.1137911 0.1452860 0.1193084 0.1437634 0.1554098 0.1538622 0.1145573 0.1488686 0.1478603 0.1109439 0.1254687 0.1562627 0.1588908 0.1536933 0.1298811 0.1314213 0.1268467 0.1291253 0.1297018 0.1268289 0.1278450 0.1259337 0.1277437 0.1084523 0.1168984 0.1492347 0.1472362 0.1398258 0.0511189 0.1278255 0.1367561 0.1145828 0.1291214 0.1108165 0.1498672 0.1376445 0.1478148 0.1230477 0.1204454 0.0548355 0.1257430 0.1303520 0.1453122 0.1048182 0.1370199 0.1527769 0.2414674 0.1323105 0.1364091 0.2307845 0.1305850 0.1085982 0.1314051 0.2411633 0.2298272 0.1961747 0.1489577 0.1303520 
OP585403/IDN/cattle/2022/O/ME-SA/Unknown        0.1378566 0.1524465 0.1523710 0.1281332 0.1289909 0.1317995 0.1312984 0.1230837 0.1042115 0.1886345 0.1808769 0.1848360 0.1843744 0.0028984 0.1494956 0.0000000 0.1175335 0.1182619 0.1289746 0.0768408 0.1546287 0.1159129 0.1519042 0.1088940 0.1805624 0.1601896 0.0387997 0.1186651 0.0588433 0.0340185 0.1127482 0.1287672 0.0402196 0.0434084 0.1901680 0.1571973 0.1594673 0.1563605 0.1563875 0.1596125 0.1563379 0.1561655 0.1553287 0.1573715 0.1181865 0.1219778 0.0329301 0.1838233 0.1237382 0.1539370 0.1332777 0.1659523 0.1063787 0.1326786 0.1210949 0.0660419 0.1302752 0.1614553 0.1161525 0.1150331 0.1555637 0.1568020 0.1246140 0.1347316 0.1157342 0.1572656 0.1522328 0.2470866 0.1265381 0.1305200 0.2475258 0.1222509 0.1203996 0.1256459 0.2506389 0.2439650 0.2027633 0.1480500 0.1246140 
OM160612/TUN/cattle/2014/O/ME-SA/Ind-2001d      0.1054366 0.1063860 0.1130084 0.0832154 0.0839230 0.0830122 0.0848597 0.0790313 0.0998049 0.1392162 0.1317144 0.1323578 0.1345401 0.1168729 0.1114370 0.1175335 0.0000000 0.1000914 0.0891777 0.0997139 0.1087710 0.0226647 0.1338420 0.0960986 0.1334674 0.1308160 0.1247755 0.0247557 0.1169297 0.1177465 0.0078471 0.0398396 0.1247063 0.1281982 0.1446879 0.1103960 0.1119732 0.1094376 0.1096884 0.1120564 0.1094227 0.1103463 0.1085960 0.1102660 0.0701300 0.0287214 0.1163701 0.1355482 0.0936448 0.1167385 0.0120376 0.1086139 0.0733314 0.1118577 0.1020606 0.1195904 0.1084353 0.1273885 0.0997372 0.0841842 0.1131055 0.1116854 0.1035300 0.1133250 0.0986187 0.1231492 0.1404202 0.2401358 0.1052365 0.1102643 0.2280432 0.1007427 0.1013158 0.1044358 0.2402109 0.2314842 0.1805685 0.1194494 0.1035300 
OM456144/PAK/cattle/2010/O/ME-SA/PanAsia-2      0.1265518 0.1265640 0.1313741 0.1067055 0.1074945 0.1092739 0.1105280 0.1046209 0.0878365 0.1531042 0.1460651 0.1477021 0.1471685 0.1192654 0.1217171 0.1182619 0.1000914 0.0000000 0.1061312 0.1056823 0.1266813 0.1026579 0.1368639 0.0829214 0.1368506 0.1153898 0.1183141 0.1069325 0.1131452 0.1137830 0.1014712 0.1092091 0.1192846 0.1245011 0.1572330 0.1260763 0.1251518 0.1242392 0.1253358 0.1270313 0.1242221 0.1252144 0.1233457 0.1251173 0.0777405 0.1074276 0.1117467 0.1513009 0.0967141 0.1300223 0.1149347 0.1298823 0.0969273 0.0275033 0.0990877 0.1083044 0.0985181 0.1493295 0.0145735 0.1096526 0.1328994 0.1243565 0.1003010 0.1021622 0.0933801 0.1156450 0.1382635 0.2381710 0.1019600 0.1041719 0.2274746 0.1012463 0.0986112 0.1011802 0.2297701 0.2177631 0.1877398 0.1255817 0.1003010 
OM456134/PAK/cattle/2012/O/ME-SA/PanAsia-2      0.0643500 0.1209250 0.1209582 0.0432446 0.0438432 0.0440725 0.0445422 0.0445023 0.0995100 0.1672250 0.1611894 0.1621104 0.1623191 0.1283183 0.1339953 0.1289746 0.0891777 0.1061312 0.0000000 0.1128701 0.1210339 0.0915152 0.1401666 0.1064525 0.1465594 0.1420231 0.1335594 0.0946273 0.1237321 0.1280362 0.0881332 0.0982503 0.1348915 0.1402919 0.1547276 0.1207417 0.1224392 0.1215459 0.1217442 0.1242775 0.1215293 0.1214127 0.1206710 0.1224059 0.0959421 0.0922871 0.1280373 0.1478210 0.1057250 0.1344872 0.0986411 0.1354627 0.0430909 0.1194439 0.1109026 0.1302293 0.1132010 0.1468483 0.1065264 0.0577006 0.1299117 0.1242209 0.1026445 0.1143542 0.1048982 0.1333510 0.1677836 0.2550311 0.1043303 0.1060390 0.2411728 0.1045598 0.1076398 0.1035389 0.2556561 0.2490184 0.1925330 0.1225614 0.1026445 
OK019689/IRN/cow/2016/O/ME-SA/PanAsia-2         0.1235315 0.1186634 0.1213001 0.1082491 0.1090525 0.1115191 0.1094796 0.1083998 0.0867141 0.1571007 0.1504409 0.1522511 0.1535313 0.0762573 0.1239182 0.0768408 0.0997139 0.1056823 0.1128701 0.0000000 0.1205395 0.1029843 0.1150356 0.0924982 0.1410536 0.1386491 0.0813811 0.1073478 0.0771665 0.0724134 0.1001393 0.1086308 0.0767513 0.0778565 0.1557538 0.1259319 0.1253846 0.1208900 0.1231043 0.1236898 0.1208731 0.1228036 0.1199934 0.1217716 0.0909418 0.1053937 0.0679065 0.1424752 0.0916979 0.1188501 0.1152825 0.1213654 0.0957459 0.1116239 0.0921407 0.0784477 0.1070616 0.1272887 0.1018745 0.1031265 0.1206189 0.1190971 0.0973057 0.1117404 0.0881642 0.1225037 0.1232411 0.2187721 0.0989946 0.1022969 0.2271338 0.0983622 0.0907376 0.0981993 0.2176114 0.2091131 0.1796914 0.1175908 0.0973057 
MN389541/CHN/pig/2010/O/SEA/Unknown             0.1195092 0.0038735 0.0088702 0.1116798 0.1124965 0.1126996 0.1113565 0.1095334 0.1176499 0.0558621 0.0503669 0.0529758 0.0522588 0.1566592 0.1253363 0.1546287 0.1087710 0.1266813 0.1210339 0.1205395 0.0000000 0.1130569 0.1399450 0.1228389 0.0385107 0.1604068 0.1490684 0.1139896 0.1389626 0.1471511 0.1091637 0.1201104 0.1570014 0.1592217 0.0523480 0.0114317 0.0124330 0.0108976 0.0109151 0.0114134 0.0098807 0.0109039 0.0103885 0.0103885 0.1012049 0.1134011 0.1460069 0.0429740 0.1221896 0.1254334 0.1236474 0.1206885 0.1045040 0.1333180 0.1090943 0.1450279 0.1375486 0.0956431 0.1246141 0.1169998 0.1299971 0.0099116 0.1327704 0.1449330 0.1057272 0.1209354 0.1444537 0.2568621 0.1346940 0.1387359 0.2323875 0.1323262 0.1084068 0.1338059 0.2519136 0.2438404 0.2085214 0.1538501 0.1327704 
MN095354/IND/cattle/2013/O/ME-SA/Ind-2001d      0.1011010 0.1129572 0.1156950 0.0820569 0.0827654 0.0849056 0.0853064 0.0780067 0.0990099 0.1420021 0.1365364 0.1372069 0.1394018 0.1152469 0.1137911 0.1159129 0.0226647 0.1026579 0.0915152 0.1029843 0.1130569 0.0000000 0.1280135 0.0926690 0.1382545 0.1363958 0.1281319 0.0078627 0.1207760 0.1198659 0.0215231 0.0412949 0.1280857 0.1298598 0.1518701 0.1164144 0.1197909 0.1154702 0.1156963 0.1181571 0.1154544 0.1164050 0.1146082 0.1163181 0.0748154 0.0188556 0.1184741 0.1428943 0.1010040 0.1234860 0.0331342 0.1130585 0.0731158 0.1130431 0.1010103 0.1199952 0.1075525 0.1270599 0.1046256 0.0840379 0.1239255 0.1160810 0.1035289 0.1124647 0.0959859 0.1336465 0.1393326 0.2281077 0.1052499 0.1103220 0.2259472 0.1007183 0.1020627 0.1044424 0.2365409 0.2302002 0.1809515 0.1195956 0.1035289 
NC_039210/GBR/Unknown/1965/O/EURO-SA/Unknown    0.1382176 0.1380086 0.1363567 0.1347182 0.1355729 0.1405106 0.1364319 0.1369583 0.1110082 0.1688869 0.1635053 0.1653634 0.1666003 0.1550283 0.1452860 0.1519042 0.1338420 0.1368639 0.1401666 0.1150356 0.1399450 0.1280135 0.0000000 0.1194767 0.1546335 0.1881073 0.1389892 0.1276814 0.1342416 0.1417372 0.1332217 0.1354641 0.1429095 0.1417982 0.1625592 0.1369166 0.1356654 0.1347390 0.1358755 0.1375789 0.1347207 0.1358356 0.1338325 0.1356287 0.1087755 0.1262943 0.1396866 0.1609117 0.1173561 0.1501799 0.1438499 0.1409154 0.1217269 0.1372156 0.0962052 0.1325286 0.1463716 0.1537077 0.1366520 0.1334202 0.1511209 0.1397528 0.1401360 0.1505176 0.0936394 0.1302042 0.1462003 0.2541755 0.1399704 0.1461225 0.2465927 0.1413329 0.0985074 0.1411691 0.2678512 0.2564292 0.2212435 0.1557788 0.1401360 
MK071699/BGD/cattle/2013/O/ME-SA/Unknown        0.1006910 0.1227256 0.1224100 0.0933706 0.0941332 0.0963588 0.0944830 0.0904038 0.0765794 0.1563697 0.1504759 0.1499825 0.1535367 0.1082211 0.1193084 0.1088940 0.0960986 0.0829214 0.1064525 0.0924982 0.1228389 0.0926690 0.1194767 0.0000000 0.1475125 0.1033617 0.1146039 0.0951070 0.1091924 0.1091029 0.0910193 0.1033634 0.1162126 0.1196457 0.1570271 0.1278532 0.1266392 0.1239397 0.1250388 0.1267398 0.1239225 0.1249175 0.1230435 0.1248204 0.0925183 0.1012948 0.1053468 0.1499504 0.0753402 0.1278902 0.1093573 0.1181346 0.0834444 0.0903883 0.1021747 0.1078948 0.0713634 0.1240082 0.0826389 0.0935289 0.1353620 0.1213063 0.0692732 0.0731263 0.0947274 0.1057148 0.1147574 0.2183952 0.0706803 0.0746433 0.2184898 0.0677245 0.1005402 0.0691809 0.2237711 0.2173782 0.1703238 0.0833719 0.0692732 
MH845413/VNM/pig/2014/O/SEA/Unknown             0.1437321 0.0373254 0.0422710 0.1406808 0.1415617 0.1420652 0.1361910 0.1348389 0.1395996 0.0446359 0.0382336 0.0418811 0.0400273 0.1827229 0.1437634 0.1805624 0.1334674 0.1368506 0.1465594 0.1410536 0.0385107 0.1382545 0.1546335 0.1475125 0.0000000 0.1868179 0.1794818 0.1430920 0.1591998 0.1726170 0.1337725 0.1406349 0.1839177 0.1825760 0.0346250 0.0429254 0.0404446 0.0398474 0.0411111 0.0416478 0.0398426 0.0410572 0.0392566 0.0404348 0.1202912 0.1367585 0.1715321 0.0260202 0.1488314 0.1530415 0.1461879 0.1398056 0.1343464 0.1539028 0.1326030 0.1786745 0.1636244 0.1148902 0.1352897 0.1428381 0.1522563 0.0381323 0.1627150 0.1716835 0.1289665 0.1424037 0.1697723 0.2800730 0.1648120 0.1675087 0.2422693 0.1621078 0.1317461 0.1638579 0.2776002 0.2715098 0.2256868 0.1844844 0.1627150 
MF947132/VNM/buffalo/2015/O/ME-SA/Unknown       0.1466924 0.1602488 0.1604758 0.1279710 0.1288092 0.1353290 0.1348202 0.1298708 0.1189751 0.2042249 0.1961198 0.1929981 0.1973814 0.1613510 0.1554098 0.1601896 0.1308160 0.1153898 0.1420231 0.1386491 0.1604068 0.1363958 0.1881073 0.1033617 0.1868179 0.0000000 0.1657803 0.1380430 0.1453909 0.1539835 0.1276573 0.1419962 0.1680081 0.1690847 0.1956406 0.1602631 0.1630793 0.1601418 0.1614329 0.1632193 0.1601202 0.1612348 0.1591656 0.1610977 0.1124384 0.1412287 0.1534515 0.1896003 0.1228600 0.1519172 0.1480340 0.1669214 0.1161850 0.1146547 0.1297786 0.1603425 0.0796018 0.1645407 0.1103239 0.1249475 0.1632510 0.1621702 0.0776501 0.0828687 0.1271930 0.1328685 0.1638236 0.2358219 0.0791022 0.0809306 0.2454710 0.0766547 0.1340916 0.0784103 0.2413823 0.2283072 0.1735801 0.1019624 0.0776501 
MH891503/VNM/cow/2017/O/ME-SA/Unknown           0.1410817 0.1449787 0.1471905 0.1373522 0.1382158 0.1393347 0.1426769 0.1322703 0.1021536 0.1853153 0.1777500 0.1820015 0.1811650 0.0394524 0.1538622 0.0387997 0.1247755 0.1183141 0.1335594 0.0813811 0.1490684 0.1281319 0.1389892 0.1146039 0.1794818 0.1657803 0.0000000 0.1290795 0.0479851 0.0203040 0.1216551 0.1370489 0.0145104 0.0171998 0.1921763 0.1527817 0.1546019 0.1495762 0.1496408 0.1527348 0.1495547 0.1517458 0.1485723 0.1505604 0.1190438 0.1292352 0.0150414 0.1785379 0.1297914 0.1535615 0.1363760 0.1658395 0.1181494 0.1298897 0.1259522 0.0465373 0.1363638 0.1649525 0.1199475 0.1277590 0.1648698 0.1495809 0.1370137 0.1429612 0.1214869 0.1573126 0.1492699 0.2556522 0.1368476 0.1431084 0.2528901 0.1324915 0.1251908 0.1380677 0.2555012 0.2475382 0.1973419 0.1564825 0.1370137 
MG983716/NPL/cattle/2014/O/ME-SA/Ind-2001d      0.1011521 0.1138895 0.1166222 0.0851026 0.0858122 0.0879827 0.0883717 0.0810522 0.0998357 0.1461544 0.1406107 0.1413039 0.1435089 0.1180023 0.1145573 0.1186651 0.0247557 0.1069325 0.0946273 0.1073478 0.1139896 0.0078627 0.1276814 0.0951070 0.1430920 0.1380430 0.1290795 0.0000000 0.1200210 0.1208487 0.0246908 0.0447082 0.1272611 0.1308123 0.1568970 0.1173309 0.1206960 0.1163970 0.1166173 0.1190713 0.1163812 0.1173278 0.1155392 0.1172407 0.0786914 0.0187597 0.1194662 0.1478112 0.1036529 0.1234370 0.0353096 0.1147607 0.0761216 0.1140306 0.1052187 0.1227235 0.1111139 0.1289305 0.1088936 0.0871074 0.1238733 0.1170100 0.1061639 0.1160669 0.1001566 0.1381332 0.1442414 0.2299834 0.1078883 0.1129856 0.2301935 0.1033400 0.1062854 0.1070805 0.2359373 0.2320478 0.1862609 0.1223358 0.1061639 
MG983704/NPL/cattle/2008/O/ME-SA/Unknown        0.1326802 0.1369384 0.1379933 0.1256874 0.1265240 0.1309797 0.1287638 0.1241580 0.0970728 0.1704301 0.1658349 0.1702889 0.1691055 0.0595874 0.1488686 0.0588433 0.1169297 0.1131452 0.1237321 0.0771665 0.1389626 0.1207760 0.1342416 0.1091924 0.1591998 0.1453909 0.0479851 0.1200210 0.0000000 0.0441750 0.1122164 0.1252392 0.0469806 0.0483164 0.1692655 0.1384090 0.1423009 0.1375100 0.1376380 0.1405101 0.1374905 0.1395666 0.1365535 0.1384488 0.1142590 0.1222925 0.0418579 0.1629240 0.1191678 0.1451006 0.1299590 0.1555106 0.1088293 0.1256399 0.1174939 0.0367305 0.1268568 0.1516662 0.1108050 0.1157526 0.1499657 0.1396691 0.1219546 0.1320347 0.1131906 0.1578183 0.1438605 0.2312389 0.1238056 0.1276126 0.2437746 0.1194352 0.1167480 0.1229460 0.2316296 0.2254871 0.2012595 0.1428456 0.1219546 
MG983700/MUS/cattle/2016/O/ME-SA/Unknown        0.1378213 0.1450483 0.1452782 0.1272086 0.1280531 0.1308099 0.1303207 0.1222356 0.0962121 0.1762718 0.1668118 0.1730305 0.1701382 0.0346499 0.1478603 0.0340185 0.1177465 0.1137830 0.1280362 0.0724134 0.1471511 0.1198659 0.1417372 0.1091029 0.1726170 0.1539835 0.0203040 0.1208487 0.0441750 0.0000000 0.1130188 0.1305896 0.0171746 0.0188342 0.1876413 0.1488628 0.1506406 0.1456807 0.1457673 0.1487944 0.1456598 0.1478181 0.1446902 0.1466522 0.1121964 0.1204076 0.0088507 0.1762865 0.1249314 0.1477170 0.1314887 0.1660206 0.1100304 0.1252062 0.1224456 0.0500389 0.1270313 0.1518133 0.1117550 0.1193360 0.1610930 0.1456579 0.1276257 0.1334129 0.1180249 0.1561050 0.1433204 0.2594257 0.1295286 0.1334877 0.2572789 0.1232601 0.1216866 0.1286476 0.2564910 0.2475155 0.2031441 0.1452284 0.1276257 
MG983695/LBY/cattle/2013/O/ME-SA/Ind-2001d      0.1012484 0.1074232 0.1133893 0.0813758 0.0820765 0.0811627 0.0829988 0.0772319 0.0988365 0.1384527 0.1310088 0.1316449 0.1338142 0.1120928 0.1109439 0.1127482 0.0078471 0.1014712 0.0881332 0.1001393 0.1091637 0.0215231 0.1332217 0.0910193 0.1337725 0.1276573 0.1216551 0.0246908 0.1122164 0.1130188 0.0000000 0.0385534 0.1215646 0.1249958 0.1437819 0.1107831 0.1123572 0.1098304 0.1100784 0.1124404 0.1098156 0.1107362 0.1089917 0.1106560 0.0690817 0.0275324 0.1133398 0.1365107 0.0942643 0.1194380 0.0183389 0.1073797 0.0696748 0.1132512 0.0984899 0.1165238 0.1055892 0.1198929 0.1011127 0.0803208 0.1147601 0.1120726 0.1023332 0.1087661 0.0951042 0.1237545 0.1365036 0.2308931 0.1040263 0.1090066 0.2269966 0.0995720 0.0993233 0.1032314 0.2336529 0.2274574 0.1798516 0.1163658 0.1023332 
MG983684/BGD/cattle/2009/O/ME-SA/Ind-2001d      0.1095327 0.1200033 0.1245738 0.0903699 0.0910970 0.0902095 0.0914195 0.0860736 0.1046216 0.1529134 0.1450701 0.1458931 0.1479994 0.1288634 0.1254687 0.1287672 0.0398396 0.1092091 0.0982503 0.1086308 0.1201104 0.0412949 0.1354641 0.1033634 0.1406349 0.1419962 0.1370489 0.0447082 0.1252392 0.1305896 0.0385534 0.0000000 0.1388666 0.1414932 0.1544081 0.1228593 0.1252255 0.1225973 0.1221398 0.1253224 0.1225807 0.1235484 0.1217247 0.1234549 0.0859036 0.0466997 0.1302286 0.1471887 0.1014273 0.1270888 0.0500240 0.1062393 0.0822662 0.1196108 0.1075923 0.1263135 0.1158533 0.1325421 0.1104551 0.0913546 0.1294089 0.1232572 0.1092222 0.1225758 0.1024941 0.1385929 0.1626417 0.2471036 0.1109587 0.1127729 0.2340811 0.1079868 0.1084534 0.1101466 0.2483006 0.2395071 0.1850503 0.1258926 0.1092222 
MF461724/CHN/cattle/2017/O/ME-SA/Unknown        0.1418953 0.1528154 0.1531132 0.1328139 0.1336762 0.1383347 0.1398956 0.1312447 0.1062588 0.1876957 0.1800335 0.1843423 0.1834894 0.0408818 0.1562627 0.0402196 0.1247063 0.1192846 0.1348915 0.0767513 0.1570014 0.1280857 0.1429095 0.1162126 0.1839177 0.1680081 0.0145104 0.1272611 0.0469806 0.0171746 0.1215646 0.1388666 0.0000000 0.0078452 0.1947651 0.1587596 0.1606422 0.1555253 0.1555567 0.1587467 0.1555030 0.1577402 0.1545029 0.1565271 0.1209069 0.1291976 0.0130046 0.1831208 0.1315843 0.1564421 0.1352383 0.1709404 0.1170831 0.1309916 0.1308001 0.0496391 0.1381970 0.1615143 0.1189302 0.1249923 0.1693594 0.1555741 0.1370331 0.1448825 0.1262328 0.1671575 0.1490033 0.2583828 0.1371706 0.1431750 0.2680379 0.1342791 0.1317692 0.1380951 0.2587067 0.2520805 0.2106332 0.1566610 0.1370331 
LC320038/MNG/cow/2015/O/ME-SA/Unknown           0.1419559 0.1549869 0.1573532 0.1381634 0.1390397 0.1438235 0.1453971 0.1365740 0.1044522 0.1890277 0.1812938 0.1856444 0.1847805 0.0440864 0.1588908 0.0434084 0.1281982 0.1245011 0.1402919 0.0778565 0.1592217 0.1298598 0.1417982 0.1196457 0.1825760 0.1690847 0.0171998 0.1308123 0.0483164 0.0188342 0.1249958 0.1414932 0.0078452 0.0000000 0.1974784 0.1609979 0.1629127 0.1577383 0.1577572 0.1609980 0.1577156 0.1599803 0.1567044 0.1587513 0.1208289 0.1291728 0.0146161 0.1857009 0.1331968 0.1585555 0.1364143 0.1741163 0.1220824 0.1327882 0.1325382 0.0523977 0.1400708 0.1657678 0.1223568 0.1301784 0.1736404 0.1578039 0.1407519 0.1456237 0.1279223 0.1682330 0.1511042 0.2643840 0.1408948 0.1470210 0.2716558 0.1361091 0.1335192 0.1418323 0.2647257 0.2579661 0.2121910 0.1588130 0.1407519 
KX534089/KOR/pig/2016/O/SEA/Unknown             0.1610155 0.0498372 0.0564474 0.1521166 0.1530191 0.1535403 0.1493129 0.1478766 0.1484455 0.0592590 0.0535043 0.0574647 0.0554437 0.1923657 0.1536933 0.1901680 0.1446879 0.1572330 0.1547276 0.1557538 0.0523480 0.1518701 0.1625592 0.1570271 0.0346250 0.1956406 0.1921763 0.1568970 0.1692655 0.1876413 0.1437819 0.1544081 0.1947651 0.1974784 0.0000000 0.0546279 0.0557436 0.0538397 0.0552230 0.0544220 0.0538331 0.0551424 0.0532080 0.0544661 0.1317664 0.1481530 0.1839868 0.0114200 0.1513340 0.1588931 0.1574591 0.1528057 0.1455673 0.1665042 0.1416142 0.1849441 0.1675122 0.1217481 0.1456869 0.1564421 0.1669870 0.0515248 0.1668611 0.1756894 0.1357158 0.1514894 0.1779937 0.2914878 0.1689784 0.1697678 0.2628654 0.1643047 0.1366005 0.1656953 0.2966179 0.2899853 0.2350916 0.1858635 0.1668611 
LC149717/JPN/cow/2010/O/SEA/Unknown             0.1222384 0.0093912 0.0145941 0.1160261 0.1168517 0.1153972 0.1140312 0.1138650 0.1153202 0.0608075 0.0563933 0.0590954 0.0583458 0.1592326 0.1298811 0.1571973 0.1103960 0.1260763 0.1207417 0.1259319 0.0114317 0.1164144 0.1369166 0.1278532 0.0429254 0.1602631 0.1527817 0.1173309 0.1384090 0.1488628 0.1107831 0.1228593 0.1587596 0.1609979 0.0546279 0.0000000 0.0038816 0.0024156 0.0014430 0.0029038 0.0024153 0.0024169 0.0029022 0.0019299 0.1000257 0.1186939 0.1477244 0.0475377 0.1207438 0.1298620 0.1246081 0.1231501 0.1054568 0.1327281 0.1090581 0.1444485 0.1388903 0.0999068 0.1231659 0.1163217 0.1328091 0.0094457 0.1358817 0.1463351 0.1056909 0.1248143 0.1491297 0.2614022 0.1378280 0.1419424 0.2355149 0.1353210 0.1083706 0.1369309 0.2563624 0.2481217 0.2118826 0.1565301 0.1358817 
LC149704/JPN/cow/2010/O/SEA/Unknown             0.1263163 0.0103861 0.0166586 0.1183039 0.1191378 0.1176891 0.1162979 0.1178255 0.1178690 0.0593410 0.0549764 0.0576531 0.0569122 0.1615246 0.1314213 0.1594673 0.1119732 0.1251518 0.1224392 0.1253846 0.0124330 0.1197909 0.1356654 0.1266392 0.0404446 0.1630793 0.1546019 0.1206960 0.1423009 0.1506406 0.1123572 0.1252255 0.1606422 0.1629127 0.0557436 0.0038816 0.0000000 0.0024112 0.0024148 0.0028995 0.0024109 0.0024125 0.0028979 0.0019264 0.1008168 0.1201089 0.1495018 0.0461940 0.1198362 0.1295852 0.1263576 0.1229084 0.1075954 0.1335884 0.1086255 0.1461629 0.1415675 0.0965570 0.1240165 0.1186056 0.1307417 0.0104466 0.1367361 0.1490576 0.1052772 0.1245573 0.1463669 0.2603920 0.1386838 0.1428077 0.2322462 0.1361714 0.1079420 0.1377864 0.2553841 0.2471988 0.2151175 0.1570540 0.1367361 
LC149676/JPN/pig/2010/O/SEA/Unknown             0.1219751 0.0088671 0.0150836 0.1157361 0.1165653 0.1151018 0.1137313 0.1135650 0.1135670 0.0586851 0.0543371 0.0570059 0.0562679 0.1584070 0.1268467 0.1563605 0.1094376 0.1242392 0.1215459 0.1208900 0.0108976 0.1154702 0.1347390 0.1239397 0.0398474 0.1601418 0.1495762 0.1163970 0.1375100 0.1456807 0.1098304 0.1225973 0.1555253 0.1577383 0.0538397 0.0024156 0.0024112 0.0000000 0.0009621 0.0014435 0.0009606 0.0009612 0.0004797 0.0004797 0.0983990 0.1158066 0.1445276 0.0455774 0.1189353 0.1269057 0.1236897 0.1203931 0.1051274 0.1308523 0.1061014 0.1413209 0.1388097 0.0957928 0.1231080 0.1160325 0.1298275 0.0089183 0.1340058 0.1462415 0.1027758 0.1219316 0.1433234 0.2590848 0.1359406 0.1400158 0.2334068 0.1334560 0.1054234 0.1350479 0.2540861 0.2459218 0.2116106 0.1541183 0.1340058 
LC149669/JPN/cow/2010/O/SEA/Unknown             0.1215233 0.0088810 0.0151087 0.1153160 0.1161411 0.1146810 0.1133193 0.1131545 0.1145977 0.0601140 0.0557202 0.0584122 0.0576662 0.1584221 0.1291253 0.1563875 0.1096884 0.1253358 0.1217442 0.1231043 0.0109151 0.1156963 0.1358755 0.1250388 0.0411111 0.1614329 0.1496408 0.1166173 0.1376380 0.1457673 0.1100784 0.1221398 0.1555567 0.1577572 0.0552230 0.0014430 0.0024148 0.0009621 0.0000000 0.0014457 0.0009620 0.0009626 0.0014449 0.0004804 0.0993343 0.1160301 0.1446201 0.0468934 0.1200067 0.1291258 0.1238793 0.1224525 0.1047632 0.1319824 0.1081153 0.1414291 0.1399680 0.0975625 0.1241973 0.1156104 0.1320719 0.0089324 0.1351410 0.1474431 0.1047596 0.1240876 0.1459204 0.2630267 0.1370858 0.1411914 0.2370619 0.1345837 0.1074305 0.1361890 0.2579724 0.2497003 0.2133325 0.1553920 0.1351410 
LC149660/JPN/cow/2010/O/SEA/Unknown             0.1246806 0.0093764 0.0156148 0.1183931 0.1192278 0.1177786 0.1163855 0.1162129 0.1162405 0.0606676 0.0562679 0.0589616 0.0582145 0.1616720 0.1297018 0.1596125 0.1120564 0.1270313 0.1242775 0.1236898 0.0114134 0.1181571 0.1375789 0.1267398 0.0416478 0.1632193 0.1527348 0.1190713 0.1405101 0.1487944 0.1124404 0.1253224 0.1587467 0.1609980 0.0544220 0.0029038 0.0028995 0.0014435 0.0014457 0.0000000 0.0014434 0.0014443 0.0019270 0.0009611 0.1008876 0.1184824 0.1476491 0.0461466 0.1216889 0.1296875 0.1264569 0.1229993 0.1076730 0.1336961 0.1087056 0.1443565 0.1416826 0.0981173 0.1258871 0.1186953 0.1326273 0.0094307 0.1368461 0.1491811 0.1053540 0.1237406 0.1464981 0.2631656 0.1387959 0.1429251 0.2373243 0.1362803 0.1080215 0.1378976 0.2581362 0.2499031 0.2153279 0.1571892 0.1368461 
LC149653/JPN/pig/2010/O/SEA/Unknown             0.1219587 0.0078609 0.0140405 0.1157205 0.1165495 0.1150861 0.1154093 0.1135496 0.1135515 0.0586778 0.0543305 0.0569989 0.0562610 0.1583842 0.1268289 0.1563379 0.1094227 0.1242221 0.1215293 0.1208731 0.0098807 0.1154544 0.1347207 0.1239225 0.0398426 0.1601202 0.1495547 0.1163812 0.1374905 0.1456598 0.1098156 0.1225807 0.1555030 0.1577156 0.0538331 0.0024153 0.0024109 0.0009606 0.0009620 0.0014434 0.0000000 0.0009611 0.0004797 0.0004797 0.0983857 0.1157909 0.1445068 0.0455719 0.1189188 0.1268884 0.1236727 0.1203774 0.1051133 0.1308343 0.1060869 0.1413009 0.1387910 0.0957807 0.1230910 0.1160168 0.1298099 0.0079061 0.1339876 0.1462218 0.1027617 0.1219151 0.1433023 0.2590500 0.1359222 0.1399967 0.2333745 0.1334379 0.1054090 0.1350296 0.2540518 0.2458883 0.2115811 0.1540971 0.1339876 
LC149650/JPN/cow/2010/O/SEA/Unknown             0.1218428 0.0088721 0.0140330 0.1156119 0.1164401 0.1149773 0.1136092 0.1134433 0.1144963 0.0600230 0.0556388 0.0583252 0.0575809 0.1582092 0.1278450 0.1561655 0.1103463 0.1252144 0.1214127 0.1228036 0.0109039 0.1164050 0.1358356 0.1249175 0.0410572 0.1612348 0.1517458 0.1173278 0.1395666 0.1478181 0.1107362 0.1235484 0.1577402 0.1599803 0.0551424 0.0024169 0.0024125 0.0009612 0.0009626 0.0014443 0.0009611 0.0000000 0.0014435 0.0004800 0.0992583 0.1167377 0.1466699 0.0468290 0.1199870 0.1278785 0.1246560 0.1213019 0.1050183 0.1318486 0.1070035 0.1434032 0.1398199 0.0973741 0.1240781 0.1159078 0.1308079 0.0089234 0.1350023 0.1472788 0.1036676 0.1228814 0.1444416 0.2606024 0.1369433 0.1410393 0.2348468 0.1344467 0.1063232 0.1360482 0.2555889 0.2473936 0.2129632 0.1552058 0.1350023 
LC149647/JPN/cow/2010/O/SEA/Unknown             0.1211086 0.0083633 0.0145614 0.1148837 0.1157113 0.1142430 0.1145695 0.1127150 0.1127089 0.0580380 0.0537061 0.0563672 0.0556320 0.1573715 0.1259337 0.1553287 0.1085960 0.1233457 0.1206710 0.1199934 0.0103885 0.1146082 0.1338325 0.1230435 0.0392566 0.1591656 0.1485723 0.1155392 0.1365535 0.1446902 0.1089917 0.1217247 0.1545029 0.1567044 0.0532080 0.0029022 0.0028979 0.0004797 0.0014449 0.0019270 0.0004797 0.0014435 0.0000000 0.0009606 0.0975966 0.1149482 0.1435344 0.0449680 0.1180528 0.1260161 0.1228038 0.1195578 0.1043083 0.1299437 0.1052638 0.1403541 0.1378937 0.0950424 0.1222184 0.1151783 0.1289327 0.0084115 0.1330991 0.1453060 0.1019459 0.1210599 0.1423130 0.2578133 0.1350296 0.1390885 0.2321817 0.1325542 0.1045877 0.1341384 0.2528234 0.2446791 0.2104441 0.1531431 0.1330991 
LC149638/JPN/cow/2010/O/SEA/Unknown             0.1228268 0.0083633 0.0145614 0.1165745 0.1174052 0.1159466 0.1145695 0.1144013 0.1144113 0.0593263 0.0549629 0.0576390 0.0568983 0.1594214 0.1277437 0.1573715 0.1102660 0.1251173 0.1224059 0.1217716 0.0103885 0.1163181 0.1356287 0.1248204 0.0404348 0.1610977 0.1505604 0.1172407 0.1384488 0.1466522 0.1106560 0.1234549 0.1565271 0.1587513 0.0544661 0.0019299 0.0019264 0.0004797 0.0004804 0.0009611 0.0004797 0.0004800 0.0009606 0.0000000 0.0991898 0.1166509 0.1455019 0.0461827 0.1198030 0.1277797 0.1245602 0.1212141 0.1059341 0.1317445 0.1069262 0.1422695 0.1397085 0.0965325 0.1239824 0.1168727 0.1307062 0.0084115 0.1348959 0.1471588 0.1035935 0.1227885 0.1443146 0.2603221 0.1368348 0.1409255 0.2346004 0.1343413 0.1062465 0.1359406 0.2553152 0.2471318 0.2127487 0.1550739 0.1348959 
KY446903/PAK/water-buffalo/2005/O/ME-SA/Unknown 0.1015646 0.0979400 0.1034022 0.0911093 0.0918435 0.0954853 0.0951870 0.0897357 0.0801756 0.1307004 0.1217685 0.1231698 0.1244854 0.1191722 0.1084523 0.1181865 0.0701300 0.0777405 0.0959421 0.0909418 0.1012049 0.0748154 0.1087755 0.0925183 0.1202912 0.1124384 0.1190438 0.0786914 0.1142590 0.1121964 0.0690817 0.0859036 0.1209069 0.1208289 0.1317664 0.1000257 0.1008168 0.0983990 0.0993343 0.1008876 0.0983857 0.0992583 0.0975966 0.0991898 0.0000000 0.0760281 0.1101940 0.1223719 0.0833475 0.1090609 0.0819770 0.1014687 0.0791527 0.0819497 0.0832809 0.1070013 0.1090324 0.1252718 0.0761980 0.0910835 0.1039167 0.0988776 0.1018664 0.1128437 0.0794769 0.1172363 0.1332666 0.2407188 0.1035363 0.1051625 0.2244650 0.1022716 0.0833979 0.1027521 0.2354649 0.2270644 0.1776010 0.1240675 0.1018664 
KY657269/VNM/pig/2015/O/ME-SA/Ind-2001d         0.1029286 0.1133015 0.1177408 0.0867498 0.0874639 0.0896636 0.0885811 0.0826765 0.0972547 0.1485555 0.1429577 0.1436653 0.1458796 0.1213155 0.1168984 0.1219778 0.0287214 0.1074276 0.0922871 0.1053937 0.1134011 0.0188556 0.1262943 0.1012948 0.1367585 0.1412287 0.1292352 0.0187597 0.1222925 0.1204076 0.0275324 0.0466997 0.1291976 0.1291728 0.1481530 0.1186939 0.1201089 0.1158066 0.1160301 0.1184824 0.1157909 0.1167377 0.1149482 0.1166509 0.0760281 0.0000000 0.1190316 0.1432197 0.1039204 0.1217859 0.0395557 0.1150590 0.0776978 0.1160034 0.1015819 0.1220863 0.1166142 0.1231101 0.1093974 0.0873138 0.1222280 0.1164167 0.1105656 0.1216910 0.0965628 0.1380473 0.1416243 0.2338350 0.1123169 0.1175209 0.2364871 0.1076851 0.1026341 0.1114985 0.2451821 0.2387410 0.1918195 0.1244288 0.1105656 
KX712091/BGD/pig/2015/O/ME-SA/Unknown           0.1361008 0.1419474 0.1441205 0.1289433 0.1297959 0.1325944 0.1320930 0.1239236 0.0953295 0.1771903 0.1697670 0.1739278 0.1731269 0.0335582 0.1492347 0.0329301 0.1163701 0.1117467 0.1280373 0.0679065 0.1460069 0.1184741 0.1396866 0.1053468 0.1715321 0.1534515 0.0150414 0.1194662 0.0418579 0.0088507 0.1133398 0.1302286 0.0130046 0.0146161 0.1839868 0.1477244 0.1495018 0.1445276 0.1446201 0.1476491 0.1445068 0.1466699 0.1435344 0.1455019 0.1101940 0.1190316 0.0000000 0.1726601 0.1201325 0.1452797 0.1294227 0.1599197 0.1099241 0.1214145 0.1204663 0.0458072 0.1267499 0.1500254 0.1097253 0.1192839 0.1563744 0.1444964 0.1273452 0.1331541 0.1160496 0.1524101 0.1411245 0.2542598 0.1292552 0.1332273 0.2545577 0.1229650 0.1197051 0.1283708 0.2526065 0.2436549 0.1981499 0.1442066 0.1273452 
