79
KC440883/EGY/Unknown/2011/O/ME-SA/PanAsia-2     0.0000000 0.2598790 0.2633042 0.0501484 0.0501393 0.0500923 0.0484118 0.0471910 0.1203147 0.2770851 0.2814674 0.2862296 0.2828738 0.1699204 0.2910961 0.1664973 0.1584786 0.0769410 0.0818639 0.1091079 0.2642289 0.1616002 0.3729092 0.1539178 0.2748971 0.1595995 0.1706200 0.1591957 0.1494320 0.1582537 0.1606023 0.1505646 0.1544249 0.1593159 0.2718002 0.2675451 0.2687343 0.2667904 0.2674342 0.2674342 0.2651391 0.2662862 0.2674342 0.2687343 0.1714220 0.1591986 0.1535511 0.2643327 0.1865488 0.3002927 0.1634472 0.2008194 0.0637950 0.0725607 0.3598128 0.1610918 0.1213653 0.2656499 0.0750422 0.0831867 0.3004536 0.2551195 0.1080771 0.1210058 0.3412888 0.2065788 0.2856235 0.3889924 0.1114914 0.1096233 0.4104968 0.1085824 0.3551666 0.1073208 0.4073746 0.4073217 0.3793322 0.1409085 0.1105336 
HM229661/HKG/pig/2010/O/SEA/Unknown             0.2598790 0.0000000 0.0076078 0.2505023 0.2507571 0.2479912 0.2486818 0.2490489 0.2451487 0.0676820 0.0701609 0.0710054 0.0695789 0.2602739 0.3125473 0.2592347 0.2785316 0.2491246 0.2446993 0.2663379 0.0071109 0.2632340 0.4032330 0.2487533 0.0426138 0.2553618 0.2602725 0.2689626 0.2544079 0.2522560 0.2745927 0.2506450 0.2560353 0.2558057 0.0540914 0.0160974 0.0166027 0.0166129 0.0160935 0.0181216 0.0160893 0.0155871 0.0160935 0.0166027 0.2405814 0.2657759 0.2497610 0.0438716 0.2890159 0.3015952 0.2893972 0.2191656 0.2256672 0.2343278 0.3877721 0.2622513 0.2255605 0.1283830 0.2369053 0.2254712 0.2982258 0.0110215 0.2134417 0.2227899 0.3706257 0.1907444 0.2970265 0.4455549 0.2156656 0.2173635 0.4729895 0.2130937 0.3811613 0.2123198 0.4573841 0.4601439 0.4371825 0.2531629 0.2149434 
JQ900581/CHN/pig/2010/O/SEA/Unknown             0.2633042 0.0076078 0.0000000 0.2500893 0.2503424 0.2475881 0.2482719 0.2486411 0.2437005 0.0663996 0.0688676 0.0697042 0.0682874 0.2540985 0.3082182 0.2530643 0.2768121 0.2475878 0.2464632 0.2580373 0.0080868 0.2605731 0.4030297 0.2456234 0.0414632 0.2527382 0.2540945 0.2662712 0.2512411 0.2462748 0.2728872 0.2453237 0.2499713 0.2497190 0.0540607 0.0140792 0.0145800 0.0145889 0.0140758 0.0160860 0.0140722 0.0135741 0.0140758 0.0145800 0.2401962 0.2603357 0.2437644 0.0427118 0.2874139 0.2984812 0.2876184 0.2177248 0.2253264 0.2382429 0.3880983 0.2562658 0.2294153 0.1317709 0.2360700 0.2205284 0.2951688 0.0090623 0.2172173 0.2266210 0.3643900 0.1931138 0.2957318 0.4454836 0.2194475 0.2211527 0.4698638 0.2168815 0.3748148 0.2160926 0.4544098 0.4571346 0.4343533 0.2572688 0.2187312 
OQ211400/ISR/cattle/2007/O/ME-SA/PanAsia-2      0.0501484 0.2505023 0.2500893 0.0000000 0.0018697 0.0134631 0.0119839 0.0129662 0.0959959 0.2746712 0.2768095 0.2815296 0.2782049 0.1545002 0.2728426 0.1512913 0.1337129 0.0535863 0.0601400 0.0860848 0.2510065 0.1390442 0.3422501 0.1331939 0.2686938 0.1331832 0.1587972 0.1368665 0.1332277 0.1440258 0.1304937 0.1330902 0.1448347 0.1495564 0.2694043 0.2511655 0.2523259 0.2504035 0.2510589 0.2510589 0.2509801 0.2499328 0.2510589 0.2523259 0.1477754 0.1370736 0.1404896 0.2604002 0.1680691 0.2612197 0.1366829 0.1655896 0.0354596 0.0423262 0.3467120 0.1362765 0.0899125 0.2354696 0.0503275 0.0562571 0.2734225 0.2399753 0.0755613 0.0925039 0.3313304 0.1845253 0.2505923 0.3922843 0.0785025 0.0795345 0.4063106 0.0776547 0.3422346 0.0748856 0.4033749 0.4078131 0.3813057 0.1045112 0.0790055 
OQ211393/ISR/goat/2007/O/ME-SA/PanAsia-2        0.0501393 0.2507571 0.2503424 0.0018697 0.0000000 0.0134595 0.0129782 0.0129627 0.0959948 0.2749974 0.2771419 0.2818772 0.2785417 0.1536252 0.2760988 0.1504246 0.1355305 0.0535771 0.0601308 0.0860801 0.2512619 0.1408820 0.3428462 0.1367768 0.2690001 0.1332065 0.1608242 0.1386841 0.1368045 0.1478173 0.1340814 0.1348725 0.1467570 0.1515150 0.2697145 0.2514230 0.2525868 0.2506594 0.2513161 0.2513161 0.2512371 0.2501870 0.2513161 0.2525868 0.1478146 0.1388957 0.1423824 0.2606822 0.1701910 0.2643841 0.1385258 0.1676835 0.0354518 0.0423175 0.3456766 0.1381205 0.0899091 0.2382797 0.0503184 0.0562480 0.2766200 0.2402007 0.0755541 0.0925014 0.3302752 0.1846186 0.2522388 0.3913820 0.0784958 0.0795281 0.4009314 0.0776478 0.3411945 0.0748782 0.4025047 0.4069587 0.3762730 0.1045141 0.0789990 
OQ211381/ISR/gazelle/2007/O/ME-SA/PanAsia-2     0.0500923 0.2479912 0.2475881 0.0134631 0.0134595 0.0000000 0.0090492 0.0100111 0.0977990 0.2697221 0.2718417 0.2765027 0.2732211 0.1520774 0.2689953 0.1529539 0.1363768 0.0511631 0.0576401 0.0833033 0.2484988 0.1431055 0.3438030 0.1374030 0.2644026 0.1327967 0.1604935 0.1408916 0.1374295 0.1458612 0.1349245 0.1339374 0.1480999 0.1511973 0.2672743 0.2486391 0.2497883 0.2478806 0.2485339 0.2485339 0.2484561 0.2474177 0.2485339 0.2497883 0.1516597 0.1403029 0.1437155 0.2561970 0.1787307 0.2556984 0.1428298 0.1682700 0.0349633 0.0405305 0.3431038 0.1371539 0.0920854 0.2384294 0.0479487 0.0573859 0.2687048 0.2375755 0.0829513 0.0946910 0.3279057 0.1823571 0.2479562 0.3856699 0.0859960 0.0870227 0.3974854 0.0816910 0.3420018 0.0822574 0.3862444 0.3855474 0.3705096 0.1114777 0.0851616 
OQ211373/ISR/goat/2007/O/ME-SA/PanAsia-2        0.0484118 0.2486818 0.2482719 0.0119839 0.0129782 0.0090492 0.0000000 0.0095338 0.0995614 0.2778613 0.2800119 0.2847713 0.2814179 0.1573251 0.2798474 0.1540732 0.1367831 0.0506352 0.0571035 0.0840860 0.2491935 0.1427648 0.3460688 0.1368589 0.2723937 0.1342446 0.1576903 0.1389761 0.1353192 0.1431831 0.1353328 0.1351678 0.1453980 0.1484655 0.2775853 0.2493403 0.2505042 0.2485733 0.2492337 0.2492337 0.2491549 0.2481036 0.2492337 0.2505042 0.1510873 0.1399675 0.1394174 0.2640325 0.1743008 0.2620870 0.1432327 0.1720481 0.0349079 0.0418052 0.3537449 0.1334247 0.0937940 0.2458901 0.0462725 0.0564082 0.2756226 0.2381333 0.0832962 0.0964045 0.3414756 0.1841263 0.2611027 0.4005414 0.0850067 0.0873640 0.4128896 0.0820374 0.3491956 0.0826029 0.4037615 0.4082247 0.3823394 0.1118179 0.0868372 
OQ211365/PSE/sheep/2007/O/ME-SA/PanAsia-2       0.0471910 0.2490489 0.2486411 0.0129662 0.0129627 0.0100111 0.0095338 0.0000000 0.0973889 0.2747837 0.2769135 0.2816156 0.2783035 0.1558840 0.2825631 0.1526604 0.1345781 0.0505613 0.0570180 0.0824955 0.2495557 0.1396770 0.3432938 0.1373908 0.2693949 0.1341856 0.1599137 0.1375043 0.1340839 0.1472313 0.1331377 0.1321961 0.1478220 0.1525805 0.2750602 0.2518720 0.2530300 0.2511128 0.2517656 0.2517656 0.2495197 0.2506422 0.2517656 0.2530300 0.1452522 0.1402770 0.1434489 0.2638196 0.1741269 0.2660715 0.1412997 0.1657688 0.0348610 0.0417469 0.3437562 0.1355518 0.0921354 0.2441557 0.0473583 0.0555195 0.2782614 0.2407005 0.0831538 0.0947277 0.3317598 0.1855615 0.2524397 0.3911820 0.0861893 0.0872118 0.4066570 0.0818977 0.3426459 0.0824621 0.3956774 0.4008106 0.3784883 0.1084680 0.0866860 
OP957418/BGD/cattle/2021/O/ME-SA/PanAsia-2      0.1203147 0.2451487 0.2437005 0.0959959 0.0959948 0.0977990 0.0995614 0.0973889 0.0000000 0.2800073 0.2822313 0.2871624 0.2813721 0.1638052 0.2612228 0.1613402 0.1460079 0.1051326 0.1062055 0.1330628 0.2424437 0.1427872 0.3596567 0.1492000 0.2694618 0.1379159 0.1628900 0.1415110 0.1406324 0.1486370 0.1401078 0.1329163 0.1489992 0.1555839 0.2769526 0.2417401 0.2407085 0.2409570 0.2416339 0.2394361 0.2415556 0.2404955 0.2394361 0.2429099 0.1486131 0.1434056 0.1447650 0.2692813 0.1853839 0.2645235 0.1485929 0.1731038 0.0863919 0.0987360 0.3324437 0.1436390 0.1073021 0.2570848 0.0971257 0.1074352 0.2710961 0.2356338 0.0938286 0.1077476 0.3197395 0.1815251 0.2461792 0.3870397 0.0971132 0.1009954 0.4102768 0.0951378 0.3306420 0.0944872 0.3900659 0.3908010 0.3896743 0.1246157 0.0962026 
ON868617/VNM/pig/2019/O/SEA/Unknown             0.2770851 0.0676820 0.0663996 0.2746712 0.2749974 0.2697221 0.2778613 0.2747837 0.2800073 0.0000000 0.0028173 0.0061644 0.0023464 0.2882629 0.3446933 0.2895987 0.3202152 0.2747721 0.2734701 0.2896789 0.0682418 0.3014798 0.4408951 0.3002415 0.0390733 0.2765244 0.2981824 0.3075181 0.2905130 0.2884711 0.3196209 0.2937308 0.2897389 0.2920277 0.0593297 0.0695113 0.0695142 0.0683138 0.0688651 0.0713692 0.0688461 0.0682325 0.0688651 0.0695142 0.2811304 0.3044245 0.2854775 0.0535927 0.3181700 0.3344252 0.3270615 0.2662811 0.2585406 0.2649901 0.4060465 0.2997922 0.2599385 0.1637538 0.2683305 0.2616442 0.3302779 0.0656493 0.2431759 0.2609026 0.3883234 0.2312008 0.3338680 0.4964008 0.2455274 0.2451943 0.5261983 0.2481782 0.4029911 0.2441309 0.4964622 0.5064348 0.4707505 0.2965062 0.2457909 
ON868615/VNM/pig/2018/O/SEA/Unknown             0.2814674 0.0701609 0.0688676 0.2768095 0.2771419 0.2718417 0.2800119 0.2769135 0.2822313 0.0028173 0.0000000 0.0061629 0.0023458 0.2905688 0.3471477 0.2919079 0.3201199 0.2746885 0.2755980 0.2895899 0.0707219 0.2991029 0.4407670 0.2978350 0.0412936 0.2787233 0.2980884 0.3051300 0.2881438 0.2883804 0.3195255 0.2913496 0.2896472 0.2919352 0.0617307 0.0720012 0.0720043 0.0707969 0.0713494 0.0738712 0.0713297 0.0707121 0.0713494 0.0720043 0.2833019 0.3043335 0.2853867 0.0559347 0.3204276 0.3343214 0.3269647 0.2662015 0.2606596 0.2671263 0.4088695 0.2997011 0.2642672 0.1637055 0.2704440 0.2637350 0.3351624 0.0681064 0.2473829 0.2652168 0.3881980 0.2311303 0.3342554 0.4938556 0.2497436 0.2494144 0.5253062 0.2524165 0.4028633 0.2483395 0.4934452 0.5034071 0.4698721 0.2988023 0.2500197 
ON868607/VNM/pig/2019/O/SEA/Unknown             0.2862296 0.0710054 0.0697042 0.2815296 0.2818772 0.2765027 0.2847713 0.2816156 0.2871624 0.0061644 0.0061629 0.0000000 0.0056854 0.2957134 0.3470247 0.2970627 0.3252895 0.2793786 0.2802908 0.2945174 0.0715687 0.3040315 0.4457178 0.3028223 0.0430939 0.2784225 0.3008527 0.3100998 0.2907331 0.2910519 0.3246965 0.2962638 0.2923459 0.2946558 0.0612319 0.0728555 0.0728586 0.0716450 0.0721997 0.0747358 0.0721797 0.0715587 0.0721997 0.0728586 0.2834819 0.3070083 0.2880613 0.0554381 0.3260254 0.3335181 0.3321991 0.2680364 0.2652781 0.2700461 0.4185699 0.3023769 0.2647406 0.1615783 0.2750862 0.2704888 0.3325380 0.0689368 0.2491851 0.2634870 0.4006264 0.2337686 0.3392088 0.4929089 0.2515552 0.2512269 0.5311514 0.2520767 0.4154387 0.2501447 0.4885886 0.4985276 0.4717536 0.3009266 0.2518372 
ON868593/VNM/pig/2018/O/SEA/Unknown             0.2828738 0.0695789 0.0682874 0.2782049 0.2785417 0.2732211 0.2814179 0.2783035 0.2813721 0.0023464 0.0023458 0.0056854 0.0000000 0.2920851 0.3462437 0.2934269 0.3240049 0.2760756 0.2769857 0.2910428 0.0701400 0.3005526 0.4455562 0.3016212 0.0407569 0.2801599 0.2996123 0.3065911 0.2895830 0.2898639 0.3234125 0.2950926 0.2911451 0.2934425 0.0611621 0.0714178 0.0714208 0.0702143 0.0707669 0.0732861 0.0707473 0.0701303 0.0707669 0.0714208 0.2835195 0.3034916 0.2868765 0.0553768 0.3219344 0.3345775 0.3308862 0.2675349 0.2620296 0.2685127 0.4108223 0.3011746 0.2634343 0.1646886 0.2718182 0.2650893 0.3329207 0.0675283 0.2465612 0.2643874 0.3930246 0.2344021 0.3345136 0.4986837 0.2489219 0.2485917 0.5301290 0.2515924 0.4077396 0.2475182 0.4954082 0.5053828 0.4745974 0.3003186 0.2491957 
OP751924/IDN/cattle/2022/O/ME-SA/Unknown        0.1699204 0.2602739 0.2540985 0.1545002 0.1536252 0.1520774 0.1573251 0.1558840 0.1638052 0.2882629 0.2905688 0.2957134 0.2920851 0.0000000 0.2836384 0.0023496 0.1190742 0.1563674 0.1657921 0.1819002 0.2580193 0.1139354 0.3317386 0.1143883 0.2715237 0.1701653 0.0578009 0.1132992 0.0929205 0.0557291 0.1137217 0.0908695 0.0526645 0.0563662 0.2811804 0.2615162 0.2627565 0.2607192 0.2614011 0.2590885 0.2613157 0.2602018 0.2590885 0.2627565 0.1596248 0.1132080 0.0515433 0.2727469 0.2077726 0.2851455 0.1292625 0.1867078 0.1389729 0.1544321 0.3322549 0.0960953 0.1521194 0.2585210 0.1547475 0.1487820 0.2801398 0.2517294 0.1428338 0.1522721 0.3174265 0.2005747 0.2593131 0.3615907 0.1469633 0.1479266 0.4142959 0.1384712 0.3204503 0.1419556 0.3685960 0.3757365 0.3971437 0.1712538 0.1438940 
ON736860/UGA/cow/2015/O/EA-2/Unknown            0.2910961 0.3125473 0.3082182 0.2728426 0.2760988 0.2689953 0.2798474 0.2825631 0.2612228 0.3446933 0.3471477 0.3470247 0.3462437 0.2836384 0.0000000 0.2849747 0.2657795 0.2774329 0.2791626 0.2898083 0.3067456 0.2630528 0.3445179 0.2533119 0.3269327 0.2880690 0.2682904 0.2603454 0.2530074 0.2586125 0.2656357 0.2437501 0.2621824 0.2678074 0.3525710 0.3215386 0.3229398 0.3173583 0.3214056 0.3214056 0.3213026 0.3200766 0.3214056 0.3229398 0.2201328 0.2672520 0.2563679 0.3413493 0.2724008 0.0927103 0.2720986 0.2424585 0.2619044 0.2754692 0.3515339 0.2677580 0.2543881 0.2997201 0.2759335 0.2607799 0.0838298 0.3039597 0.2494553 0.2615801 0.3339746 0.2515209 0.2837341 0.4468292 0.2560227 0.2565410 0.4714951 0.2550767 0.3492569 0.2464819 0.4160841 0.4414704 0.4607913 0.2942276 0.2534432 
OP585403/IDN/cattle/2022/O/ME-SA/Unknown        0.1664973 0.2592347 0.2530643 0.1512913 0.1504246 0.1529539 0.1540732 0.1526604 0.1613402 0.2895987 0.2919079 0.2970627 0.2934269 0.0023496 0.2849747 0.0000000 0.1183270 0.1531291 0.1624270 0.1783008 0.2569830 0.1132307 0.3306390 0.1136876 0.2704711 0.1676230 0.0570447 0.1126029 0.0923817 0.0549880 0.1130141 0.0903406 0.0519410 0.0556212 0.2801143 0.2604736 0.2617133 0.2596752 0.2603587 0.2580460 0.2602733 0.2591594 0.2580460 0.2617133 0.1580446 0.1139886 0.0508252 0.2716922 0.2037482 0.2864786 0.1284333 0.1858524 0.1364341 0.1543924 0.3337870 0.0955290 0.1498649 0.2597376 0.1515349 0.1456573 0.2814466 0.2506963 0.1407217 0.1500247 0.3189191 0.2016218 0.2593609 0.3631421 0.1447916 0.1457551 0.4159206 0.1364014 0.3219609 0.1398540 0.3701624 0.3773004 0.3986820 0.1686794 0.1417661 
OM160612/TUN/cattle/2014/O/ME-SA/Ind-2001d      0.1584786 0.2785316 0.2768121 0.1337129 0.1355305 0.1363768 0.1367831 0.1345781 0.1460079 0.3202152 0.3201199 0.3252895 0.3240049 0.1190742 0.2657795 0.1183270 0.0000000 0.1543554 0.1544286 0.1569917 0.2754915 0.0387810 0.3354666 0.0861812 0.3020105 0.1590302 0.0924087 0.0386591 0.0591492 0.0854261 0.0052133 0.0451640 0.0928222 0.0950878 0.3163877 0.2782938 0.2795283 0.2775270 0.2781779 0.2758902 0.2780910 0.2769904 0.2758902 0.2795283 0.1618309 0.0438986 0.0823231 0.3023387 0.1993927 0.2611197 0.0100718 0.1857344 0.1305862 0.1380477 0.3417519 0.0724510 0.1400506 0.2496986 0.1518964 0.1411339 0.2732497 0.2701709 0.1292976 0.1386490 0.3324068 0.2031693 0.2690380 0.3930694 0.1331287 0.1325514 0.4189660 0.1305775 0.3364904 0.1284696 0.3940049 0.4031935 0.3860675 0.1504737 0.1318299 
OM456144/PAK/cattle/2010/O/ME-SA/PanAsia-2      0.0769410 0.2491246 0.2475878 0.0535863 0.0535771 0.0511631 0.0506352 0.0505613 0.1051326 0.2747721 0.2746885 0.2793786 0.2760756 0.1563674 0.2774329 0.1531291 0.1543554 0.0000000 0.0234619 0.0956736 0.2485008 0.1505830 0.3380298 0.1496590 0.2737039 0.1456818 0.1674570 0.1470714 0.1440712 0.1513931 0.1509519 0.1428870 0.1492743 0.1540683 0.2774490 0.2532641 0.2544321 0.2525006 0.2531566 0.2509716 0.2530771 0.2520240 0.2509716 0.2544321 0.1667725 0.1511909 0.1484157 0.2642719 0.1934606 0.2651842 0.1648798 0.1705009 0.0594738 0.0704488 0.3219701 0.1504724 0.1151204 0.2424806 0.0175956 0.0710197 0.2780146 0.2375502 0.1003598 0.1138782 0.3104427 0.2021449 0.2502008 0.4007630 0.1036787 0.1046937 0.4139736 0.1035297 0.3209827 0.1010165 0.3992639 0.3966588 0.3770594 0.1283785 0.1041676 
OM456134/PAK/cattle/2012/O/ME-SA/PanAsia-2      0.0818639 0.2446993 0.2464632 0.0601400 0.0601308 0.0576401 0.0571035 0.0570180 0.1062055 0.2734701 0.2755980 0.2802908 0.2769857 0.1657921 0.2791626 0.1624270 0.1544286 0.0234619 0.0000000 0.0981738 0.2495502 0.1479281 0.3348195 0.1476978 0.2683619 0.1443380 0.1665398 0.1470309 0.1421147 0.1516176 0.1493486 0.1409429 0.1564707 0.1613871 0.2729565 0.2494043 0.2505779 0.2486311 0.2492968 0.2470983 0.2492173 0.2481575 0.2470983 0.2505779 0.1640905 0.1501719 0.1486238 0.2616088 0.1879047 0.2598244 0.1632970 0.1647010 0.0618851 0.0734825 0.3292135 0.1487237 0.1170000 0.2433324 0.0234548 0.0700227 0.2748655 0.2363500 0.0992085 0.1142589 0.3168151 0.1912810 0.2571527 0.4028223 0.1025369 0.1021423 0.4045200 0.1038127 0.3274686 0.0998687 0.3926429 0.3945033 0.3834236 0.1288941 0.1030307 
OK019689/IRN/cow/2016/O/ME-SA/PanAsia-2         0.1091079 0.2663379 0.2580373 0.0860848 0.0860801 0.0833033 0.0840860 0.0824955 0.1330628 0.2896789 0.2895899 0.2945174 0.2910428 0.1819002 0.2898083 0.1783008 0.1569917 0.0956736 0.0981738 0.0000000 0.2657499 0.1569011 0.3965869 0.1497679 0.2765682 0.1451185 0.1813104 0.1559567 0.1527310 0.1637806 0.1569025 0.1430025 0.1662051 0.1712967 0.2835807 0.2699633 0.2711896 0.2691894 0.2698496 0.2698496 0.2697641 0.2686669 0.2698496 0.2711896 0.1740271 0.1609226 0.1615638 0.2732766 0.2040151 0.2891230 0.1643074 0.1918300 0.0811824 0.0924947 0.3713194 0.1516096 0.1141203 0.2546555 0.0904142 0.0879463 0.3010725 0.2551867 0.1100263 0.1177005 0.3549491 0.2004469 0.2745925 0.4124412 0.1135299 0.1130734 0.4320613 0.1064777 0.3631041 0.1092523 0.4145770 0.4215102 0.3935044 0.1388833 0.1132736 
MN389541/CHN/pig/2010/O/SEA/Unknown             0.2642289 0.0071109 0.0080868 0.2510065 0.2512619 0.2484988 0.2491935 0.2495557 0.2424437 0.0682418 0.0707219 0.0715687 0.0701400 0.2580193 0.3067456 0.2569830 0.2754915 0.2485008 0.2495502 0.2657499 0.0000000 0.2543931 0.4034521 0.2422219 0.0420160 0.2531376 0.2557218 0.2627752 0.2478141 0.2500811 0.2715699 0.2419129 0.2493096 0.2490543 0.0558312 0.0165921 0.0170981 0.0160964 0.0165880 0.0176014 0.0165837 0.0160808 0.0155789 0.0170981 0.2400930 0.2568416 0.2453377 0.0444064 0.2872979 0.2995047 0.2862744 0.2181811 0.2283224 0.2391613 0.3825167 0.2577211 0.2282198 0.1276387 0.2395571 0.2260331 0.2961790 0.0115055 0.2160617 0.2229206 0.3626590 0.1878967 0.2887400 0.4437334 0.2182872 0.2199880 0.4651309 0.2157226 0.3692873 0.2149393 0.4497990 0.4524866 0.4342073 0.2559565 0.2175700 
MN095354/IND/cattle/2013/O/ME-SA/Ind-2001d      0.1616002 0.2632340 0.2605731 0.1390442 0.1408820 0.1431055 0.1427648 0.1396770 0.1427872 0.3014798 0.2991029 0.3040315 0.3005526 0.1139354 0.2630528 0.1132307 0.0387810 0.1505830 0.1479281 0.1569011 0.2543931 0.0000000 0.3289273 0.0777848 0.2847311 0.1466816 0.0924546 0.0085749 0.0555685 0.0841707 0.0337487 0.0407055 0.0901153 0.0909675 0.2983878 0.2576833 0.2588591 0.2569217 0.2575746 0.2553786 0.2574940 0.2564361 0.2553786 0.2588591 0.1519571 0.0190989 0.0810936 0.2862041 0.1987325 0.2730546 0.0499303 0.1723022 0.1250402 0.1462060 0.3265675 0.0654169 0.1354454 0.2469569 0.1489829 0.1394485 0.2737755 0.2541712 0.1257113 0.1305703 0.3181574 0.1907227 0.2569864 0.3857635 0.1294626 0.1304447 0.4207609 0.1282946 0.3152125 0.1248971 0.3910864 0.3996653 0.3963622 0.1500542 0.1281985 
NC_039210/GBR/Unknown/1965/O/EURO-SA/Unknown    0.3729092 0.4032330 0.4030297 0.3422501 0.3428462 0.3438030 0.3460688 0.3432938 0.3596567 0.4408951 0.4407670 0.4457178 0.4455562 0.3317386 0.3445179 0.3306390 0.3354666 0.3380298 0.3348195 0.3965869 0.4034521 0.3289273 0.0000000 0.3240359 0.4297880 0.3884082 0.3269528 0.3322318 0.3220458 0.3177657 0.3397490 0.3036391 0.3177938 0.3189895 0.4516076 0.4129110 0.4145470 0.4077451 0.4127602 0.4098716 0.4102537 0.4112531 0.4098716 0.4145470 0.3024041 0.3332756 0.3081849 0.4351751 0.3418129 0.3268099 0.3487849 0.3035190 0.3280223 0.3406066 0.1758325 0.3327682 0.3586321 0.3539752 0.3323173 0.3345845 0.3335982 0.4070020 0.3231907 0.3477001 0.1755137 0.3270060 0.2788254 0.4355106 0.3280085 0.3270402 0.4494246 0.3224147 0.1769230 0.3222795 0.4374615 0.4453013 0.4558303 0.3622436 0.3228923 
MK071699/BGD/cattle/2013/O/ME-SA/Unknown        0.1539178 0.2487533 0.2456234 0.1331939 0.1367768 0.1374030 0.1368589 0.1373908 0.1492000 0.3002415 0.2978350 0.3028223 0.3016212 0.1143883 0.2533119 0.1136876 0.0861812 0.1496590 0.1476978 0.1497679 0.2422219 0.0777848 0.3240359 0.0000000 0.2716981 0.1451096 0.0908549 0.0775050 0.0557340 0.0819458 0.0820449 0.0538435 0.0863208 0.0891701 0.2802500 0.2516875 0.2528577 0.2509201 0.2515800 0.2493896 0.2515005 0.2504447 0.2493896 0.2506640 0.1472467 0.0778889 0.0775023 0.2683888 0.1786173 0.2493411 0.0962853 0.1859540 0.1200257 0.1394221 0.3236090 0.0680832 0.1243971 0.2305386 0.1442179 0.1291256 0.2597949 0.2441701 0.1121792 0.1231193 0.3045734 0.1834498 0.2435801 0.3559098 0.1157172 0.1182074 0.3954802 0.1139056 0.3105488 0.1113993 0.3638807 0.3702692 0.3659359 0.1446765 0.1161996 
MH845413/VNM/pig/2014/O/SEA/Unknown             0.2748971 0.0426138 0.0414632 0.2686938 0.2690001 0.2644026 0.2723937 0.2693949 0.2694618 0.0390733 0.0412936 0.0430939 0.0407569 0.2715237 0.3269327 0.2704711 0.3020105 0.2737039 0.2683619 0.2765682 0.0420160 0.2847311 0.4297880 0.2716981 0.0000000 0.2705417 0.2742048 0.2928836 0.2736124 0.2697374 0.3003357 0.2722351 0.2708317 0.2706589 0.0379640 0.0431581 0.0431598 0.0420571 0.0425816 0.0448503 0.0425702 0.0420116 0.0425816 0.0431598 0.2686661 0.2880843 0.2643795 0.0285438 0.3002886 0.3177410 0.3133348 0.2447287 0.2485041 0.2593012 0.3993171 0.2802338 0.2445698 0.1537776 0.2619208 0.2443628 0.3105123 0.0397106 0.2355095 0.2394635 0.3810547 0.2205104 0.3210517 0.4549710 0.2378246 0.2374871 0.5009114 0.2335872 0.3917219 0.2343438 0.4630079 0.4697304 0.4560708 0.2867076 0.2354798 
MF947132/VNM/buffalo/2015/O/ME-SA/Unknown       0.1595995 0.2553618 0.2527382 0.1331832 0.1332065 0.1327967 0.1342446 0.1341856 0.1379159 0.2765244 0.2787233 0.2784225 0.2801599 0.1701653 0.2880690 0.1676230 0.1590302 0.1456818 0.1443380 0.1451185 0.2531376 0.1466816 0.3884082 0.1451096 0.2705417 0.0000000 0.1588069 0.1493107 0.1505083 0.1485195 0.1558015 0.1404183 0.1496231 0.1553500 0.2755655 0.2509898 0.2521659 0.2502174 0.2508819 0.2464811 0.2508020 0.2497407 0.2486799 0.2521659 0.1693957 0.1541948 0.1493302 0.2702385 0.1930307 0.2718648 0.1605203 0.1803512 0.1196493 0.1353451 0.3528091 0.1487611 0.1095647 0.2479871 0.1366041 0.1279586 0.2789798 0.2429531 0.0996413 0.1091584 0.3428366 0.1913309 0.2608986 0.3870070 0.1029161 0.1067251 0.4218091 0.0997109 0.3466010 0.0989088 0.3998695 0.4007680 0.3808793 0.1268694 0.1018638 
MH891503/VNM/cow/2017/O/ME-SA/Unknown           0.1706200 0.2602725 0.2540945 0.1587972 0.1608242 0.1604935 0.1576903 0.1599137 0.1628900 0.2981824 0.2980884 0.3008527 0.2996123 0.0578009 0.2682904 0.0570447 0.0924087 0.1674570 0.1665398 0.1813104 0.2557218 0.0924546 0.3269528 0.0908549 0.2742048 0.1588069 0.0000000 0.0933512 0.0700812 0.0217168 0.0890119 0.0681318 0.0170838 0.0181215 0.2904285 0.2624026 0.2636445 0.2616061 0.2622873 0.2599725 0.2622016 0.2610867 0.2599725 0.2636445 0.1494650 0.0973390 0.0145662 0.2782859 0.1968403 0.2652729 0.1008510 0.1705987 0.1446324 0.1602739 0.3417027 0.0789937 0.1411155 0.2408617 0.1661680 0.1426335 0.2593668 0.2540072 0.1343070 0.1413057 0.3328124 0.1955992 0.2527211 0.3898156 0.1382808 0.1408707 0.4177091 0.1295022 0.3366521 0.1334535 0.3830497 0.3928575 0.4026152 0.1637326 0.1353252 
MG983716/NPL/cattle/2014/O/ME-SA/Ind-2001d      0.1591957 0.2689626 0.2662712 0.1368665 0.1386841 0.1408916 0.1389761 0.1375043 0.1415110 0.3075181 0.3051300 0.3100998 0.3065911 0.1132992 0.2603454 0.1126029 0.0386591 0.1470714 0.1470309 0.1559567 0.2627752 0.0085749 0.3322318 0.0775050 0.2928836 0.1493107 0.0933512 0.0000000 0.0565759 0.0850810 0.0336446 0.0428380 0.0910150 0.0918665 0.3067272 0.2633576 0.2645429 0.2625989 0.2632475 0.2610385 0.2631656 0.2621018 0.2610385 0.2645429 0.1546342 0.0200626 0.0820146 0.2943781 0.1977236 0.2760443 0.0497666 0.1736839 0.1230000 0.1439371 0.3257586 0.0676833 0.1346520 0.2484766 0.1483218 0.1404185 0.2767177 0.2598164 0.1249971 0.1300144 0.3148893 0.1954130 0.2544689 0.3864428 0.1287182 0.1296969 0.4232022 0.1292791 0.3093936 0.1241888 0.3843311 0.3954417 0.3972326 0.1510353 0.1274658 
MG983704/NPL/cattle/2008/O/ME-SA/Unknown        0.1494320 0.2544079 0.2512411 0.1332277 0.1368045 0.1374295 0.1353192 0.1340839 0.1406324 0.2905130 0.2881438 0.2907331 0.2895830 0.0929205 0.2530074 0.0923817 0.0591492 0.1440712 0.1421147 0.1527310 0.2478141 0.0555685 0.3220458 0.0557340 0.2736124 0.1505083 0.0700812 0.0565759 0.0000000 0.0639411 0.0542102 0.0223088 0.0691917 0.0718261 0.2928887 0.2497807 0.2509482 0.2490120 0.2496737 0.2474868 0.2495946 0.2485404 0.2474868 0.2509482 0.1402680 0.0622909 0.0585617 0.2790103 0.1803488 0.2489755 0.0702159 0.1685529 0.1157996 0.1317076 0.3214548 0.0414449 0.1273241 0.2299991 0.1423527 0.1271149 0.2587712 0.2422943 0.1164893 0.1258414 0.3106900 0.1831073 0.2459916 0.3720833 0.1200770 0.1195847 0.4021503 0.1189745 0.3135041 0.1171763 0.3732017 0.3800856 0.3775971 0.1443533 0.1188873 
MG983700/MUS/cattle/2016/O/ME-SA/Unknown        0.1582537 0.2522560 0.2462748 0.1440258 0.1478173 0.1458612 0.1431831 0.1472313 0.1486370 0.2884711 0.2883804 0.2910519 0.2898639 0.0557291 0.2586125 0.0549880 0.0854261 0.1513931 0.1516176 0.1637806 0.2500811 0.0841707 0.3177657 0.0819458 0.2697374 0.1485195 0.0217168 0.0850810 0.0639411 0.0000000 0.0820102 0.0619957 0.0179934 0.0190299 0.2860519 0.2520507 0.2532535 0.2512624 0.2519402 0.2519402 0.2518584 0.2507734 0.2519402 0.2532535 0.1386006 0.0889005 0.0105129 0.2760442 0.1916222 0.2490852 0.0949768 0.1655795 0.1268956 0.1419390 0.3397711 0.0696100 0.1291107 0.2421274 0.1485850 0.1373453 0.2454466 0.2439736 0.1227037 0.1293388 0.3276676 0.1896124 0.2495472 0.3657843 0.1264662 0.1290205 0.4058203 0.1180673 0.3280580 0.1218844 0.3667083 0.3763780 0.3852280 0.1482681 0.1236653 
MG983695/LBY/cattle/2013/O/ME-SA/Ind-2001d      0.1606023 0.2745927 0.2728872 0.1304937 0.1340814 0.1349245 0.1353328 0.1331377 0.1401078 0.3196209 0.3195255 0.3246965 0.3234125 0.1137217 0.2656357 0.1130141 0.0052133 0.1509519 0.1493486 0.1569025 0.2715699 0.0337487 0.3397490 0.0820449 0.3003357 0.1558015 0.0890119 0.0336446 0.0542102 0.0820102 0.0000000 0.0399276 0.0894360 0.0916768 0.3146996 0.2743381 0.2755699 0.2735676 0.2742228 0.2719367 0.2741364 0.2730364 0.2719367 0.2755699 0.1591147 0.0399213 0.0790312 0.3006637 0.1977493 0.2647806 0.0155926 0.1810523 0.1276002 0.1347518 0.3382306 0.0685760 0.1396028 0.2470207 0.1485244 0.1380765 0.2794011 0.2662617 0.1263403 0.1363980 0.3289336 0.1977106 0.2620696 0.3967406 0.1301367 0.1311266 0.4181786 0.1276028 0.3329935 0.1255170 0.3932025 0.4024021 0.3878819 0.1480873 0.1288560 
MG983684/BGD/cattle/2009/O/ME-SA/Ind-2001d      0.1505646 0.2506450 0.2453237 0.1330902 0.1348725 0.1339374 0.1351678 0.1321961 0.1329163 0.2937308 0.2913496 0.2962638 0.2950926 0.0908695 0.2437501 0.0903406 0.0451640 0.1428870 0.1409429 0.1430025 0.2419129 0.0407055 0.3036391 0.0538435 0.2722351 0.1404183 0.0681318 0.0428380 0.0223088 0.0619957 0.0399276 0.0000000 0.0672483 0.0698860 0.2895360 0.2465139 0.2476794 0.2457413 0.2464075 0.2442215 0.2463289 0.2452749 0.2442215 0.2476794 0.1392174 0.0470430 0.0578194 0.2756974 0.1746373 0.2481893 0.0567920 0.1653880 0.1176258 0.1300192 0.3093106 0.0462632 0.1226504 0.2243425 0.1427719 0.1305041 0.2508001 0.2390631 0.1163898 0.1212063 0.3013405 0.1775736 0.2386273 0.3693754 0.1199729 0.1209678 0.3947370 0.1159131 0.3040451 0.1156036 0.3691028 0.3766215 0.3673253 0.1393256 0.1187849 
MF461724/CHN/cattle/2017/O/ME-SA/Unknown        0.1544249 0.2560353 0.2499713 0.1448347 0.1467570 0.1480999 0.1453980 0.1478220 0.1489992 0.2897389 0.2896472 0.2923459 0.2911451 0.0526645 0.2621824 0.0519410 0.0928222 0.1492743 0.1564707 0.1662051 0.2493096 0.0901153 0.3177938 0.0863208 0.2708317 0.1496231 0.0170838 0.0910150 0.0691917 0.0179934 0.0894360 0.0672483 0.0000000 0.0047138 0.2891901 0.2558396 0.2570575 0.2550477 0.2557272 0.2534513 0.2556440 0.2545473 0.2534513 0.2570575 0.1424672 0.0949500 0.0100201 0.2771936 0.1876221 0.2525617 0.1012396 0.1699474 0.1289335 0.1441691 0.3340723 0.0736493 0.1324481 0.2375692 0.1483692 0.1391555 0.2516224 0.2476413 0.1259393 0.1310873 0.3220178 0.1939327 0.2527830 0.3675721 0.1297558 0.1323159 0.4005872 0.1197333 0.3257276 0.1251116 0.3681021 0.3743943 0.3789229 0.1506169 0.1269151 
LC320038/MNG/cow/2015/O/ME-SA/Unknown           0.1593159 0.2558057 0.2497190 0.1495564 0.1515150 0.1511973 0.1484655 0.1525805 0.1555839 0.2920277 0.2919352 0.2946558 0.2934425 0.0563662 0.2678074 0.0556212 0.0950878 0.1540683 0.1613871 0.1712967 0.2490543 0.0909675 0.3189895 0.0891701 0.2706589 0.1553500 0.0181215 0.0918665 0.0718261 0.0190299 0.0916768 0.0698860 0.0047138 0.0000000 0.2914822 0.2556083 0.2568310 0.2548130 0.2554955 0.2532106 0.2554118 0.2543109 0.2532106 0.2568310 0.1444591 0.0958230 0.0105203 0.2770472 0.1950530 0.2517840 0.1035877 0.1733275 0.1333504 0.1489393 0.3429709 0.0757037 0.1343269 0.2415960 0.1531362 0.1388877 0.2570092 0.2473803 0.1279519 0.1321687 0.3306876 0.1928960 0.2558059 0.3704964 0.1318104 0.1343813 0.4049180 0.1216983 0.3345032 0.1271171 0.3687928 0.3773614 0.3855886 0.1546735 0.1289398 
KX534089/KOR/pig/2016/O/SEA/Unknown             0.2718002 0.0540914 0.0540607 0.2694043 0.2697145 0.2672743 0.2775853 0.2750602 0.2769526 0.0593297 0.0617307 0.0612319 0.0611621 0.2811804 0.3525710 0.2801143 0.3163877 0.2774490 0.2729565 0.2835807 0.0558312 0.2983878 0.4516076 0.2802500 0.0379640 0.2755655 0.2904285 0.3067272 0.2928887 0.2860519 0.3146996 0.2895360 0.2891901 0.2914822 0.0000000 0.0539986 0.0540008 0.0540374 0.0533913 0.0557665 0.0533767 0.0527932 0.0533913 0.0528173 0.2765937 0.3053259 0.2825510 0.0110514 0.3169179 0.3297339 0.3265108 0.2524322 0.2552700 0.2672953 0.4056371 0.2963701 0.2559483 0.1598630 0.2660745 0.2497752 0.3148626 0.0510116 0.2414505 0.2485091 0.3856116 0.2245598 0.3411839 0.4597453 0.2438034 0.2434680 0.5103443 0.2422060 0.3993739 0.2402665 0.4734838 0.4803541 0.4804155 0.2915428 0.2419757 
LC149717/JPN/cow/2010/O/SEA/Unknown             0.2675451 0.0160974 0.0140792 0.2511655 0.2514230 0.2486391 0.2493403 0.2518720 0.2417401 0.0695113 0.0720012 0.0728555 0.0714178 0.2615162 0.3215386 0.2604736 0.2782938 0.2532641 0.2494043 0.2699633 0.0165921 0.2576833 0.4129110 0.2516875 0.0431581 0.2509898 0.2624026 0.2633576 0.2497807 0.2520507 0.2743381 0.2465139 0.2558396 0.2556083 0.0539986 0.0000000 0.0018702 0.0018712 0.0014009 0.0032836 0.0014005 0.0009328 0.0014009 0.0018702 0.2443270 0.2601642 0.2495472 0.0438481 0.2932647 0.3052659 0.2868847 0.2225557 0.2241142 0.2370785 0.3930289 0.2603185 0.2292309 0.1330048 0.2435708 0.2260202 0.3054393 0.0095941 0.2149188 0.2264224 0.3689783 0.2029130 0.3088504 0.4418169 0.2171543 0.2188620 0.4668604 0.2166332 0.3795677 0.2137913 0.4462427 0.4489290 0.4329851 0.2572429 0.2164314 
LC149704/JPN/cow/2010/O/SEA/Unknown             0.2687343 0.0166027 0.0145800 0.2523259 0.2525868 0.2497883 0.2505042 0.2530300 0.2407085 0.0695142 0.0720043 0.0728586 0.0714208 0.2627565 0.3229398 0.2617133 0.2795283 0.2544321 0.2505779 0.2711896 0.0170981 0.2588591 0.4145470 0.2528577 0.0431598 0.2521659 0.2636445 0.2645429 0.2509482 0.2532535 0.2755699 0.2476794 0.2570575 0.2568310 0.0540008 0.0018702 0.0000000 0.0018713 0.0014009 0.0032837 0.0014006 0.0009329 0.0014009 0.0009324 0.2454790 0.2613519 0.2507545 0.0438498 0.2951153 0.3066474 0.2881388 0.2236357 0.2252237 0.2382233 0.3985592 0.2615167 0.2303491 0.1338057 0.2447184 0.2271317 0.3068004 0.0100843 0.2159979 0.2275306 0.3743857 0.2039391 0.3102245 0.4434588 0.2182374 0.2199491 0.4685628 0.2177185 0.3850484 0.2148683 0.4478959 0.4505964 0.4345986 0.2584687 0.2175155 
LC149676/JPN/pig/2010/O/SEA/Unknown             0.2667904 0.0166129 0.0145889 0.2504035 0.2506594 0.2478806 0.2485733 0.2511128 0.2409570 0.0683138 0.0707969 0.0716450 0.0702143 0.2607192 0.3173583 0.2596752 0.2775270 0.2525006 0.2486311 0.2691894 0.0160964 0.2569217 0.4077451 0.2509201 0.0420571 0.2502174 0.2616061 0.2625989 0.2490120 0.2512624 0.2735676 0.2457413 0.2550477 0.2548130 0.0540374 0.0018712 0.0018713 0.0000000 0.0014017 0.0032856 0.0014014 0.0009334 0.0014017 0.0018713 0.2409131 0.2593988 0.2487519 0.0438788 0.2902274 0.2980138 0.2861207 0.2176831 0.2233446 0.2363049 0.3903095 0.2595466 0.2284633 0.1323453 0.2428055 0.2252522 0.2982928 0.0100904 0.2141566 0.2256573 0.3662752 0.2021709 0.3080521 0.4365414 0.2163925 0.2181000 0.4573699 0.2158692 0.3768482 0.2130287 0.4370931 0.4435485 0.4240961 0.2564482 0.2156678 
LC149669/JPN/cow/2010/O/SEA/Unknown             0.2674342 0.0160935 0.0140758 0.2510589 0.2513161 0.2485339 0.2492337 0.2517656 0.2416339 0.0688651 0.0713494 0.0721997 0.0707669 0.2614011 0.3214056 0.2603587 0.2781779 0.2531566 0.2492968 0.2698496 0.0165880 0.2575746 0.4127602 0.2515800 0.0425816 0.2508819 0.2622873 0.2632475 0.2496737 0.2519402 0.2742228 0.2464075 0.2557272 0.2554955 0.0533913 0.0014009 0.0014009 0.0014017 0.0000000 0.0028101 0.0009326 0.0004658 0.0009328 0.0014009 0.2442221 0.2600542 0.2494365 0.0432683 0.2937482 0.3051349 0.2867663 0.2224606 0.2240163 0.2369753 0.3967401 0.2602075 0.2291314 0.1329540 0.2434664 0.2259217 0.3053102 0.0095918 0.2148253 0.2263242 0.3726057 0.2028265 0.3087201 0.4416675 0.2170599 0.2187670 0.4667070 0.2165388 0.3832445 0.2136981 0.4460925 0.4487776 0.4328377 0.2560473 0.2163371 
LC149660/JPN/cow/2010/O/SEA/Unknown             0.2674342 0.0181216 0.0160860 0.2510589 0.2513161 0.2485339 0.2492337 0.2517656 0.2394361 0.0713692 0.0738712 0.0747358 0.0732861 0.2590885 0.3214056 0.2580460 0.2758902 0.2509716 0.2470983 0.2698496 0.0176014 0.2553786 0.4098716 0.2493896 0.0448503 0.2464811 0.2599725 0.2610385 0.2474868 0.2519402 0.2719367 0.2442215 0.2534513 0.2532106 0.0557665 0.0032836 0.0032837 0.0032856 0.0028101 0.0000000 0.0028094 0.0023390 0.0018695 0.0032837 0.2399004 0.2600542 0.2471751 0.0455492 0.2891497 0.3037745 0.2844497 0.2245086 0.2240163 0.2369753 0.3937850 0.2579719 0.2291314 0.1313896 0.2413116 0.2259217 0.3053102 0.0105735 0.2148253 0.2263242 0.3696903 0.2028265 0.3087201 0.4387961 0.2170599 0.2187670 0.4607952 0.2144804 0.3803023 0.2136981 0.4460925 0.4458683 0.4300078 0.2571296 0.2163371 
LC149653/JPN/pig/2010/O/SEA/Unknown             0.2651391 0.0160893 0.0140722 0.2509801 0.2512371 0.2484561 0.2491549 0.2495197 0.2415556 0.0688461 0.0713297 0.0721797 0.0707473 0.2613157 0.3213026 0.2602733 0.2780910 0.2530771 0.2492173 0.2697641 0.0165837 0.2574940 0.4102537 0.2515005 0.0425702 0.2508020 0.2622016 0.2631656 0.2495946 0.2518584 0.2741364 0.2463289 0.2556440 0.2554118 0.0533767 0.0014005 0.0014006 0.0014014 0.0009326 0.0028094 0.0000000 0.0004657 0.0009326 0.0014006 0.2441447 0.2599724 0.2493547 0.0432566 0.2936594 0.3050348 0.2866771 0.2223908 0.2239443 0.2368993 0.3941866 0.2601250 0.2290582 0.1329147 0.2433893 0.2258494 0.3052116 0.0095894 0.2147566 0.2262520 0.3701042 0.2027629 0.3086202 0.4399224 0.2169906 0.2186972 0.4648965 0.2164694 0.3807113 0.2136297 0.4435668 0.4470051 0.4311231 0.2570456 0.2162679 
LC149650/JPN/cow/2010/O/SEA/Unknown             0.2662862 0.0155871 0.0135741 0.2499328 0.2501870 0.2474177 0.2481036 0.2506422 0.2404955 0.0682325 0.0707121 0.0715587 0.0701303 0.2602018 0.3200766 0.2591594 0.2769904 0.2520240 0.2481575 0.2686669 0.0160808 0.2564361 0.4112531 0.2504447 0.0420116 0.2497407 0.2610867 0.2621018 0.2485404 0.2507734 0.2730364 0.2452749 0.2545473 0.2543109 0.0527932 0.0009328 0.0009329 0.0009334 0.0004658 0.0023390 0.0004657 0.0000000 0.0004658 0.0009329 0.2431018 0.2589049 0.2482646 0.0426952 0.2925540 0.3038178 0.2855633 0.2214032 0.2229307 0.2358596 0.3951990 0.2590482 0.2280390 0.1321517 0.2423502 0.2248348 0.3040125 0.0091013 0.2137666 0.2252406 0.3710859 0.2018162 0.3074115 0.4401684 0.2159979 0.2177016 0.4651643 0.2154745 0.3817107 0.2126410 0.4445851 0.4472585 0.4313605 0.2559427 0.2152739 
LC149647/JPN/cow/2010/O/SEA/Unknown             0.2674342 0.0160935 0.0140758 0.2510589 0.2513161 0.2485339 0.2492337 0.2517656 0.2394361 0.0688651 0.0713494 0.0721997 0.0707669 0.2590885 0.3214056 0.2580460 0.2758902 0.2509716 0.2470983 0.2698496 0.0155789 0.2553786 0.4098716 0.2493896 0.0425816 0.2486799 0.2599725 0.2610385 0.2474868 0.2519402 0.2719367 0.2442215 0.2534513 0.2532106 0.0533913 0.0014009 0.0014009 0.0014017 0.0009328 0.0018695 0.0009326 0.0004658 0.0000000 0.0014009 0.2420595 0.2578378 0.2471751 0.0432683 0.2914488 0.3051349 0.2844497 0.2224606 0.2240163 0.2369753 0.3937850 0.2579719 0.2291314 0.1313896 0.2413116 0.2259217 0.3053102 0.0095918 0.2148253 0.2263242 0.3696903 0.2008704 0.3062029 0.4387961 0.2170599 0.2187670 0.4637537 0.2165388 0.3803023 0.2136981 0.4432055 0.4458683 0.4300078 0.2571296 0.2163371 
LC149638/JPN/cow/2010/O/SEA/Unknown             0.2687343 0.0166027 0.0145800 0.2523259 0.2525868 0.2497883 0.2505042 0.2530300 0.2429099 0.0695142 0.0720043 0.0728586 0.0714208 0.2627565 0.3229398 0.2617133 0.2795283 0.2544321 0.2505779 0.2711896 0.0170981 0.2588591 0.4145470 0.2506640 0.0431598 0.2521659 0.2636445 0.2645429 0.2509482 0.2532535 0.2755699 0.2476794 0.2570575 0.2568310 0.0528173 0.0018702 0.0009324 0.0018713 0.0014009 0.0032837 0.0014006 0.0009329 0.0014009 0.0000000 0.2454790 0.2613519 0.2507545 0.0427135 0.2951153 0.3066474 0.2881388 0.2236357 0.2252237 0.2382233 0.3985592 0.2615167 0.2303491 0.1338057 0.2447184 0.2271317 0.3068004 0.0100843 0.2139462 0.2275306 0.3743857 0.2019792 0.3077050 0.4405885 0.2161797 0.2178852 0.4656112 0.2177185 0.3850484 0.2128195 0.4450101 0.4476884 0.4317695 0.2584687 0.2154553 
KY446903/PAK/water-buffalo/2005/O/ME-SA/Unknown 0.1714220 0.2405814 0.2401962 0.1477754 0.1478146 0.1516597 0.1510873 0.1452522 0.1486131 0.2811304 0.2833019 0.2834819 0.2835195 0.1596248 0.2201328 0.1580446 0.1618309 0.1667725 0.1640905 0.1740271 0.2400930 0.1519571 0.3024041 0.1472467 0.2686661 0.1693957 0.1494650 0.1546342 0.1402680 0.1386006 0.1591147 0.1392174 0.1424672 0.1444591 0.2765937 0.2443270 0.2454790 0.2409131 0.2442221 0.2399004 0.2441447 0.2431018 0.2420595 0.2454790 0.0000000 0.1558156 0.1329620 0.2687687 0.1575838 0.2158369 0.1745396 0.1433928 0.1319105 0.1497867 0.2886931 0.1423117 0.1399414 0.2089527 0.1551328 0.1430960 0.2107841 0.2340299 0.1231672 0.1452743 0.2780600 0.1323148 0.2295171 0.3799008 0.1269505 0.1256216 0.4113066 0.1262102 0.2847897 0.1223439 0.3820495 0.3891874 0.3817573 0.1508229 0.1256809 
KY657269/VNM/pig/2015/O/ME-SA/Ind-2001d         0.1591986 0.2657759 0.2603357 0.1370736 0.1388957 0.1403029 0.1399675 0.1402770 0.1434056 0.3044245 0.3043335 0.3070083 0.3034916 0.1132080 0.2672520 0.1139886 0.0438986 0.1511909 0.1501719 0.1609226 0.2568416 0.0190989 0.3332756 0.0778889 0.2880843 0.1541948 0.0973390 0.0200626 0.0622909 0.0889005 0.0399213 0.0470430 0.0949500 0.0958230 0.3053259 0.2601642 0.2613519 0.2593988 0.2600542 0.2600542 0.2599724 0.2589049 0.2578378 0.2613519 0.1558156 0.0000000 0.0857980 0.2884036 0.2068310 0.2760949 0.0564933 0.1857289 0.1254459 0.1417294 0.3299645 0.0699026 0.1344783 0.2508272 0.1495889 0.1333471 0.2826145 0.2588278 0.1257420 0.1331264 0.3241154 0.1902184 0.2573489 0.3870976 0.1294960 0.1304786 0.4162232 0.1284689 0.3179896 0.1249273 0.3836944 0.3973249 0.3897122 0.1520379 0.1282309 
KX712091/BGD/pig/2015/O/ME-SA/Unknown           0.1535511 0.2497610 0.2437644 0.1404896 0.1423824 0.1437155 0.1394174 0.1434489 0.1447650 0.2854775 0.2853867 0.2880613 0.2868765 0.0515433 0.2563679 0.0508252 0.0823231 0.1484157 0.1486238 0.1615638 0.2453377 0.0810936 0.3081849 0.0775023 0.2643795 0.1493302 0.0145662 0.0820146 0.0585617 0.0105129 0.0790312 0.0578194 0.0100201 0.0105203 0.2825510 0.2495472 0.2507545 0.2487519 0.2494365 0.2471751 0.2493547 0.2482646 0.2471751 0.2507545 0.1329620 0.0857980 0.0000000 0.2706993 0.1829416 0.2485107 0.0931963 0.1635237 0.1232980 0.1397792 0.3270464 0.0628531 0.1267102 0.2295482 0.1456297 0.1301375 0.2471142 0.2414553 0.1188380 0.1253884 0.3151310 0.1840664 0.2483964 0.3629423 0.1225510 0.1251057 0.4004426 0.1142348 0.3187703 0.1180260 0.3645583 0.3716382 0.3773850 0.1460878 0.1197861 
