80
KC440883/EGY/Unknown/2011/O/ME-SA/PanAsia-2     0.0000000 0.2678164 0.2750221 0.0543878 0.0503946 0.0502667 0.0486611 0.0543476 0.1425486 0.3490848 0.3498811 0.3538019 0.3538138 0.3657494 0.3538019 0.3533153 0.2036611 0.3150005 0.2040464 0.2159138 0.2166490 0.2241854 0.1136972 0.2637591 0.2026241 0.3658369 0.2136049 0.3063663 0.2741305 0.1941392 0.2053824 0.1991810 0.2046871 0.1885398 0.1811501 0.1888443 0.1904789 0.3274417 0.2805387 0.2763942 0.2805387 0.2795288 0.2947882 0.2883704 0.2842004 0.2736287 0.2090767 0.1844011 0.3630230 0.2100777 0.3474476 0.2268513 0.3125701 0.0666540 0.0927277 0.3652536 0.2165882 0.2406441 0.2834867 0.2102741 0.0907006 0.2933507 0.2647554 0.2255828 0.2379486 0.2161280 0.3282671 0.3183375 0.3632402 0.2234061 0.2304868 0.3176645 0.2253876 0.3372403 0.2293272 0.3363552 0.3369101 0.3157718 0.2629495 0.2186432 
HM229661/HKG/pig/2010/O/SEA/Unknown             0.2678164 0.0000000 0.0065698 0.2130163 0.2134552 0.2133532 0.2211544 0.2254241 0.2205841 0.0849558 0.0850794 0.0872796 0.0943850 0.0939844 0.0919824 0.0896239 0.1800256 0.2968383 0.1739974 0.1922219 0.2138623 0.2212807 0.2721480 0.0048575 0.1891204 0.3214174 0.1804075 0.0464499 0.2950917 0.1925228 0.1880287 0.1827362 0.1853550 0.1849492 0.1822586 0.1909840 0.1881678 0.0562608 0.0098621 0.0115503 0.0098621 0.0081949 0.0150248 0.0132421 0.0115421 0.2336140 0.2077853 0.1797520 0.0769127 0.1980471 0.2837255 0.1962393 0.2895003 0.2332834 0.2659484 0.3358057 0.1825507 0.2366027 0.0183997 0.2077920 0.2559526 0.2576826 0.0098551 0.2191833 0.2338998 0.2403133 0.3181263 0.3316889 0.3545761 0.2169829 0.2240725 0.2680570 0.2160935 0.3209830 0.2229452 0.3560277 0.3473442 0.2978762 0.2356038 0.2122048 
JQ900581/CHN/pig/2010/O/SEA/Unknown             0.2750221 0.0065698 0.0000000 0.2189697 0.2194274 0.2193216 0.2273175 0.2272846 0.2266276 0.0835903 0.0837125 0.0859240 0.0930596 0.0926638 0.0906474 0.0882784 0.1850907 0.3052177 0.1789449 0.1975149 0.2133174 0.2208074 0.2793423 0.0049160 0.1943648 0.3249259 0.1853431 0.0449456 0.3030747 0.1978479 0.1932384 0.1877896 0.1904987 0.1900755 0.1872920 0.1962340 0.1933793 0.0547981 0.0082677 0.0099596 0.0082677 0.0065953 0.0134360 0.0116566 0.0099526 0.2355991 0.2135002 0.1847494 0.0754985 0.2035378 0.2839325 0.2016421 0.2924424 0.2396191 0.2731587 0.3396975 0.1817648 0.2431731 0.0168283 0.2071919 0.2581961 0.2600625 0.0082620 0.2254341 0.2404528 0.2466134 0.3217396 0.3405860 0.3502769 0.2231980 0.2304725 0.2753607 0.2222548 0.3246523 0.2292810 0.3598252 0.3510163 0.3056844 0.2494587 0.2183073 
OQ211396/ISR/cattle/2007/O/ME-SA/PanAsia-2      0.0543878 0.2130163 0.2189697 0.0000000 0.0064983 0.0200010 0.0218771 0.0166014 0.1253839 0.3000698 0.3007425 0.3044258 0.3050048 0.3156597 0.3069770 0.3088099 0.1612828 0.2634534 0.1615649 0.1781494 0.1757786 0.1824029 0.0793533 0.2166115 0.1659156 0.3197323 0.1658899 0.2653411 0.2640605 0.1532608 0.1629243 0.1580305 0.1736285 0.1621379 0.1365036 0.1482764 0.1500579 0.2835077 0.2243189 0.2280058 0.2243189 0.2234633 0.2367289 0.2313477 0.2276388 0.2368137 0.1840717 0.1445901 0.3184797 0.1890941 0.2816613 0.1884631 0.2480469 0.0397229 0.0583231 0.2815695 0.1823548 0.2345012 0.2205745 0.1684552 0.0715237 0.2354473 0.2166732 0.2097957 0.2318838 0.1867033 0.2658956 0.2896965 0.3475133 0.2077153 0.2143160 0.2911358 0.2094403 0.2738298 0.2133153 0.3045690 0.3135512 0.2896401 0.2500234 0.2032479 
OQ211363/ISR/sheep/2007/O/ME-SA/PanAsia-2       0.0503946 0.2134552 0.2194274 0.0064983 0.0000000 0.0131406 0.0149243 0.0098158 0.1255832 0.3007425 0.3014178 0.3051090 0.3056813 0.3163664 0.3076652 0.3095034 0.1555492 0.2713291 0.1558183 0.1722267 0.1755199 0.1821313 0.0748522 0.2170596 0.1656867 0.3204799 0.1601935 0.2579666 0.2565482 0.1477111 0.1627010 0.1524476 0.1677953 0.1619176 0.1363304 0.1427670 0.1445649 0.2913274 0.2247868 0.2284833 0.2247868 0.2239286 0.2372314 0.2318333 0.2281148 0.2439085 0.1773604 0.1391721 0.3270347 0.1894643 0.2897579 0.1824583 0.2486107 0.0359489 0.0502417 0.2822584 0.1764094 0.2349878 0.2210326 0.1746168 0.0672284 0.2427626 0.2171207 0.2102179 0.2323667 0.1930270 0.2576003 0.2727765 0.3482789 0.2081332 0.2147522 0.2917706 0.2098668 0.2654290 0.2137463 0.3052295 0.3142323 0.2974122 0.2505622 0.2036540 
OQ211362/PSE/sheep/2007/O/ME-SA/PanAsia-2       0.0502667 0.2133532 0.2193216 0.0200010 0.0131406 0.0000000 0.0048751 0.0131396 0.1157052 0.3005970 0.3012719 0.3049617 0.3055355 0.3162151 0.3075171 0.3093543 0.1549900 0.2773470 0.1552570 0.1715929 0.1748418 0.1814186 0.0746460 0.2169558 0.1650831 0.3162447 0.1650689 0.2578433 0.2634816 0.1419280 0.1621108 0.1466191 0.1671846 0.1613355 0.1358671 0.1370375 0.1388471 0.2911893 0.2246792 0.2283739 0.2246792 0.2238215 0.2371172 0.2317225 0.2280058 0.2437940 0.1766915 0.1386957 0.3268753 0.1887254 0.2958576 0.1817818 0.2547375 0.0358650 0.0501148 0.2916499 0.1701518 0.2340164 0.2209269 0.1739491 0.0670511 0.2348667 0.2170170 0.2093751 0.2314029 0.1960518 0.2667975 0.2740940 0.3544249 0.2072989 0.2138814 0.2977077 0.2090168 0.2746921 0.2128858 0.3196773 0.3201969 0.3032913 0.2563731 0.2028436 
OQ211360/ISR/cattle/2007/O/ME-SA/PanAsia-2      0.0486611 0.2211544 0.2273175 0.0218771 0.0149243 0.0048751 0.0000000 0.0149232 0.1237831 0.3154349 0.3161485 0.3199152 0.3203253 0.3314004 0.3225156 0.3244224 0.1591480 0.2767766 0.1594263 0.1760081 0.1795160 0.1862221 0.0773187 0.2248370 0.1637826 0.3320848 0.1693178 0.2665954 0.2627966 0.1458163 0.1663670 0.1505641 0.1715028 0.1600246 0.1396355 0.1408626 0.1426745 0.3054254 0.2327266 0.2365021 0.2327266 0.2318422 0.2454734 0.2399127 0.2361152 0.2496803 0.1812700 0.1425150 0.3427134 0.1935898 0.2954615 0.1863318 0.2613244 0.0379408 0.0564042 0.2993527 0.1745253 0.2397313 0.2288902 0.1785647 0.0695678 0.2339491 0.2248850 0.2146140 0.2371040 0.1949088 0.2739941 0.2734761 0.3623934 0.2125102 0.2192339 0.3046570 0.2143073 0.2820529 0.2181905 0.3269410 0.3274769 0.3102453 0.2581180 0.2079676 
OQ211352/ISR/cattle/2007/O/ME-SA/PanAsia-2      0.0543476 0.2254241 0.2272846 0.0166014 0.0098158 0.0131396 0.0149232 0.0000000 0.1256783 0.3079278 0.3086256 0.3123735 0.3128698 0.3238034 0.3149649 0.3168470 0.1557257 0.2746247 0.1559959 0.1724542 0.1738517 0.1803691 0.0748756 0.2291408 0.1658931 0.3188651 0.1603805 0.2642046 0.2653541 0.1478635 0.1628979 0.1526120 0.1680072 0.1621108 0.1364537 0.1429072 0.1447087 0.2981747 0.2304124 0.2341779 0.2304124 0.2295324 0.2431174 0.2375831 0.2337955 0.2429881 0.1776097 0.1393024 0.3375420 0.1875167 0.2932285 0.1827194 0.2492501 0.0359505 0.0502486 0.2859398 0.1766499 0.2355023 0.2332277 0.1729755 0.0632246 0.2388611 0.2291813 0.2106061 0.2328694 0.1993814 0.2610305 0.2838180 0.3495943 0.2085129 0.2151645 0.2926480 0.2102580 0.2689379 0.2141516 0.3147474 0.3152638 0.2983174 0.2487836 0.2040131 
OP957418/BGD/cattle/2021/O/ME-SA/PanAsia-2      0.1425486 0.2205841 0.2266276 0.1253839 0.1255832 0.1157052 0.1237831 0.1256783 0.0000000 0.2622540 0.2628278 0.2663132 0.2672754 0.2769489 0.2709364 0.2704024 0.1247342 0.2391878 0.1300447 0.1600420 0.1990878 0.1991039 0.1668159 0.2241983 0.1646296 0.3354053 0.1490048 0.2558707 0.2556699 0.1337160 0.1616782 0.1224203 0.1558231 0.1609104 0.1325059 0.1336264 0.1377200 0.2759933 0.2319385 0.2356408 0.2319385 0.2310718 0.2444294 0.2389855 0.2352624 0.2190682 0.1767334 0.1302097 0.3045157 0.1723472 0.2757788 0.1700305 0.2934052 0.1149652 0.1210790 0.3138724 0.1591868 0.2142979 0.2273442 0.1940277 0.1257283 0.2345855 0.2242467 0.1970044 0.2117154 0.2010273 0.2878017 0.3394445 0.3573583 0.1949877 0.2012529 0.3007914 0.2026191 0.2866254 0.2003651 0.3374282 0.3293071 0.3221532 0.2416570 0.1907330 
ON868618/VNM/pig/2019/O/SEA/Unknown             0.3490848 0.0849558 0.0835903 0.3000698 0.3007425 0.3005970 0.3154349 0.3079278 0.2622540 0.0000000 0.0032404 0.0016147 0.0065331 0.0065173 0.0048828 0.0032428 0.2164330 0.3376363 0.2098331 0.2325943 0.2773362 0.2832893 0.3553298 0.0828575 0.2552192 0.3978619 0.2439939 0.0523818 0.3610214 0.2474534 0.2537888 0.2353872 0.2321150 0.2431850 0.2283148 0.2314885 0.2357984 0.0783588 0.0805453 0.0828295 0.0805453 0.0783867 0.0878234 0.0850447 0.0827437 0.2834948 0.2784256 0.2320126 0.0872207 0.2390037 0.3382014 0.2439779 0.3574402 0.3260722 0.3363704 0.4394370 0.2365367 0.2810564 0.1012995 0.2691373 0.3362614 0.3194055 0.0850507 0.2623528 0.2783975 0.3043702 0.4326926 0.3986937 0.4179071 0.2672432 0.2754103 0.3314284 0.2659415 0.4361042 0.2654529 0.4023637 0.3985635 0.3361017 0.3040911 0.2618750 
ON868607/VNM/pig/2019/O/SEA/Unknown             0.3498811 0.0850794 0.0837125 0.3007425 0.3014178 0.3012719 0.3161485 0.3086256 0.2628278 0.0032404 0.0000000 0.0016136 0.0065285 0.0065126 0.0048795 0.0032406 0.2168693 0.3467855 0.2102532 0.2330761 0.2779557 0.2839247 0.3561272 0.0829775 0.2557578 0.3987951 0.2444988 0.0564286 0.3618494 0.2479644 0.2543230 0.2358687 0.2325943 0.2436914 0.2287790 0.2319573 0.2362801 0.0828271 0.0806609 0.0829494 0.0806609 0.0784985 0.0879531 0.0851686 0.0828633 0.2841272 0.2790312 0.2324862 0.0919417 0.2462027 0.3470382 0.2444898 0.3582932 0.3268013 0.3371336 0.4405066 0.2296097 0.2816856 0.1014546 0.2697310 0.3370210 0.3279395 0.0851746 0.2629411 0.2790246 0.3050286 0.4337515 0.4083874 0.4275225 0.2678434 0.2760349 0.3401257 0.2665346 0.4371702 0.2660476 0.4116774 0.4078530 0.3448003 0.3047907 0.2624612 
ON868600/VNM/pig/2018/O/SEA/Unknown             0.3538019 0.0872796 0.0859240 0.3044258 0.3051090 0.3049617 0.3199152 0.3123735 0.2663132 0.0016147 0.0016136 0.0000000 0.0048811 0.0048698 0.0032428 0.0016148 0.2199843 0.3425389 0.2133365 0.2363056 0.2815559 0.2875570 0.3600076 0.0851686 0.2591008 0.4030261 0.2477508 0.0544240 0.3658371 0.2512172 0.2576539 0.2390646 0.2358163 0.2469618 0.2319416 0.2351139 0.2394729 0.0806288 0.0828354 0.0851397 0.0828354 0.0806609 0.0901851 0.0873718 0.0850507 0.2877394 0.2825391 0.2356684 0.0896241 0.2428001 0.3429378 0.2477870 0.3624284 0.3305618 0.3409857 0.4450844 0.2328312 0.2853042 0.1037596 0.2732629 0.3408558 0.3239672 0.0873779 0.2665124 0.2826576 0.3085947 0.4383232 0.4039281 0.4231106 0.2714344 0.2796851 0.3360855 0.2700964 0.4417524 0.2696244 0.4073954 0.4035800 0.3407628 0.3085836 0.2660254 
ON868596/VNM/pig/2018/O/SEA/Unknown             0.3538138 0.0943850 0.0930596 0.3050048 0.3056813 0.3055355 0.3203253 0.3128698 0.2672754 0.0065331 0.0065285 0.0048811 0.0000000 0.0098494 0.0081986 0.0065335 0.2150386 0.3426945 0.2085040 0.2374977 0.2823789 0.2883190 0.3599449 0.0922336 0.2600984 0.4023943 0.2488362 0.0606481 0.3657003 0.2522680 0.2586633 0.2338015 0.2370109 0.2480613 0.2268033 0.2299537 0.2342107 0.0875635 0.0898341 0.0922020 0.0898341 0.0876094 0.0974103 0.0944877 0.0921025 0.2884958 0.2833304 0.2304613 0.0969819 0.2439499 0.3430837 0.2488871 0.3623301 0.3308459 0.3411517 0.4438125 0.2275894 0.2860892 0.1113005 0.2741616 0.3410227 0.3243353 0.0944944 0.2674963 0.2834750 0.3091090 0.4371470 0.4032758 0.4222153 0.2723681 0.2805404 0.3363125 0.2710378 0.4405249 0.2705752 0.3984438 0.3946954 0.3409329 0.3091303 0.2670128 
ON868595/VNM/pig/2018/O/SEA/Unknown             0.3657494 0.0939844 0.0926638 0.3156597 0.3163664 0.3162151 0.3314004 0.3238034 0.2769489 0.0065173 0.0065126 0.0048698 0.0098494 0.0000000 0.0081791 0.0065177 0.2294886 0.3550147 0.2227464 0.2461578 0.2925374 0.2986345 0.3638941 0.0918458 0.2692961 0.4159091 0.2576700 0.0604371 0.3779837 0.2611362 0.2678129 0.2488128 0.2390497 0.2569365 0.2415903 0.2447414 0.2492112 0.0872051 0.0894614 0.0918145 0.0894614 0.0872500 0.0969878 0.0940860 0.0917161 0.2987572 0.2932360 0.2453757 0.0965537 0.2528508 0.3549806 0.2578455 0.3750317 0.3420258 0.3448454 0.4590162 0.2426602 0.2963421 0.1107859 0.2840382 0.3525433 0.3356458 0.0940927 0.2774132 0.2937419 0.3194637 0.4522377 0.4169867 0.4273538 0.2823929 0.2908248 0.3399875 0.2809640 0.4556972 0.2805410 0.4115165 0.4076931 0.3446612 0.3201513 0.2769047 
ON868593/VNM/pig/2018/O/SEA/Unknown             0.3538019 0.0919824 0.0906474 0.3069770 0.3076652 0.3075171 0.3225156 0.3149649 0.2709364 0.0048828 0.0048795 0.0032428 0.0081986 0.0081791 0.0000000 0.0016148 0.2240705 0.3524036 0.2173731 0.2363056 0.2815559 0.2875570 0.3651726 0.0898460 0.2591008 0.4133859 0.2520480 0.0585581 0.3658371 0.2555180 0.2576539 0.2432787 0.2358163 0.2469618 0.2361050 0.2373474 0.2417278 0.0852229 0.0874704 0.0898153 0.0874704 0.0852640 0.0949649 0.0920814 0.0897195 0.2900257 0.2825391 0.2398610 0.0944910 0.2504598 0.3429378 0.2477870 0.3724532 0.3355717 0.3461171 0.4564014 0.2296691 0.2853042 0.1087371 0.2732629 0.3459640 0.3239672 0.0920880 0.2665124 0.2826576 0.3170934 0.4496089 0.4144315 0.4260062 0.2714344 0.2796851 0.3454522 0.2700964 0.4530716 0.2696244 0.4102097 0.4063893 0.3501336 0.3085836 0.2660254 
ON868590/VNM/pig/2019/O/SEA/Unknown             0.3533153 0.0896239 0.0882784 0.3088099 0.3095034 0.3093543 0.3244224 0.3168470 0.2704024 0.0032428 0.0032406 0.0016148 0.0065335 0.0065177 0.0016148 0.0000000 0.2235640 0.3474710 0.2168693 0.2357890 0.2858047 0.2918533 0.3647079 0.0875001 0.2585815 0.4082107 0.2515350 0.0564840 0.3706753 0.2550075 0.2571352 0.2427692 0.2353014 0.2464451 0.2355963 0.2387664 0.2431739 0.0829188 0.0851457 0.0874704 0.0851457 0.0829553 0.0925678 0.0897195 0.0873779 0.2894932 0.2820157 0.2393517 0.0920498 0.2466256 0.3477002 0.2472667 0.3674425 0.3350769 0.3456260 0.4507498 0.2291536 0.2895812 0.1062413 0.2774179 0.3454749 0.3285564 0.0897258 0.2707036 0.2869477 0.3128438 0.4439726 0.4091842 0.4283317 0.2756566 0.2839911 0.3407692 0.2742815 0.4474189 0.2738271 0.4124460 0.4086158 0.3454492 0.3131049 0.2702075 
OP751924/IDN/cattle/2022/O/ME-SA/Unknown        0.2036611 0.1800256 0.1850907 0.1612828 0.1555492 0.1549900 0.1591480 0.1557257 0.1247342 0.2164330 0.2168693 0.2199843 0.2150386 0.2294886 0.2240705 0.2235640 0.0000000 0.2314758 0.0032310 0.0816593 0.1210614 0.1210708 0.1801634 0.1832291 0.0882948 0.3036580 0.0857790 0.2317067 0.2248394 0.0478744 0.0860174 0.0440056 0.0815434 0.0857358 0.0477353 0.0400087 0.0480911 0.2418645 0.1864037 0.1896601 0.1864037 0.1893831 0.1972133 0.1926599 0.1893831 0.1837010 0.1083251 0.0382634 0.2781197 0.1410537 0.2367658 0.0884828 0.2428028 0.1519596 0.1542314 0.2645863 0.0846641 0.1680360 0.1767159 0.1335316 0.1682789 0.2192112 0.1839496 0.1507991 0.1654956 0.1695754 0.2480513 0.2800904 0.2787643 0.1488522 0.1544198 0.2084174 0.1484082 0.2556205 0.1538292 0.2483385 0.2410728 0.2301239 0.1819775 0.1450837 
ON736860/UGA/cow/2015/O/EA-2/Unknown            0.3150005 0.2968383 0.3052177 0.2634534 0.2713291 0.2773470 0.2767766 0.2746247 0.2391878 0.3376363 0.3467855 0.3425389 0.3426945 0.3550147 0.3524036 0.3474710 0.2314758 0.0000000 0.2310755 0.2274333 0.2231206 0.2263753 0.2902882 0.3014082 0.2233793 0.4113246 0.2349486 0.3429229 0.2907446 0.2430065 0.2263694 0.2114574 0.2312713 0.2183654 0.2044797 0.2307984 0.2484749 0.3712467 0.2967113 0.3012793 0.2967113 0.3007197 0.3125053 0.3053101 0.3007197 0.2441456 0.2653842 0.2081106 0.4090256 0.2170917 0.1245078 0.2226256 0.3585481 0.2499356 0.2853635 0.3735555 0.2249653 0.2368807 0.2932868 0.2181624 0.2438127 0.1160056 0.3053358 0.2494199 0.2418677 0.2222171 0.3514873 0.2927994 0.4296293 0.2471836 0.2616902 0.3292213 0.2393176 0.3604075 0.2533462 0.4186147 0.4087688 0.3541740 0.2695546 0.2421714 
OP585403/IDN/cattle/2022/O/ME-SA/Unknown        0.2040464 0.1739974 0.1789449 0.1615649 0.1558183 0.1552570 0.1594263 0.1559959 0.1300447 0.2098331 0.2102532 0.2133365 0.2085040 0.2227464 0.2173731 0.2168693 0.0032310 0.2310755 0.0000000 0.0772806 0.1157720 0.1157809 0.1804895 0.1771544 0.0838223 0.2955755 0.0813579 0.2249794 0.2179458 0.0518062 0.0815790 0.0478813 0.0771724 0.0813182 0.0516536 0.0438089 0.0520391 0.2350001 0.1802844 0.1834942 0.1802844 0.1832291 0.1909172 0.1864596 0.1832291 0.1776647 0.1035010 0.0420526 0.2705625 0.1356812 0.2295914 0.0839988 0.2353703 0.1522191 0.1601502 0.2564162 0.0845702 0.1620958 0.1707390 0.1280855 0.1685727 0.2123473 0.1778554 0.1450837 0.1595684 0.1638753 0.2401076 0.2720940 0.2736061 0.1431491 0.1486215 0.2040622 0.1427317 0.2475702 0.1480653 0.2435141 0.2363145 0.2274277 0.1757046 0.1394516 
OM160615/TUN/cattle/2014/O/ME-SA/Ind-2001d      0.2159138 0.1922219 0.1975149 0.1781494 0.1722267 0.1715929 0.1760081 0.1724542 0.1600420 0.2325943 0.2330761 0.2363056 0.2374977 0.2461578 0.2363056 0.2357890 0.0816593 0.2274333 0.0772806 0.0000000 0.1347255 0.1347359 0.1743789 0.1955119 0.0288677 0.3206176 0.0719695 0.2306633 0.2324642 0.0795934 0.0306975 0.0661436 0.0131739 0.0270072 0.0660125 0.0749186 0.0799386 0.2612473 0.1987688 0.2021109 0.1987688 0.2018103 0.2099086 0.2051722 0.1958157 0.1824593 0.0441141 0.0600298 0.2837057 0.1651308 0.2515405 0.0115066 0.2302925 0.1663124 0.1628349 0.2758748 0.0499404 0.1889918 0.1829686 0.1481682 0.1851177 0.2288953 0.1984749 0.1691589 0.1864667 0.1565231 0.2580307 0.2793571 0.2967319 0.1672037 0.1787739 0.2218933 0.1610581 0.2680222 0.1722950 0.2748517 0.2742548 0.2458610 0.1975638 0.1632685 
OM456148/PAK/buffalo/2012/O/ME-SA/PanAsia-2     0.2166490 0.2138623 0.2133174 0.1757786 0.1755199 0.1748418 0.1795160 0.1738517 0.1990878 0.2773362 0.2779557 0.2815559 0.2823789 0.2925374 0.2815559 0.2858047 0.1210614 0.2231206 0.1157720 0.1347255 0.0000000 0.0032335 0.2071127 0.2109808 0.1404701 0.2907015 0.1400555 0.2742897 0.1700466 0.1402020 0.1376456 0.1270851 0.1268895 0.1370390 0.1247309 0.1306776 0.1374974 0.2773712 0.2145723 0.2182633 0.2145723 0.2179087 0.2269605 0.2216236 0.2179087 0.2079204 0.1598976 0.1275445 0.3231963 0.1792779 0.2597398 0.1366761 0.2435907 0.1676428 0.1941099 0.2570451 0.1459166 0.1377206 0.1972004 0.0347019 0.1974849 0.2438667 0.2077020 0.1171737 0.1353437 0.1521638 0.2353604 0.2738777 0.2932846 0.1142686 0.1202209 0.2313479 0.1189016 0.2429327 0.1198302 0.2727041 0.2648784 0.2379841 0.1359294 0.1121123 
OM456134/PAK/cattle/2012/O/ME-SA/PanAsia-2      0.2241854 0.2212807 0.2208074 0.1824029 0.1821313 0.1814186 0.1862221 0.1803691 0.1991039 0.2832893 0.2839247 0.2875570 0.2883190 0.2986345 0.2875570 0.2918533 0.1210708 0.2263753 0.1157809 0.1347359 0.0032335 0.0000000 0.2142839 0.2183700 0.1404810 0.2995431 0.1400663 0.2826483 0.1743373 0.1402130 0.1376562 0.1270949 0.1268992 0.1370495 0.1247405 0.1306877 0.1375084 0.2858638 0.2220233 0.2257786 0.2220233 0.2254078 0.2346596 0.2291867 0.2254078 0.2079370 0.1599105 0.1275543 0.3326680 0.1857897 0.2633012 0.1366866 0.2436115 0.1741343 0.1989223 0.2660622 0.1459280 0.1433662 0.2043576 0.0384917 0.2043742 0.2472868 0.2150432 0.1225106 0.1409698 0.1521755 0.2440103 0.2798570 0.3021050 0.1195494 0.1256326 0.2389261 0.1242343 0.2517181 0.1252149 0.2811048 0.2731779 0.2380034 0.1416662 0.1173659 
OK019689/IRN/cow/2016/O/ME-SA/PanAsia-2         0.1136972 0.2721480 0.2793423 0.0793533 0.0748522 0.0746460 0.0773187 0.0748756 0.1668159 0.3553298 0.3561272 0.3600076 0.3599449 0.3638941 0.3651726 0.3647079 0.1801634 0.2902882 0.1804895 0.1743789 0.2071127 0.2142839 0.0000000 0.2761870 0.1677573 0.3317961 0.1738611 0.3238976 0.3013172 0.1620453 0.1647324 0.1597593 0.1642761 0.1639278 0.1380085 0.1553562 0.1571224 0.3531133 0.2847812 0.2889020 0.2847812 0.2837766 0.2989468 0.2925509 0.2884115 0.2460088 0.1861471 0.1461808 0.3916698 0.2171371 0.3052851 0.1847221 0.2687467 0.0765843 0.1084220 0.3157281 0.1780178 0.2592254 0.2575241 0.2128813 0.1085739 0.2564242 0.2842987 0.2361491 0.2566253 0.2247811 0.2819209 0.3278990 0.3806822 0.2339618 0.2479746 0.3105907 0.2329722 0.2819950 0.2399468 0.3341897 0.3347396 0.3050901 0.2609642 0.2291228 
MN389541/CHN/pig/2010/O/SEA/Unknown             0.2637591 0.0048575 0.0049160 0.2166115 0.2170596 0.2169558 0.2248370 0.2291408 0.2241983 0.0828575 0.0829775 0.0851686 0.0922336 0.0918458 0.0898460 0.0875001 0.1832291 0.3014082 0.1771544 0.1955119 0.2109808 0.2183700 0.2761870 0.0000000 0.1923943 0.3262007 0.1772991 0.0445682 0.2907315 0.1958310 0.1912860 0.1859201 0.1885835 0.1881687 0.1854322 0.1942530 0.1914256 0.0543366 0.0082006 0.0098788 0.0082006 0.0065416 0.0133264 0.0115610 0.0098719 0.2298134 0.2112620 0.1829143 0.0748357 0.1946748 0.2805255 0.1995785 0.2939832 0.2370109 0.2700242 0.3408717 0.1799411 0.2404514 0.0166910 0.2049486 0.2598559 0.2617909 0.0081949 0.2229265 0.2377510 0.2366458 0.3231039 0.3363649 0.3417935 0.2207154 0.2278805 0.2639464 0.2197983 0.3259912 0.2267208 0.3513664 0.3427214 0.2936217 0.2465832 0.2158928 
MN095357/IND/cattle/2013/O/ME-SA/Ind-2001d      0.2026241 0.1891204 0.1943648 0.1659156 0.1656867 0.1650831 0.1637826 0.1658931 0.1646296 0.2552192 0.2557578 0.2591008 0.2600984 0.2692961 0.2591008 0.2585815 0.0882948 0.2233793 0.0838223 0.0288677 0.1404701 0.1404810 0.1677573 0.1923943 0.0000000 0.3094167 0.0781157 0.2387150 0.2203699 0.0816350 0.0099031 0.0680963 0.0287797 0.0081510 0.0598584 0.0769267 0.0819875 0.2555862 0.1956365 0.1989633 0.1956365 0.1986681 0.2067149 0.2020152 0.1926925 0.1739090 0.0310163 0.0619536 0.2859459 0.1568651 0.2314918 0.0380989 0.2378746 0.1490096 0.1619007 0.2837163 0.0557357 0.1821859 0.1799080 0.1541017 0.1785025 0.2075845 0.1953479 0.1625832 0.1796648 0.1406447 0.2578853 0.2659213 0.3039991 0.1606398 0.1720340 0.2216373 0.1601419 0.2679409 0.1656687 0.2886853 0.2811303 0.2391267 0.1944163 0.1567794 
NC_039210/GBR/Unknown/1965/O/EURO-SA/Unknown    0.3658369 0.3214174 0.3249259 0.3197323 0.3204799 0.3162447 0.3320848 0.3188651 0.3354053 0.3978619 0.3987951 0.4030261 0.4023943 0.4159091 0.4133859 0.4082107 0.3036580 0.4113246 0.2955755 0.3206176 0.2907015 0.2995431 0.3317961 0.3262007 0.3094167 0.0000000 0.3082657 0.3944871 0.3566175 0.3336802 0.2989327 0.3163628 0.3110684 0.3053126 0.3030345 0.3198247 0.3204867 0.3919045 0.3226648 0.3178658 0.3226648 0.3268468 0.3394284 0.3316703 0.3268468 0.3405406 0.3097803 0.3149418 0.4420159 0.2886288 0.3820317 0.3154725 0.2294845 0.3361601 0.3337950 0.2185730 0.3295005 0.3110022 0.3341878 0.2783216 0.3173834 0.3354505 0.3302740 0.2964959 0.3084094 0.2826440 0.2099225 0.3563392 0.4453985 0.2916601 0.3028621 0.3352701 0.2901197 0.2098512 0.2920924 0.4617551 0.4406968 0.4028916 0.3031362 0.2883331 
MK071699/BGD/cattle/2013/O/ME-SA/Unknown        0.2136049 0.1804075 0.1853431 0.1658899 0.1601935 0.1650689 0.1693178 0.1603805 0.1490048 0.2439939 0.2444988 0.2477508 0.2488362 0.2576700 0.2520480 0.2515350 0.0857790 0.2349486 0.0813579 0.0719695 0.1400555 0.1400663 0.1738611 0.1772991 0.0781157 0.3082657 0.0000000 0.2220251 0.2054379 0.0909398 0.0759540 0.0725121 0.0635653 0.0757226 0.0723659 0.0815023 0.0913271 0.2311764 0.1866196 0.1897893 0.1866196 0.1895195 0.1971374 0.1927083 0.1838013 0.1825920 0.0969825 0.0703954 0.2585094 0.1351298 0.2251978 0.0767373 0.2072239 0.1492111 0.1743648 0.2352738 0.0779114 0.1669186 0.1716062 0.1472521 0.1672936 0.2165829 0.1863559 0.1533958 0.1644293 0.1355683 0.2188523 0.2544051 0.2806630 0.1514785 0.1569891 0.2027159 0.1564966 0.2259223 0.1563939 0.2742605 0.2736707 0.2326555 0.1803902 0.1477428 
MH845413/VNM/pig/2014/O/SEA/Unknown             0.3063663 0.0464499 0.0449456 0.2653411 0.2579666 0.2578433 0.2665954 0.2642046 0.2558707 0.0523818 0.0564286 0.0544240 0.0606481 0.0604371 0.0585581 0.0564840 0.2317067 0.3429229 0.2249794 0.2306633 0.2742897 0.2826483 0.3238976 0.0445682 0.2387150 0.3944871 0.2220251 0.0000000 0.3436050 0.2426191 0.2373889 0.2279506 0.2231107 0.2337174 0.2211152 0.2404614 0.2375341 0.0389166 0.0425938 0.0445541 0.0425938 0.0406969 0.0487197 0.0464903 0.0445158 0.2802673 0.2526943 0.2246848 0.0456752 0.2321372 0.3183447 0.2352568 0.3334440 0.2813634 0.3183235 0.4011770 0.2210009 0.2671118 0.0586770 0.2602762 0.3000185 0.2978631 0.0503869 0.2418174 0.2644342 0.2816955 0.3914845 0.3786625 0.3926831 0.2465267 0.2542540 0.3133226 0.2454032 0.3947313 0.2528533 0.4042285 0.4005299 0.3343985 0.2742857 0.2413869 
MF947132/VNM/buffalo/2015/O/ME-SA/Unknown       0.2741305 0.2950917 0.3030747 0.2640605 0.2565482 0.2634816 0.2627966 0.2653541 0.2556699 0.3610214 0.3618494 0.3658371 0.3657003 0.3779837 0.3658371 0.3706753 0.2248394 0.2907446 0.2179458 0.2324642 0.1700466 0.1743373 0.3013172 0.2907315 0.2203699 0.3566175 0.2054379 0.3436050 0.0000000 0.2281275 0.2232628 0.2080496 0.2224266 0.2155490 0.2051558 0.2292795 0.2389603 0.3417846 0.3037502 0.2993341 0.3037502 0.3000151 0.3190532 0.3120585 0.3076203 0.2465526 0.2159555 0.2087578 0.3814395 0.2059663 0.3272976 0.2299811 0.2737862 0.2541270 0.2721251 0.3419885 0.2399176 0.1217495 0.2893476 0.1745548 0.2538025 0.3232785 0.3019856 0.1165965 0.1194585 0.1933941 0.3075913 0.3356781 0.3278907 0.1137516 0.1195782 0.2309494 0.1087195 0.3161615 0.1191979 0.3195970 0.3111514 0.2925566 0.1376993 0.1116385 
MH891503/VNM/cow/2017/O/ME-SA/Unknown           0.1941392 0.1925228 0.1978479 0.1532608 0.1477111 0.1419280 0.1458163 0.1478635 0.1337160 0.2474534 0.2479644 0.2512172 0.2522680 0.2611362 0.2555180 0.2550075 0.0478744 0.2430065 0.0518062 0.0795934 0.1402020 0.1402130 0.1620453 0.1958310 0.0816350 0.3336802 0.0909398 0.2426191 0.2281275 0.0000000 0.0794076 0.0309009 0.0750323 0.0791566 0.0308463 0.0166011 0.0167480 0.2626226 0.1991065 0.2024680 0.1991065 0.2021652 0.2103145 0.2055471 0.2021652 0.1875241 0.0962887 0.0219197 0.2963876 0.1554616 0.2573930 0.0910329 0.2800856 0.1390595 0.1517080 0.3057319 0.0869658 0.1890637 0.1832209 0.1515641 0.1655594 0.2388458 0.1988105 0.1613925 0.1864859 0.1725834 0.2880499 0.2870590 0.2984817 0.1594361 0.1708868 0.2358252 0.1720756 0.2961679 0.1644926 0.2727395 0.2731741 0.2435881 0.1956551 0.1555596 
MG983733/LKA/cattle/2014/O/ME-SA/Ind-2001d      0.2053824 0.1880287 0.1932384 0.1629243 0.1627010 0.1621108 0.1663670 0.1628979 0.1616782 0.2537888 0.2543230 0.2576539 0.2586633 0.2678129 0.2576539 0.2571352 0.0860174 0.2263694 0.0815790 0.0306975 0.1376456 0.1376562 0.1647324 0.1912860 0.0099031 0.2989327 0.0759540 0.2373889 0.2232628 0.0794076 0.0000000 0.0659921 0.0306031 0.0131760 0.0578152 0.0747449 0.0797515 0.2541889 0.1945120 0.1978222 0.1945120 0.1975300 0.2055312 0.2008605 0.1915812 0.1709192 0.0328854 0.0598929 0.2843651 0.1540033 0.2315913 0.0400059 0.2385231 0.1461518 0.1588721 0.2844175 0.0537249 0.1790590 0.1788612 0.1511851 0.1754667 0.2078474 0.1942264 0.1595850 0.1765436 0.1434590 0.2585814 0.2774954 0.3082777 0.1576486 0.1689509 0.2181767 0.1571665 0.2662725 0.1626443 0.2847735 0.2772585 0.2355075 0.1911189 0.1538261 
MG983727/SAU/cattle/2015/O/ME-SA/Unknown        0.1991810 0.1827362 0.1877896 0.1580305 0.1524476 0.1466191 0.1505641 0.1526120 0.1224203 0.2353872 0.2358687 0.2390646 0.2338015 0.2488128 0.2432787 0.2427692 0.0440056 0.2114574 0.0478813 0.0661436 0.1270851 0.1270949 0.1597593 0.1859201 0.0680963 0.3163628 0.0725121 0.2279506 0.2080496 0.0309009 0.0659921 0.0000000 0.0618571 0.0658004 0.0165406 0.0235929 0.0310450 0.2493587 0.1890744 0.1923100 0.1890744 0.1920314 0.1998229 0.1952868 0.1920314 0.1789750 0.0863651 0.0114871 0.2787556 0.1476231 0.2237888 0.0769294 0.2565826 0.1437213 0.1510912 0.2629352 0.0605121 0.1668189 0.1737625 0.1354502 0.1648880 0.2077564 0.1888022 0.1517419 0.1643014 0.1647532 0.2383323 0.2499888 0.3032357 0.1498130 0.1609392 0.2220676 0.1493683 0.2456561 0.1547497 0.2709342 0.2713572 0.2441778 0.1767310 0.1460691 
MG983722/SAU/cattle/2013/O/ME-SA/Ind-2001d      0.2046871 0.1853550 0.1904987 0.1736285 0.1677953 0.1671846 0.1715028 0.1680072 0.1558231 0.2321150 0.2325943 0.2358163 0.2370109 0.2390497 0.2358163 0.2353014 0.0815434 0.2312713 0.0771724 0.0131739 0.1268895 0.1268992 0.1642761 0.1885835 0.0287797 0.3110684 0.0635653 0.2231107 0.2224266 0.0750323 0.0306031 0.0618571 0.0000000 0.0269258 0.0617363 0.0704589 0.0753593 0.2532184 0.1917813 0.1950618 0.1917813 0.1947757 0.2026895 0.1980762 0.1888725 0.1815399 0.0439685 0.0558427 0.2749937 0.1536118 0.2555062 0.0218195 0.2297916 0.1565306 0.1528716 0.2674868 0.0497714 0.1842798 0.1820163 0.1400853 0.1805602 0.2307540 0.1915017 0.1703464 0.1817726 0.1478219 0.2499057 0.2776337 0.2833696 0.1684023 0.1741683 0.2104478 0.1678673 0.2597513 0.1734701 0.2620550 0.2614895 0.2337431 0.1926031 0.1644807 
MG983714/NPL/pig/2013/O/ME-SA/Ind-2001d         0.1885398 0.1849492 0.1900755 0.1621379 0.1619176 0.1613355 0.1600246 0.1621108 0.1609104 0.2431850 0.2436914 0.2469618 0.2480613 0.2569365 0.2469618 0.2464451 0.0857358 0.2183654 0.0813182 0.0270072 0.1370390 0.1370495 0.1639278 0.1881687 0.0081510 0.3053126 0.0757226 0.2337174 0.2155490 0.0791566 0.0131760 0.0658004 0.0269258 0.0000000 0.0576551 0.0745157 0.0794983 0.2503081 0.1913576 0.1946290 0.1913576 0.1943443 0.2022337 0.1976355 0.1884563 0.1700882 0.0291125 0.0597249 0.2799209 0.1533004 0.2286344 0.0361416 0.2324592 0.1454924 0.1581006 0.2770994 0.0535799 0.1668281 0.1758797 0.1451148 0.1745952 0.2051108 0.1852302 0.1643708 0.1643415 0.1373613 0.2517835 0.2529517 0.2977843 0.1624393 0.1737910 0.2107037 0.1564181 0.2616314 0.1674460 0.2827943 0.2753591 0.2212308 0.1863246 0.1585881 
MG983702/MUS/cattle/2016/O/ME-SA/Unknown        0.1811501 0.1822586 0.1872920 0.1365036 0.1363304 0.1358671 0.1396355 0.1364537 0.1325059 0.2283148 0.2287790 0.2319416 0.2268033 0.2415903 0.2361050 0.2355963 0.0477353 0.2044797 0.0516536 0.0660125 0.1247309 0.1247405 0.1380085 0.1854322 0.0598584 0.3030345 0.0723659 0.2211152 0.2051558 0.0308463 0.0578152 0.0165406 0.0617363 0.0576551 0.0000000 0.0235524 0.0309899 0.2358514 0.1885763 0.1918013 0.1885763 0.1915242 0.1992877 0.1947690 0.1915242 0.1734368 0.0775117 0.0081425 0.2640636 0.1369393 0.2174097 0.0767719 0.2441731 0.1229901 0.1399434 0.2760096 0.0644552 0.1627635 0.1733130 0.1330485 0.1537907 0.2008658 0.1883055 0.1438063 0.1602620 0.1537484 0.2509396 0.2352262 0.2963417 0.1418892 0.1528089 0.2159451 0.1414819 0.2584043 0.1467538 0.2711692 0.2715929 0.2248443 0.1681856 0.1382357 
MF461724/CHN/cattle/2017/O/ME-SA/Unknown        0.1888443 0.1909840 0.1962340 0.1482764 0.1427670 0.1370375 0.1408626 0.1429072 0.1336264 0.2314885 0.2319573 0.2351139 0.2299537 0.2447414 0.2373474 0.2387664 0.0400087 0.2307984 0.0438089 0.0749186 0.1306776 0.1306877 0.1553562 0.1942530 0.0769267 0.3198247 0.0815023 0.2404614 0.2292795 0.0166011 0.0747449 0.0235929 0.0704589 0.0745157 0.0235524 0.0000000 0.0065521 0.2625471 0.1974896 0.2008107 0.1974896 0.2005137 0.2085547 0.2038546 0.2005137 0.1925198 0.0959803 0.0149015 0.2933975 0.1466523 0.2426146 0.0861157 0.2674119 0.1393889 0.1521056 0.2824634 0.0733589 0.1838485 0.1817875 0.1470939 0.1660098 0.2183515 0.1971992 0.1639987 0.1813007 0.1809823 0.2655088 0.2729274 0.2943154 0.1620341 0.1735785 0.2315058 0.1671910 0.2732802 0.1671250 0.2632592 0.2636725 0.2542222 0.1962940 0.1581214 
LC320038/MNG/cow/2015/O/ME-SA/Unknown           0.1904789 0.1881678 0.1933793 0.1500579 0.1445649 0.1388471 0.1426745 0.1447087 0.1377200 0.2357984 0.2362801 0.2394729 0.2342107 0.2492112 0.2417278 0.2431739 0.0480911 0.2484749 0.0520391 0.0799386 0.1374974 0.1375084 0.1571224 0.1914256 0.0819875 0.3204867 0.0913271 0.2375341 0.2389603 0.0167480 0.0797515 0.0310450 0.0753593 0.0794983 0.0309899 0.0065521 0.0000000 0.2596031 0.1946521 0.1979629 0.1946521 0.1976704 0.2056734 0.2010014 0.1976704 0.1941517 0.1015799 0.0220238 0.2903505 0.1595765 0.2538121 0.0914220 0.2603976 0.1379048 0.1504182 0.2874273 0.0829271 0.1920319 0.1854172 0.1543394 0.1642099 0.2229262 0.1943663 0.1717123 0.1894542 0.1830496 0.2755876 0.2931734 0.3068413 0.1697166 0.1815809 0.2485553 0.1749640 0.2833979 0.1749290 0.2747473 0.2751868 0.2589194 0.1987407 0.1656801 
KX534089/KOR/pig/2016/O/SEA/Unknown             0.3274417 0.0562608 0.0547981 0.2835077 0.2913274 0.2911893 0.3054254 0.2981747 0.2759933 0.0783588 0.0828271 0.0806288 0.0875635 0.0872051 0.0852229 0.0829188 0.2418645 0.3712467 0.2350001 0.2612473 0.2773712 0.2858638 0.3531133 0.0543366 0.2555862 0.3919045 0.2311764 0.0389166 0.3417846 0.2626226 0.2541889 0.2493587 0.2532184 0.2503081 0.2358514 0.2625471 0.2596031 0.0000000 0.0522919 0.0543192 0.0522919 0.0503416 0.0586597 0.0563119 0.0542703 0.2764227 0.2703111 0.2459704 0.0295630 0.2401458 0.3299383 0.2662879 0.3756095 0.2988534 0.3531361 0.4360541 0.2437921 0.2704288 0.0666826 0.2494842 0.3182375 0.3208220 0.0603186 0.2504701 0.2677505 0.2780363 0.4168649 0.4087826 0.3834511 0.2552765 0.2632205 0.3183796 0.2565997 0.4202262 0.2617279 0.4023168 0.3915562 0.3410442 0.2939811 0.2500177 
LC149713/JPN/cow/2010/O/SEA/Unknown             0.2805387 0.0098621 0.0082677 0.2243189 0.2247868 0.2246792 0.2327266 0.2304124 0.2319385 0.0805453 0.0806609 0.0828354 0.0898341 0.0894614 0.0874704 0.0851457 0.1864037 0.2967113 0.1802844 0.1987688 0.2145723 0.2220233 0.2847812 0.0082006 0.1956365 0.3226648 0.1866196 0.0425938 0.3037502 0.1991065 0.1945120 0.1890744 0.1917813 0.1913576 0.1885763 0.1974896 0.1946521 0.0522919 0.0000000 0.0016170 0.0000010 0.0016159 0.0049083 0.0032448 0.0016159 0.2387500 0.2147011 0.1860479 0.0725705 0.2025249 0.2847696 0.2028836 0.2983966 0.2449854 0.2787096 0.3458457 0.1830926 0.2374094 0.0184279 0.2084711 0.2681824 0.2658434 0.0098695 0.2199209 0.2346997 0.2476160 0.3366285 0.3462319 0.3463851 0.2177122 0.2248365 0.2690063 0.2168150 0.3395867 0.2236996 0.3558872 0.3472063 0.2989328 0.2434456 0.2129122 
LC149692/JPN/pig/2010/O/SEA/Unknown             0.2763942 0.0115503 0.0099596 0.2280058 0.2284833 0.2283739 0.2365021 0.2341779 0.2356408 0.0828295 0.0829494 0.0851397 0.0922020 0.0918145 0.0898153 0.0874704 0.1896601 0.3012793 0.1834942 0.2021109 0.2182633 0.2257786 0.2889020 0.0098788 0.1989633 0.3178658 0.1897893 0.0445541 0.2993341 0.2024680 0.1978222 0.1923100 0.1950618 0.1946290 0.1918013 0.2008107 0.1979629 0.0543192 0.0016170 0.0000000 0.0016170 0.0032448 0.0065696 0.0048858 0.0032448 0.2426126 0.2182332 0.1892620 0.0748104 0.2059551 0.2891383 0.2062758 0.3029417 0.2488027 0.2828746 0.3509727 0.1863248 0.2412749 0.0201824 0.2120895 0.2721722 0.2700138 0.0115591 0.2236808 0.2385679 0.2513437 0.3417126 0.3509850 0.3416541 0.2214614 0.2286616 0.2648780 0.2205362 0.3446992 0.2274920 0.3512274 0.3425850 0.3032074 0.2474543 0.2166167 
LC149690/JPN/pig/2010/O/SEA/Unknown             0.2805387 0.0098621 0.0082677 0.2243189 0.2247868 0.2246792 0.2327266 0.2304124 0.2319385 0.0805453 0.0806609 0.0828354 0.0898341 0.0894614 0.0874704 0.0851457 0.1864037 0.2967113 0.1802844 0.1987688 0.2145723 0.2220233 0.2847812 0.0082006 0.1956365 0.3226648 0.1866196 0.0425938 0.3037502 0.1991065 0.1945120 0.1890744 0.1917813 0.1913576 0.1885763 0.1974896 0.1946521 0.0522919 0.0000010 0.0016170 0.0000000 0.0016159 0.0049083 0.0032448 0.0016159 0.2387500 0.2147011 0.1860479 0.0725705 0.2025249 0.2847696 0.2028836 0.2983966 0.2449854 0.2787096 0.3458457 0.1830926 0.2374094 0.0184279 0.2084711 0.2681824 0.2658434 0.0098695 0.2199209 0.2346997 0.2476160 0.3366285 0.3462319 0.3463851 0.2177122 0.2248365 0.2690063 0.2168150 0.3395867 0.2236996 0.3558872 0.3472063 0.2989328 0.2434456 0.2129122 
LC149674/JPN/cow/2010/O/SEA/Unknown             0.2795288 0.0081949 0.0065953 0.2234633 0.2239286 0.2238215 0.2318422 0.2295324 0.2310718 0.0783867 0.0784985 0.0806609 0.0876094 0.0872500 0.0852640 0.0829553 0.1893831 0.3007197 0.1832291 0.2018103 0.2179087 0.2254078 0.2837766 0.0065416 0.1986681 0.3268468 0.1895195 0.0406969 0.3000151 0.2021652 0.1975300 0.1920314 0.1947757 0.1943443 0.1915242 0.2005137 0.1976704 0.0503416 0.0016159 0.0032448 0.0016159 0.0000000 0.0065651 0.0048825 0.0032426 0.2422086 0.2178942 0.1889891 0.0704436 0.2056416 0.2886181 0.2059653 0.3023830 0.2440799 0.2776971 0.3502812 0.1860542 0.2408724 0.0201675 0.2117503 0.2672191 0.2695407 0.0115510 0.2233123 0.2381686 0.2509431 0.3323806 0.3450517 0.3504761 0.2210970 0.2282800 0.2726698 0.2201758 0.3353188 0.2271153 0.3599053 0.3512011 0.3026817 0.2470284 0.2162632 
LC149657/JPN/pig/2010/O/SEA/Unknown             0.2947882 0.0150248 0.0134360 0.2367289 0.2372314 0.2371172 0.2454734 0.2431174 0.2444294 0.0878234 0.0879531 0.0901851 0.0974103 0.0969878 0.0949649 0.0925678 0.1972133 0.3125053 0.1909172 0.2099086 0.2269605 0.2346596 0.2989468 0.0133264 0.2067149 0.3394284 0.1971374 0.0487197 0.3190532 0.2103145 0.2055312 0.1998229 0.2026895 0.2022337 0.1992877 0.2085547 0.2056734 0.0586597 0.0049083 0.0065696 0.0049083 0.0065651 0.0000000 0.0082379 0.0065651 0.2448665 0.2265443 0.1967139 0.0796816 0.2139778 0.2998007 0.2142080 0.3141175 0.2579268 0.2930045 0.3639022 0.1938095 0.2504832 0.0238270 0.2205863 0.2818194 0.2752556 0.0150367 0.2325648 0.2477728 0.2602563 0.3544735 0.3629544 0.3630156 0.2303101 0.2377238 0.2831542 0.2293131 0.3575486 0.2364695 0.3723135 0.3634496 0.3137033 0.2570389 0.2253404 
LC149633/JPN/pig/2010/O/SEA/Unknown             0.2883704 0.0132421 0.0116566 0.2313477 0.2318333 0.2317225 0.2399127 0.2375831 0.2389855 0.0850447 0.0851686 0.0873718 0.0944877 0.0940860 0.0920814 0.0897195 0.1926599 0.3053101 0.1864596 0.2051722 0.2216236 0.2291867 0.2925509 0.0115610 0.2020152 0.3316703 0.1927083 0.0464903 0.3120585 0.2055471 0.2008605 0.1952868 0.1980762 0.1976355 0.1947690 0.2038546 0.2010014 0.0563119 0.0032448 0.0048858 0.0032448 0.0048825 0.0082379 0.0000000 0.0048825 0.2460935 0.2214470 0.1922231 0.0769912 0.2090926 0.2930081 0.2093776 0.3069498 0.2522340 0.2865719 0.3554284 0.1893069 0.2447602 0.0219344 0.2153918 0.2757269 0.2737335 0.0132518 0.2270962 0.2420598 0.2546898 0.3461429 0.3551140 0.3552203 0.2248701 0.2321294 0.2768277 0.2239206 0.3491499 0.2309315 0.3645751 0.3558344 0.3069743 0.2510607 0.2199920 
LC149628/JPN/pig/2010/O/SEA/Unknown             0.2842004 0.0115421 0.0099526 0.2276388 0.2281148 0.2280058 0.2361152 0.2337955 0.2352624 0.0827437 0.0828633 0.0850507 0.0921025 0.0917161 0.0897195 0.0873779 0.1893831 0.3007197 0.1832291 0.1958157 0.2179087 0.2254078 0.2884115 0.0098719 0.1926925 0.3268468 0.1838013 0.0445158 0.3076203 0.2021652 0.1915812 0.1920314 0.1888725 0.1884563 0.1915242 0.2005137 0.1976704 0.0542703 0.0016159 0.0032448 0.0016159 0.0032426 0.0065651 0.0048825 0.0000000 0.2422086 0.2116043 0.1889891 0.0747348 0.2056416 0.2886181 0.1998924 0.2972818 0.2483956 0.2751581 0.3445732 0.1802142 0.2408724 0.0201675 0.2117503 0.2717169 0.2695407 0.0115510 0.2233123 0.2381686 0.2509431 0.3353683 0.3422708 0.3424433 0.2210970 0.2282800 0.2654656 0.2201758 0.3383188 0.2271153 0.3520167 0.3433571 0.2953137 0.2470284 0.2162632 
KY446903/PAK/water-buffalo/2005/O/ME-SA/Unknown 0.2736287 0.2336140 0.2355991 0.2368137 0.2439085 0.2437940 0.2496803 0.2429881 0.2190682 0.2834948 0.2841272 0.2877394 0.2884958 0.2987572 0.2900257 0.2894932 0.1837010 0.2441456 0.1776647 0.1824593 0.2079204 0.2079370 0.2460088 0.2298134 0.1739090 0.3405406 0.1825920 0.2802673 0.2465526 0.1875241 0.1709192 0.1789750 0.1815399 0.1700882 0.1734368 0.1925198 0.1941517 0.2764227 0.2387500 0.2426126 0.2387500 0.2422086 0.2448665 0.2460935 0.2422086 0.0000000 0.1826526 0.1766043 0.3150429 0.1359641 0.3016451 0.1842478 0.2702441 0.2382990 0.2586700 0.4031140 0.1871989 0.1906501 0.2337781 0.1974434 0.2305055 0.2830260 0.2407918 0.1651761 0.1881316 0.1872244 0.3967995 0.3322756 0.3424638 0.1632332 0.1725013 0.2587990 0.1627233 0.3971798 0.1682733 0.3111082 0.3029494 0.2858291 0.1964614 0.1593535 
KY657269/VNM/pig/2015/O/ME-SA/Ind-2001d         0.2090767 0.2077853 0.2135002 0.1840717 0.1773604 0.1766915 0.1812700 0.1776097 0.1767334 0.2784256 0.2790312 0.2825391 0.2833304 0.2932360 0.2825391 0.2820157 0.1083251 0.2653842 0.1035010 0.0441141 0.1598976 0.1599105 0.1861471 0.2112620 0.0310163 0.3097803 0.0969825 0.2526943 0.2159555 0.0962887 0.0328854 0.0863651 0.0439685 0.0291125 0.0775117 0.0959803 0.1015799 0.2703111 0.2147011 0.2182332 0.2147011 0.2178942 0.2265443 0.2214470 0.2116043 0.1826526 0.0000000 0.0797811 0.3027031 0.1767480 0.2673575 0.0501156 0.2469841 0.1599642 0.1693856 0.2863758 0.0688692 0.1855466 0.2041793 0.1680148 0.1810511 0.2538848 0.2073877 0.1770597 0.1829714 0.1646206 0.2769708 0.2704635 0.3051411 0.1750544 0.1870583 0.2253333 0.1686707 0.2874339 0.1803148 0.2895391 0.2818530 0.2467657 0.2044941 0.1709606 
