80
KC440883/EGY/Unknown/2011/O/ME-SA/PanAsia-2     0.0000000 0.1493925 0.1502830 0.0461215 0.0468231 0.0490027 0.0497664 0.0505383 0.1039966 0.2046879 0.1984138 0.1982698 0.1977272 0.2011570 0.1995343 0.1993335 0.1170429 0.1313356 0.1082486 0.1057414 0.0763397 0.0745463 0.1095785 0.1515789 0.1004126 0.1547594 0.1050510 0.1778662 0.1582693 0.1111907 0.1082489 0.1100517 0.0963350 0.1035964 0.1035492 0.1101983 0.1179772 0.1885013 0.1493310 0.1493310 0.1505581 0.1504126 0.1510898 0.1540110 0.1527303 0.1200561 0.0984603 0.1034576 0.1810139 0.1365052 0.1190899 0.1135995 0.1322197 0.0580129 0.0666701 0.1539135 0.0959509 0.1256739 0.1498053 0.1178161 0.0986916 0.1186577 0.1441450 0.1149869 0.1318961 0.1361870 0.1361478 0.1483253 0.2941218 0.1159939 0.1159939 0.3646256 0.1240365 0.1433963 0.1150858 0.2808258 0.2805443 0.3322446 0.1450978 0.1139530 
HM229661/HKG/pig/2010/O/SEA/Unknown             0.1493925 0.0000000 0.0028742 0.1226964 0.1216705 0.1282432 0.1271979 0.1293798 0.1239156 0.0610550 0.0573448 0.0573188 0.0566783 0.0596242 0.0596531 0.0611994 0.1291460 0.1468182 0.1230044 0.1385576 0.1330342 0.1307972 0.1235717 0.0034544 0.1332287 0.1728186 0.1133036 0.0338222 0.1523801 0.1173629 0.1455070 0.1153570 0.1301472 0.1305626 0.1090323 0.1144046 0.1184871 0.0435676 0.0094050 0.0094050 0.0100113 0.0100057 0.0124588 0.0118329 0.0112180 0.1161399 0.1354015 0.1034511 0.0371927 0.1272789 0.1229886 0.1458608 0.1193010 0.1176760 0.1283580 0.1575036 0.1126238 0.1237850 0.0155006 0.1228780 0.1428562 0.1326372 0.0069611 0.1174464 0.1291551 0.1165122 0.1356318 0.1458277 0.2665088 0.1185018 0.1185018 0.3574716 0.1224694 0.1451028 0.1153870 0.2708088 0.2662280 0.3151989 0.1407261 0.1143824 
JQ900581/CHN/pig/2010/O/SEA/Unknown             0.1502830 0.0028742 0.0000000 0.1254159 0.1243771 0.1310411 0.1299826 0.1321949 0.1257222 0.0613298 0.0576006 0.0575743 0.0569310 0.0598919 0.0599210 0.0614755 0.1276011 0.1489916 0.1214719 0.1393610 0.1370886 0.1348089 0.1240553 0.0040474 0.1316733 0.1686542 0.1167881 0.0339608 0.1568647 0.1158403 0.1439667 0.1138329 0.1308818 0.1290135 0.1075300 0.1128943 0.1169745 0.0437519 0.0100370 0.0100370 0.0106472 0.0106412 0.0131104 0.0124799 0.0118610 0.1167631 0.1338463 0.1019508 0.0373465 0.1311261 0.1259976 0.1467315 0.1221371 0.1203333 0.1267990 0.1584556 0.1130543 0.1256219 0.0161692 0.1235521 0.1471420 0.1357656 0.0075740 0.1191961 0.1310693 0.1171678 0.1340975 0.1479034 0.2721587 0.1202637 0.1202637 0.3645496 0.1263515 0.1435649 0.1171136 0.2765348 0.2719322 0.3216071 0.1427836 0.1160982 
OQ211396/ISR/cattle/2007/O/ME-SA/PanAsia-2      0.0461215 0.1226964 0.1254159 0.0000000 0.0040126 0.0117214 0.0111187 0.0129381 0.0974360 0.1790440 0.1731179 0.1706644 0.1723909 0.1780433 0.1741885 0.1740164 0.1006345 0.1138953 0.0943931 0.0875458 0.0552113 0.0557816 0.0930694 0.1247180 0.0790275 0.1353054 0.0927840 0.1562771 0.1379880 0.0951304 0.0879874 0.0905534 0.0795034 0.0820394 0.0846501 0.0907059 0.0979321 0.1666307 0.1222666 0.1222666 0.1233793 0.1232661 0.1258283 0.1265457 0.1233452 0.1047381 0.0756334 0.0810833 0.1595546 0.1219465 0.0963049 0.0946564 0.1156492 0.0346850 0.0471502 0.1302112 0.0839410 0.1111470 0.1219199 0.0954036 0.0774236 0.1037484 0.1199874 0.0991731 0.1169118 0.1145007 0.1219798 0.1415494 0.2685810 0.1001128 0.1001128 0.3249222 0.1093741 0.1307217 0.0992543 0.2427425 0.2423167 0.3068606 0.1262080 0.0982110 
OQ211363/ISR/sheep/2007/O/ME-SA/PanAsia-2       0.0468231 0.1216705 0.1243771 0.0040126 0.0000000 0.0111287 0.0105272 0.0123427 0.0965260 0.1778397 0.1719266 0.1694792 0.1711976 0.1768404 0.1729955 0.1728246 0.0977582 0.1108690 0.0916018 0.0850062 0.0544083 0.0535177 0.0903809 0.1236867 0.0765586 0.1332875 0.0865709 0.1551385 0.1327145 0.0924627 0.0854547 0.0879257 0.0770429 0.0778188 0.0820922 0.0880985 0.0952635 0.1654673 0.1212365 0.1212365 0.1223454 0.1222334 0.1247842 0.1255026 0.1223116 0.1000585 0.0731954 0.0785596 0.1584088 0.1190513 0.0935131 0.0920307 0.1126327 0.0340489 0.0464829 0.1303910 0.0814087 0.1063014 0.1229074 0.0945003 0.0749646 0.1009298 0.1169886 0.1001959 0.1119402 0.1095881 0.1221453 0.1382179 0.2687893 0.1011400 0.1011400 0.3284514 0.1085871 0.1309028 0.1002782 0.2424838 0.2453997 0.3102820 0.1253835 0.0992291 
OQ211362/PSE/sheep/2007/O/ME-SA/PanAsia-2       0.0490027 0.1282432 0.1310411 0.0117214 0.0111287 0.0000000 0.0040128 0.0154013 0.1014496 0.1857513 0.1797326 0.1772372 0.1790148 0.1847397 0.1781395 0.1806367 0.1017330 0.1142177 0.0954505 0.0844836 0.0567387 0.0573731 0.0948865 0.1302999 0.0775614 0.1380413 0.0920801 0.1650991 0.1399333 0.0963224 0.0848251 0.0898338 0.0764107 0.0805706 0.0839398 0.0918577 0.0991329 0.1756882 0.1257752 0.1257752 0.1269043 0.1267868 0.1293960 0.1301125 0.1268691 0.1041606 0.0758986 0.0821705 0.1684463 0.1213934 0.1003908 0.0915179 0.1147483 0.0374389 0.0479873 0.1306662 0.0877711 0.1105711 0.1264931 0.0973651 0.0801270 0.1058893 0.1234290 0.1003864 0.1163411 0.1118587 0.1245407 0.1453499 0.2620688 0.1013328 0.1013328 0.3263198 0.1088003 0.1333967 0.1004691 0.2420155 0.2415855 0.3103781 0.1276574 0.0994172 
OQ211360/ISR/cattle/2007/O/ME-SA/PanAsia-2      0.0497664 0.1271979 0.1299826 0.0111187 0.0105272 0.0040128 0.0000000 0.0147867 0.1024951 0.1845270 0.1785212 0.1760318 0.1778011 0.1835168 0.1769336 0.1767581 0.1046307 0.1173564 0.0982627 0.0871212 0.0574736 0.0565616 0.0958646 0.1292492 0.0783734 0.1367873 0.0912083 0.1613852 0.1396987 0.0991415 0.0874516 0.0925841 0.0789517 0.0831549 0.0866101 0.0946077 0.1019554 0.1718843 0.1247308 0.1247308 0.1258561 0.1257398 0.1283375 0.1290550 0.1258212 0.1052087 0.0784479 0.0848220 0.1647059 0.1223433 0.1013063 0.0942535 0.1137858 0.0367592 0.0472648 0.1316489 0.0858793 0.1096138 0.1254668 0.0955590 0.0775398 0.1088443 0.1224024 0.1014165 0.1153600 0.1129586 0.1255076 0.1429877 0.2684398 0.1023673 0.1023673 0.3335497 0.1078550 0.1343898 0.0995548 0.2516386 0.2512449 0.3141840 0.1266340 0.1004426 
OQ211352/ISR/cattle/2007/O/ME-SA/PanAsia-2      0.0505383 0.1293798 0.1321949 0.0129381 0.0123427 0.0154013 0.0147867 0.0000000 0.1052625 0.1844281 0.1784238 0.1759351 0.1777036 0.1834181 0.1768368 0.1766615 0.1065759 0.1194677 0.1001480 0.0916190 0.0613539 0.0589185 0.0950048 0.1314445 0.0794945 0.1371318 0.0933320 0.1590312 0.1400521 0.0992195 0.0889154 0.0944278 0.0848681 0.0838830 0.0883991 0.0946793 0.1020363 0.1671812 0.1289776 0.1289776 0.1301191 0.1299980 0.1326445 0.1333583 0.1300830 0.1069824 0.0791732 0.0865981 0.1623374 0.1265351 0.1003142 0.1007611 0.1186475 0.0361207 0.0501672 0.1360131 0.0877659 0.1086964 0.1305956 0.1010472 0.0810015 0.1051801 0.1225168 0.0997212 0.1124705 0.1168925 0.1297842 0.1452234 0.2761920 0.1006594 0.1006594 0.3252174 0.1080555 0.1388079 0.0998026 0.2559310 0.2555541 0.3130662 0.1227468 0.0987605 
OP957418/BGD/cattle/2021/O/ME-SA/PanAsia-2      0.1039966 0.1239156 0.1257222 0.0974360 0.0965260 0.1014496 0.1024951 0.1052625 0.0000000 0.1644958 0.1628699 0.1627566 0.1595902 0.1650851 0.1639172 0.1677744 0.1074903 0.1184045 0.1028674 0.1060272 0.1025143 0.0986230 0.1058993 0.1271583 0.1038224 0.1599725 0.0931970 0.1480609 0.1308560 0.0985533 0.1052490 0.0978364 0.1003046 0.1052482 0.0933383 0.0980652 0.1043368 0.1560418 0.1236852 0.1236852 0.1247957 0.1246817 0.1250019 0.1259098 0.1247614 0.0919661 0.1039347 0.0897959 0.1502648 0.1105866 0.1092905 0.1140681 0.1186273 0.0894090 0.0949138 0.1379663 0.0825596 0.1201092 0.1242200 0.1089642 0.1090904 0.1110529 0.1192287 0.1065612 0.1262042 0.1072417 0.1272328 0.1286004 0.2698064 0.1055287 0.1055287 0.3508251 0.1153148 0.1332040 0.1046445 0.2703717 0.2764900 0.3209720 0.1326301 0.1055565 
ON868618/VNM/pig/2019/O/SEA/Unknown             0.2046879 0.0610550 0.0613298 0.1790440 0.1778397 0.1857513 0.1845270 0.1844281 0.1644958 0.0000000 0.0087406 0.0075520 0.0069716 0.0093300 0.0081449 0.0105425 0.1920153 0.1825187 0.1841004 0.1880864 0.1796148 0.1742903 0.1639352 0.0628463 0.1892835 0.2325172 0.1715663 0.0454501 0.2180128 0.1698043 0.1926856 0.1697966 0.1895777 0.1786783 0.1630975 0.1658440 0.1683908 0.0605693 0.0655221 0.0655221 0.0663422 0.0662939 0.0689043 0.0671649 0.0678927 0.1531964 0.1859291 0.1575069 0.0528881 0.1738788 0.1646519 0.2029209 0.1687807 0.1659140 0.1796616 0.2078247 0.1591743 0.1970257 0.0684167 0.1795963 0.1846173 0.1790817 0.0617929 0.1833718 0.2043552 0.1634466 0.1803731 0.2031784 0.3026076 0.1849910 0.1873950 0.3819426 0.1952874 0.1832870 0.1835546 0.3249242 0.3274439 0.3566627 0.2083746 0.1823344 
ON868607/VNM/pig/2019/O/SEA/Unknown             0.1984138 0.0573448 0.0576006 0.1731179 0.1719266 0.1797326 0.1785212 0.1784238 0.1628699 0.0087406 0.0000000 0.0022914 0.0052116 0.0075560 0.0063788 0.0087569 0.1886531 0.1790584 0.1808094 0.1823146 0.1739243 0.1686674 0.1605180 0.0590980 0.1834948 0.2276245 0.1686477 0.0448398 0.2088682 0.1688931 0.1945086 0.1688846 0.1838235 0.1753730 0.1622017 0.1649442 0.1674882 0.0583840 0.0617201 0.0617201 0.0625280 0.0624830 0.0650480 0.0633386 0.0640607 0.1501599 0.1825928 0.1566151 0.0522730 0.1720000 0.1616491 0.1969271 0.1640951 0.1649950 0.1763415 0.2068618 0.1582716 0.1911508 0.0645937 0.1740223 0.1828986 0.1733683 0.0580744 0.1750166 0.1983598 0.1577907 0.1744210 0.1972819 0.2961487 0.1789686 0.1789686 0.3775610 0.1866755 0.1799651 0.1751907 0.3176987 0.3201649 0.3477424 0.1994488 0.1739885 
ON868600/VNM/pig/2018/O/SEA/Unknown             0.1982698 0.0573188 0.0575743 0.1706644 0.1694792 0.1772372 0.1760318 0.1759351 0.1627566 0.0075520 0.0022914 0.0000000 0.0040411 0.0063740 0.0052031 0.0075659 0.1885176 0.1789250 0.1806814 0.1821833 0.1761696 0.1708868 0.1604079 0.0590709 0.1833624 0.2274566 0.1685303 0.0434171 0.2087126 0.1687754 0.1943687 0.1664772 0.1836918 0.1752477 0.1598587 0.1648308 0.1673726 0.0568687 0.0616912 0.0616912 0.0624986 0.0624536 0.0650169 0.0633086 0.0640304 0.1500600 0.1824619 0.1543012 0.0507987 0.1718820 0.1615333 0.1967821 0.1639824 0.1648791 0.1738445 0.2067106 0.1581626 0.1910120 0.0645631 0.1739004 0.1827648 0.1732437 0.0580479 0.1748921 0.1982139 0.1554569 0.1742973 0.1971390 0.2927851 0.1788408 0.1788408 0.3702876 0.1865405 0.1798364 0.1750660 0.3110194 0.3134368 0.3408166 0.1993017 0.1738648 
ON868596/VNM/pig/2018/O/SEA/Unknown             0.1977272 0.0566783 0.0569310 0.1723909 0.1711976 0.1790148 0.1778011 0.1777036 0.1595902 0.0069716 0.0052116 0.0040411 0.0000000 0.0057949 0.0046252 0.0069845 0.1879508 0.1783064 0.1800992 0.1815956 0.1755666 0.1702724 0.1623034 0.0584271 0.1827773 0.2282774 0.1653556 0.0413539 0.2066279 0.1681672 0.1910512 0.1681579 0.1831113 0.1746441 0.1614742 0.1642191 0.1667661 0.0562334 0.0610432 0.0610432 0.0618500 0.0618055 0.0643661 0.0626596 0.0633817 0.1494268 0.1818780 0.1558799 0.0486709 0.1712921 0.1608860 0.1962271 0.1633693 0.1642544 0.1756121 0.2061910 0.1575306 0.1904464 0.0639170 0.1733039 0.1821695 0.1726301 0.0574074 0.1769577 0.1976641 0.1595579 0.1763534 0.1937928 0.2920130 0.1809439 0.1809439 0.3739427 0.1887292 0.1819498 0.1771346 0.3141048 0.3165559 0.3441590 0.2016369 0.1759229 
ON868595/VNM/pig/2018/O/SEA/Unknown             0.2011570 0.0596242 0.0598919 0.1780433 0.1768404 0.1847397 0.1835168 0.1834181 0.1650851 0.0093300 0.0075560 0.0063740 0.0057949 0.0000000 0.0069637 0.0093474 0.1937578 0.1817910 0.1857877 0.1873890 0.1813059 0.1759496 0.1677752 0.0614026 0.1885862 0.2318397 0.1708747 0.0441025 0.2173185 0.1737225 0.1968688 0.1714054 0.1888851 0.1803604 0.1669084 0.1696887 0.1722632 0.0576573 0.0640604 0.0640604 0.0648767 0.0648296 0.0674253 0.0656956 0.0664220 0.1546811 0.1876441 0.1612656 0.0500578 0.1744898 0.1665760 0.2022231 0.1662844 0.1698419 0.1813534 0.2136869 0.1629900 0.1963318 0.0669501 0.1789386 0.1880586 0.1783750 0.0603597 0.1826757 0.2036598 0.1627511 0.1820550 0.2024925 0.2978593 0.1867009 0.1867009 0.3811333 0.1945932 0.1877194 0.1828582 0.3200385 0.3225231 0.3535320 0.2051340 0.1816371 
ON868593/VNM/pig/2018/O/SEA/Unknown             0.1995343 0.0596531 0.0599210 0.1741885 0.1729955 0.1781395 0.1769336 0.1768368 0.1639172 0.0081449 0.0063788 0.0052031 0.0046252 0.0069637 0.0000000 0.0022938 0.1897522 0.1830068 0.1818864 0.1834112 0.1747073 0.1694499 0.1640713 0.0614325 0.1873384 0.2331208 0.1645807 0.0441231 0.2129940 0.1725373 0.1956143 0.1699383 0.1876448 0.1791371 0.1632322 0.1685239 0.1710912 0.0591801 0.0640919 0.0640919 0.0649086 0.0648615 0.0674586 0.0657280 0.0664547 0.1535693 0.1864061 0.1601228 0.0515293 0.1756011 0.1653656 0.1980619 0.1651298 0.1609168 0.1774286 0.2108944 0.1593073 0.1894849 0.0669829 0.1727666 0.1812523 0.1771467 0.0603889 0.1787630 0.1966450 0.1638548 0.1808340 0.2012173 0.2998801 0.1827501 0.1827501 0.3799788 0.1881065 0.1864806 0.1789412 0.3221292 0.3246298 0.3523645 0.2034695 0.1777300 
ON868590/VNM/pig/2019/O/SEA/Unknown             0.1993335 0.0611994 0.0614755 0.1740164 0.1728246 0.1806367 0.1767581 0.1766615 0.1677744 0.0105425 0.0087569 0.0075659 0.0069845 0.0093474 0.0022938 0.0000000 0.1895627 0.1885043 0.1817069 0.1887083 0.1772052 0.1719127 0.1690047 0.0629964 0.1926894 0.2359426 0.1669679 0.0455503 0.2157538 0.1749759 0.2010030 0.1723636 0.1929639 0.1843735 0.1655929 0.1709192 0.1735021 0.0607111 0.0656807 0.0656807 0.0665033 0.0664547 0.0690734 0.0673285 0.0680583 0.1582959 0.1917138 0.1624705 0.0530084 0.1754323 0.1678541 0.2036022 0.1700538 0.1633151 0.1799437 0.2135905 0.1616734 0.1920707 0.0685831 0.1740460 0.1838257 0.1824020 0.0619393 0.1812700 0.1992912 0.1687991 0.1833487 0.2038492 0.3008020 0.1852801 0.1852801 0.3810636 0.1906848 0.1890335 0.1814509 0.3231110 0.3256221 0.3533684 0.2032615 0.1802337 
OP751924/IDN/cattle/2022/O/ME-SA/Unknown        0.1170429 0.1291460 0.1276011 0.1006345 0.0977582 0.1017330 0.1046307 0.1065759 0.1074903 0.1920153 0.1886531 0.1885176 0.1879508 0.1937578 0.1897522 0.1895627 0.0000000 0.1179931 0.0069683 0.1177756 0.0950917 0.0949953 0.0999078 0.1289951 0.1103275 0.1693238 0.0849350 0.1569823 0.1439927 0.0459147 0.1158020 0.0431962 0.1055562 0.1116131 0.0402288 0.0422700 0.0487078 0.1679103 0.1285407 0.1285407 0.1296780 0.1295576 0.1298984 0.1329057 0.1317210 0.1164573 0.1111722 0.0359275 0.1619025 0.1279863 0.1142515 0.1285378 0.1120292 0.0949845 0.0968166 0.1415971 0.0716246 0.1118104 0.1240751 0.1095079 0.1132689 0.1187646 0.1241240 0.1063331 0.1177314 0.1120526 0.1208265 0.1283176 0.3048188 0.1073197 0.1092036 0.3452211 0.1170906 0.1278373 0.1064237 0.2764944 0.2756867 0.3344969 0.1372991 0.1053217 
ON736860/UGA/cow/2015/O/EA-2/Unknown            0.1313356 0.1468182 0.1489916 0.1138953 0.1108690 0.1142177 0.1173564 0.1194677 0.1184045 0.1825187 0.1790584 0.1789250 0.1783064 0.1817910 0.1830068 0.1885043 0.1179931 0.0000000 0.1130395 0.1220516 0.1182987 0.1180542 0.1201422 0.1512934 0.1144755 0.1648623 0.1148857 0.1758221 0.1526212 0.1197615 0.1220614 0.1167459 0.1109760 0.1117976 0.1143355 0.1137434 0.1221044 0.1865971 0.1464824 0.1464824 0.1477557 0.1476069 0.1495675 0.1490334 0.1500151 0.0968251 0.1132430 0.1054657 0.1797004 0.1289689 0.0595544 0.1323641 0.1217327 0.1142428 0.1133105 0.1497937 0.1186192 0.1253862 0.1457727 0.1268827 0.1291993 0.0551787 0.1458686 0.1217215 0.1309769 0.1231969 0.1331092 0.1362666 0.2685950 0.1207542 0.1216731 0.3197055 0.1294788 0.1416067 0.1175514 0.2609535 0.2683450 0.3030067 0.1539489 0.1185534 
OP585403/IDN/cattle/2022/O/ME-SA/Unknown        0.1082486 0.1230044 0.1214719 0.0943931 0.0916018 0.0954505 0.0982627 0.1001480 0.1028674 0.1841004 0.1808094 0.1806814 0.1800992 0.1857877 0.1818864 0.1817069 0.0069683 0.1130395 0.0000000 0.1120570 0.0871466 0.0870644 0.0937798 0.1248444 0.1047670 0.1642657 0.0818584 0.1500360 0.1394275 0.0429583 0.1080843 0.0401219 0.1001573 0.1060533 0.0358561 0.0392285 0.0441364 0.1606771 0.1223894 0.1223894 0.1234948 0.1233823 0.1236978 0.1266402 0.1254897 0.1097455 0.1055964 0.0316744 0.1548224 0.1228604 0.1083956 0.1224829 0.1091405 0.0889083 0.0916424 0.1371961 0.0687993 0.1085191 0.1200772 0.1021634 0.1076413 0.1128704 0.1181443 0.1031603 0.1143340 0.1064705 0.1168585 0.1230394 0.2962649 0.1041332 0.1059939 0.3330830 0.1137505 0.1237065 0.1032473 0.2664822 0.2656585 0.3227938 0.1313043 0.1021636 
OM160615/TUN/cattle/2014/O/ME-SA/Ind-2001d      0.1057414 0.1385576 0.1393610 0.0875458 0.0850062 0.0844836 0.0871212 0.0916190 0.1060272 0.1880864 0.1823146 0.1821833 0.1815956 0.1873890 0.1834112 0.1887083 0.1177756 0.1220516 0.1120570 0.0000000 0.0928877 0.0909583 0.1057074 0.1407066 0.0315013 0.1571312 0.0933885 0.1716401 0.1451279 0.1098601 0.0396911 0.1097352 0.0230372 0.0369760 0.1057050 0.1098855 0.1126924 0.1824269 0.1405634 0.1405634 0.1417545 0.1416195 0.1422413 0.1451182 0.1417149 0.1038357 0.0413263 0.0993172 0.1750460 0.1336438 0.1195071 0.0123824 0.1241224 0.0814527 0.0911821 0.1292212 0.0932764 0.1131606 0.1422198 0.1026554 0.1138477 0.1119880 0.1356175 0.1048192 0.1189859 0.1189633 0.1141148 0.1388830 0.2686107 0.1057793 0.1076137 0.3448778 0.1133822 0.1226212 0.1049063 0.2616444 0.2583468 0.2964352 0.1334210 0.1038351 
OM456148/PAK/buffalo/2012/O/ME-SA/PanAsia-2     0.0763397 0.1330342 0.1370886 0.0552113 0.0544083 0.0567387 0.0574736 0.0613539 0.1025143 0.1796148 0.1739243 0.1761696 0.1755666 0.1813059 0.1747073 0.1772052 0.0950917 0.1182987 0.0871466 0.0928877 0.0000000 0.0075286 0.0992231 0.1351253 0.0933388 0.1568426 0.0823820 0.1683141 0.1426202 0.0905552 0.1009024 0.0922065 0.0899185 0.0946018 0.0831433 0.0855541 0.0907759 0.1790258 0.1305514 0.1305514 0.1317030 0.1315797 0.1342540 0.1326467 0.1316663 0.1074446 0.0950639 0.0809979 0.1716982 0.1316801 0.1008570 0.0983403 0.1136279 0.0551120 0.0751805 0.1279290 0.0807800 0.1106006 0.1321629 0.1034879 0.0811950 0.1047167 0.1281117 0.1064607 0.1154297 0.1105721 0.1236165 0.1384065 0.2736128 0.1055870 0.1074318 0.3386669 0.1111783 0.1302356 0.1027326 0.2602896 0.2634062 0.3213683 0.1336939 0.1036314 
OM456134/PAK/cattle/2012/O/ME-SA/PanAsia-2      0.0745463 0.1307972 0.1348089 0.0557816 0.0535177 0.0573731 0.0565616 0.0589185 0.0986230 0.1742903 0.1686674 0.1708868 0.1702724 0.1759496 0.1694499 0.1719127 0.0949953 0.1180542 0.0870644 0.0909583 0.0075286 0.0000000 0.1008846 0.1328734 0.0913795 0.1566084 0.0823088 0.1631957 0.1411709 0.0904678 0.0988880 0.0921165 0.0863211 0.0926420 0.0830676 0.0854750 0.0907048 0.1737663 0.1283197 0.1283197 0.1294615 0.1293408 0.1298886 0.1304000 0.1294254 0.1071744 0.0930905 0.0809258 0.1665381 0.1315111 0.1015420 0.0963442 0.1154244 0.0527613 0.0725303 0.1256208 0.0789378 0.1104760 0.1299467 0.1032301 0.0784314 0.1053924 0.1259225 0.1063451 0.1152945 0.1104466 0.1213532 0.1337779 0.2746886 0.1073146 0.1091652 0.3390258 0.1129383 0.1279037 0.1044494 0.2613977 0.2645135 0.3223220 0.1355736 0.1053517 
OK019689/IRN/cow/2016/O/ME-SA/PanAsia-2         0.1095785 0.1235717 0.1240553 0.0930694 0.0903809 0.0948865 0.0958646 0.0950048 0.1058993 0.1639352 0.1605180 0.1604079 0.1623034 0.1677752 0.1640713 0.1690047 0.0999078 0.1201422 0.0937798 0.1057074 0.0992231 0.1008846 0.0000000 0.1263194 0.1038723 0.1437531 0.0889083 0.1539439 0.1359137 0.0866853 0.1107992 0.0812941 0.1017858 0.1015543 0.0768430 0.0835124 0.0877202 0.1605934 0.1211566 0.1211566 0.1222477 0.1201461 0.1246448 0.1253513 0.1242169 0.0983338 0.0995989 0.0749053 0.1548148 0.1249450 0.1132635 0.1144212 0.1141013 0.0877893 0.0925747 0.1305392 0.0844077 0.1117814 0.1177956 0.1016783 0.1090115 0.1141015 0.1148657 0.1007114 0.1156273 0.1117836 0.1112014 0.1186172 0.2579911 0.1016542 0.1034595 0.3310440 0.1052522 0.1196243 0.0988651 0.2456514 0.2481277 0.3180788 0.1266603 0.0997458 
MN389541/CHN/pig/2010/O/SEA/Unknown             0.1515789 0.0034544 0.0040474 0.1247180 0.1236867 0.1302999 0.1292492 0.1314445 0.1271583 0.0628463 0.0590980 0.0590709 0.0584271 0.0614026 0.0614325 0.0629964 0.1289951 0.1512934 0.1248444 0.1407066 0.1351253 0.1328734 0.1263194 0.0000000 0.1339650 0.1700545 0.1159782 0.0353057 0.1557309 0.1191273 0.1462374 0.1131505 0.1331587 0.1312957 0.1106786 0.1141623 0.1202499 0.0451531 0.0106446 0.0106446 0.0112569 0.0112505 0.0137288 0.0130955 0.0124742 0.1176123 0.1361378 0.1050362 0.0387087 0.1331199 0.1269133 0.1480757 0.1221898 0.1196717 0.1299959 0.1607257 0.1172263 0.1239815 0.0167957 0.1238996 0.1450335 0.1366981 0.0081694 0.1176807 0.1293176 0.1182688 0.1363583 0.1490656 0.2743902 0.1187297 0.1187297 0.3674901 0.1247017 0.1458321 0.1156328 0.2788020 0.2741852 0.3242043 0.1408083 0.1146344 
MN095357/IND/cattle/2013/O/ME-SA/Ind-2001d      0.1004126 0.1332287 0.1316733 0.0790275 0.0765586 0.0775614 0.0783734 0.0794945 0.1038224 0.1892835 0.1834948 0.1833624 0.1827773 0.1885862 0.1873384 0.1926894 0.1103275 0.1144755 0.1047670 0.0315013 0.0933388 0.0913795 0.1038723 0.1339650 0.0000000 0.1467099 0.0926531 0.1655285 0.1397522 0.0985157 0.0141533 0.1003751 0.0269362 0.0057509 0.0920887 0.0968230 0.1033281 0.1738447 0.1328416 0.1328416 0.1340047 0.1338784 0.1344547 0.1373001 0.1339673 0.0946821 0.0178397 0.0903336 0.1665865 0.1210681 0.1112254 0.0406858 0.1192363 0.0780961 0.0823771 0.1210216 0.0873396 0.1117951 0.1311308 0.0947842 0.1141991 0.1038605 0.1260358 0.1071368 0.1176163 0.1142796 0.1123051 0.1360257 0.2834719 0.1081092 0.1079558 0.3511885 0.1139191 0.1227292 0.1072271 0.2631131 0.2627641 0.3262924 0.1342022 0.1061411 
NC_039210/GBR/Unknown/1965/O/EURO-SA/Unknown    0.1547594 0.1728186 0.1686542 0.1353054 0.1332875 0.1380413 0.1367873 0.1371318 0.1599725 0.2325172 0.2276245 0.2274566 0.2282774 0.2318397 0.2331208 0.2359426 0.1693238 0.1648623 0.1642657 0.1571312 0.1568426 0.1566084 0.1437531 0.1700545 0.1467099 0.0000000 0.1345448 0.2040007 0.1677077 0.1487348 0.1595068 0.1512647 0.1495155 0.1483568 0.1539982 0.1557085 0.1590151 0.2126618 0.1741171 0.1741171 0.1754471 0.1752717 0.1784959 0.1767808 0.1777652 0.1479644 0.1429551 0.1451695 0.2067929 0.1588756 0.1501314 0.1671778 0.1555466 0.1329739 0.1348165 0.1372673 0.1411288 0.1467581 0.1716589 0.1191096 0.1485284 0.1561543 0.1693726 0.1381353 0.1537244 0.1468438 0.1355672 0.1770194 0.2857536 0.1392482 0.1413399 0.3388074 0.1459239 0.1445072 0.1359711 0.2875991 0.2936340 0.3407857 0.1570742 0.1369884 
MK071699/BGD/cattle/2013/O/ME-SA/Unknown        0.1050510 0.1133036 0.1167881 0.0927840 0.0865709 0.0920801 0.0912083 0.0933320 0.0931970 0.1715663 0.1686477 0.1685303 0.1653556 0.1708747 0.1645807 0.1669679 0.0849350 0.1148857 0.0818584 0.0933885 0.0823820 0.0823088 0.0889083 0.1159782 0.0926531 0.1345448 0.0000000 0.1459333 0.1102364 0.0804363 0.0999157 0.0769775 0.0857481 0.0964099 0.0751183 0.0790403 0.0831270 0.1571090 0.1096790 0.1096790 0.1107309 0.1106331 0.1130253 0.1137413 0.1126482 0.0879007 0.0906781 0.0699629 0.1513479 0.1036307 0.0986760 0.1006265 0.0981277 0.0823253 0.0888855 0.1179002 0.0504927 0.0864969 0.1115594 0.0888071 0.0940458 0.0932027 0.1086645 0.0838705 0.0916021 0.0937267 0.1116094 0.1210333 0.2734270 0.0829441 0.0829441 0.3241708 0.0861827 0.1181853 0.0803353 0.2684843 0.2681620 0.3128695 0.1077014 0.0829653 
MH845413/VNM/pig/2014/O/SEA/Unknown             0.1778662 0.0338222 0.0339608 0.1562771 0.1551385 0.1650991 0.1613852 0.1590312 0.1480609 0.0454501 0.0448398 0.0434171 0.0413539 0.0441025 0.0441231 0.0455503 0.1569823 0.1758221 0.1500360 0.1716401 0.1683141 0.1631957 0.1539439 0.0353057 0.1655285 0.2040007 0.1459333 0.0000000 0.1797328 0.1468533 0.1735500 0.1470646 0.1666939 0.1601344 0.1375509 0.1435724 0.1435782 0.0295430 0.0361617 0.0361617 0.0368690 0.0368453 0.0397244 0.0389658 0.0382424 0.1488407 0.1656215 0.1335010 0.0229633 0.1546761 0.1562258 0.1813493 0.1492662 0.1529326 0.1589100 0.1897462 0.1395926 0.1621155 0.0430880 0.1559369 0.1691678 0.1630922 0.0344837 0.1546094 0.1685258 0.1436948 0.1606499 0.1867716 0.2852997 0.1583075 0.1583075 0.3693125 0.1641460 0.1661701 0.1547587 0.2971396 0.2962581 0.3429242 0.1789759 0.1536247 
MF947132/VNM/buffalo/2015/O/ME-SA/Unknown       0.1582693 0.1523801 0.1568647 0.1379880 0.1327145 0.1399333 0.1396987 0.1400521 0.1308560 0.2180128 0.2088682 0.2087126 0.2066279 0.2173185 0.2129940 0.2157538 0.1439927 0.1526212 0.1394275 0.1451279 0.1426202 0.1411709 0.1359137 0.1557309 0.1397522 0.1677077 0.1102364 0.1797328 0.0000000 0.1304436 0.1507649 0.1347375 0.1355020 0.1389027 0.1309711 0.1356173 0.1364125 0.1939892 0.1560103 0.1560103 0.1572874 0.1571312 0.1591359 0.1585684 0.1572424 0.1150575 0.1432640 0.1219856 0.1888486 0.1324367 0.1409852 0.1588935 0.1480095 0.1291277 0.1361853 0.1441608 0.1256974 0.1108314 0.1525078 0.1283422 0.1355506 0.1397410 0.1491855 0.0999270 0.1164138 0.1348371 0.1422515 0.1594988 0.3015968 0.0972338 0.0989656 0.3523854 0.0987606 0.1498050 0.0945615 0.2871702 0.2905830 0.3502500 0.1164524 0.0972582 
MH891503/VNM/cow/2017/O/ME-SA/Unknown           0.1111907 0.1173629 0.1158403 0.0951304 0.0924627 0.0963224 0.0991415 0.0992195 0.0985533 0.1698043 0.1688931 0.1687754 0.1681672 0.1737225 0.1725373 0.1749759 0.0459147 0.1197615 0.0429583 0.1098601 0.0905552 0.0904678 0.0866853 0.1191273 0.0985157 0.1487348 0.0804363 0.1468533 0.1304436 0.0000000 0.1076412 0.0257035 0.0961336 0.0998045 0.0211479 0.0210506 0.0255300 0.1582992 0.1158481 0.1158481 0.1169247 0.1168199 0.1192827 0.1199969 0.1188773 0.0979517 0.1013086 0.0166637 0.1525205 0.1153120 0.1021639 0.1180218 0.1106726 0.0860548 0.0876718 0.1332139 0.0596998 0.1081553 0.1126013 0.0971671 0.1029698 0.1057423 0.1087944 0.1010516 0.1119634 0.1046492 0.1174078 0.1119768 0.2816265 0.1020062 0.1038332 0.3239525 0.1095405 0.1262681 0.1011358 0.2558752 0.2550332 0.3165955 0.1287569 0.1000749 
MG983733/LKA/cattle/2014/O/ME-SA/Ind-2001d      0.1082489 0.1455070 0.1439667 0.0879874 0.0854547 0.0848251 0.0874516 0.0889154 0.1052490 0.1926856 0.1945086 0.1943687 0.1910512 0.1968688 0.1956143 0.2010030 0.1158020 0.1220614 0.1080843 0.0396911 0.1009024 0.0988880 0.1107992 0.1462374 0.0141533 0.1595068 0.0999157 0.1735500 0.1507649 0.1076412 0.0000000 0.1056536 0.0327929 0.0159649 0.0972067 0.1038427 0.1084452 0.1819280 0.1451824 0.1451824 0.1463828 0.1462434 0.1468889 0.1451818 0.1463421 0.0997616 0.0235721 0.0972206 0.1746128 0.1307642 0.1216739 0.0478671 0.1278674 0.0836751 0.0916234 0.1285597 0.0957883 0.1238797 0.1432601 0.1046164 0.1245439 0.1139806 0.1380472 0.1148844 0.1300190 0.1206997 0.1216267 0.1407930 0.2921877 0.1158825 0.1157146 0.3582210 0.1219060 0.1281535 0.1149824 0.2718453 0.2715340 0.3363032 0.1429015 0.1138587 
MG983727/SAU/cattle/2015/O/ME-SA/Unknown        0.1100517 0.1153570 0.1138329 0.0905534 0.0879257 0.0898338 0.0925841 0.0944278 0.0978364 0.1697966 0.1688846 0.1664772 0.1681579 0.1714054 0.1699383 0.1723636 0.0431962 0.1167459 0.0401219 0.1097352 0.0922065 0.0921165 0.0812941 0.1131505 0.1003751 0.1512647 0.0769775 0.1470646 0.1347375 0.0257035 0.1056536 0.0000000 0.0978299 0.1016615 0.0154898 0.0185761 0.0242939 0.1563268 0.1138395 0.1138395 0.1149102 0.1148076 0.1172498 0.1179658 0.1168535 0.1017455 0.0993562 0.0105646 0.1505611 0.1133836 0.1107788 0.1200256 0.1097918 0.0850432 0.0823762 0.1300892 0.0596368 0.1140364 0.1106340 0.0991406 0.0991229 0.1076212 0.1087540 0.1035077 0.1199744 0.1072862 0.1122723 0.1197437 0.2796778 0.1044763 0.1063284 0.3245513 0.1121413 0.1209670 0.1035946 0.2629182 0.2620864 0.3248612 0.1296687 0.1025153 
MG983722/SAU/cattle/2013/O/ME-SA/Ind-2001d      0.0963350 0.1301472 0.1308818 0.0795034 0.0770429 0.0764107 0.0789517 0.0848681 0.1003046 0.1895777 0.1838235 0.1836918 0.1831113 0.1888851 0.1876448 0.1929639 0.1055562 0.1109760 0.1001573 0.0230372 0.0899185 0.0863211 0.1017858 0.1331587 0.0269362 0.1495155 0.0857481 0.1666939 0.1355020 0.0961336 0.0327929 0.0978299 0.0000000 0.0294676 0.0923255 0.0980612 0.1007576 0.1775948 0.1320389 0.1320389 0.1331914 0.1330669 0.1336346 0.1364576 0.1331544 0.0998531 0.0322511 0.0879643 0.1703301 0.1185176 0.1138947 0.0291151 0.1127840 0.0753235 0.0818817 0.1183360 0.0884734 0.1119705 0.1337492 0.0976619 0.1094507 0.1045526 0.1273355 0.1064504 0.1178028 0.1066348 0.1068812 0.1307395 0.2703752 0.1074218 0.1092762 0.3337568 0.1151257 0.1170426 0.1065398 0.2516531 0.2479075 0.2960841 0.1321596 0.1054542 
MG983714/NPL/pig/2013/O/ME-SA/Ind-2001d         0.1035964 0.1305626 0.1290135 0.0820394 0.0778188 0.0805706 0.0831549 0.0838830 0.1052482 0.1786783 0.1753730 0.1752477 0.1746441 0.1803604 0.1791371 0.1843735 0.1116131 0.1117976 0.1060533 0.0369760 0.0946018 0.0926420 0.1015543 0.1312957 0.0057509 0.1483568 0.0964099 0.1601344 0.1389027 0.0998045 0.0159649 0.1016615 0.0294676 0.0000000 0.0933739 0.0981044 0.1045991 0.1683467 0.1301649 0.1301649 0.1313130 0.1311903 0.1338553 0.1345693 0.1312765 0.0959506 0.0190305 0.0916212 0.1612062 0.1225007 0.1105833 0.0450365 0.1218257 0.0778171 0.0854736 0.1205072 0.0904913 0.1180668 0.1284858 0.0961978 0.1154662 0.1051634 0.1234686 0.1132058 0.1240680 0.1155448 0.1137307 0.1363249 0.2834623 0.1142006 0.1140354 0.3541309 0.1201922 0.1241575 0.1133023 0.2627252 0.2623768 0.3292778 0.1410910 0.1121847 
MG983702/MUS/cattle/2016/O/ME-SA/Unknown        0.1035492 0.1090323 0.1075300 0.0846501 0.0820922 0.0839398 0.0866101 0.0883991 0.0933383 0.1630975 0.1622017 0.1598587 0.1614742 0.1669084 0.1632322 0.1655929 0.0402288 0.1143355 0.0358561 0.1057050 0.0831433 0.0830676 0.0768430 0.1106786 0.0920887 0.1539982 0.0751183 0.1375509 0.1309711 0.0211479 0.0972067 0.0154898 0.0923255 0.0933739 0.0000000 0.0172714 0.0216682 0.1464674 0.1075327 0.1075327 0.1085658 0.1084712 0.1108142 0.1115247 0.1104517 0.0934744 0.0911121 0.0081455 0.1409132 0.1084837 0.1057108 0.1157063 0.1068049 0.0775391 0.0757722 0.1267651 0.0563943 0.1058142 0.1044950 0.0917543 0.0952709 0.1026870 0.1026674 0.0986792 0.1114663 0.1024736 0.1070670 0.1100948 0.2761291 0.0996212 0.1014269 0.3158129 0.1070440 0.1135476 0.0987602 0.2548793 0.2540322 0.3194380 0.1259539 0.0977148 
MF461724/CHN/cattle/2017/O/ME-SA/Unknown        0.1101983 0.1144046 0.1128943 0.0907059 0.0880985 0.0918577 0.0946077 0.0946793 0.0980652 0.1658440 0.1649442 0.1648308 0.1642191 0.1696887 0.1685239 0.1709192 0.0422700 0.1137434 0.0392285 0.1098855 0.0855541 0.0854750 0.0835124 0.1141623 0.0968230 0.1557085 0.0790403 0.1435724 0.1356173 0.0210506 0.1038427 0.0185761 0.0980612 0.0981044 0.0172714 0.0000000 0.0110961 0.1504969 0.1129001 0.1129001 0.1139570 0.1138563 0.1162662 0.1169766 0.1158781 0.0982223 0.0976276 0.0099030 0.1448651 0.1143536 0.1070386 0.1179781 0.1082439 0.0852371 0.0827009 0.1313942 0.0585527 0.1100222 0.1097412 0.0995030 0.1003958 0.1039802 0.1059936 0.1055341 0.1138661 0.1093233 0.1125744 0.1128490 0.2688036 0.1065019 0.1083501 0.3160584 0.1122744 0.1212188 0.1056226 0.2490870 0.2482319 0.3193015 0.1315023 0.1045418 
LC320038/MNG/cow/2015/O/ME-SA/Unknown           0.1179772 0.1184871 0.1169745 0.0979321 0.0952635 0.0991329 0.1019554 0.1020363 0.1043368 0.1683908 0.1674882 0.1673726 0.1667661 0.1722632 0.1710912 0.1735021 0.0487078 0.1221044 0.0441364 0.1126924 0.0907759 0.0907048 0.0877202 0.1202499 0.1033281 0.1590151 0.0831270 0.1435782 0.1364125 0.0255300 0.1084452 0.0242939 0.1007576 0.1045991 0.0216682 0.0110961 0.0000000 0.1526689 0.1169831 0.1169831 0.1180557 0.1179505 0.1204076 0.1211148 0.1199993 0.1046532 0.1041439 0.0141269 0.1470089 0.1171610 0.1129516 0.1208804 0.1128796 0.0905716 0.0880473 0.1324011 0.0654530 0.1166818 0.1137371 0.1040550 0.1061283 0.1118700 0.1080449 0.1101442 0.1206543 0.1102477 0.1144010 0.1239335 0.2685245 0.1111256 0.1129968 0.3157289 0.1168451 0.1230936 0.1102368 0.2545391 0.2536978 0.3152977 0.1389160 0.1091370 
KX534089/KOR/pig/2016/O/SEA/Unknown             0.1885013 0.0435676 0.0437519 0.1666307 0.1654673 0.1756882 0.1718843 0.1671812 0.1560418 0.0605693 0.0583840 0.0568687 0.0562334 0.0576573 0.0591801 0.0607111 0.1679103 0.1865971 0.1606771 0.1824269 0.1790258 0.1737663 0.1605934 0.0451531 0.1738447 0.2126618 0.1571090 0.0295430 0.1939892 0.1582992 0.1819280 0.1563268 0.1775948 0.1683467 0.1464674 0.1504969 0.1526689 0.0000000 0.0475335 0.0475335 0.0482816 0.0482490 0.0513012 0.0504864 0.0497191 0.1565144 0.1713158 0.1423279 0.0075724 0.1613919 0.1584564 0.1848617 0.1516083 0.1584319 0.1648036 0.1923834 0.1530540 0.1646178 0.0517832 0.1625575 0.1812805 0.1702650 0.0442541 0.1570394 0.1710926 0.1507872 0.1653454 0.1907527 0.2824380 0.1607642 0.1607642 0.3557746 0.1679330 0.1732593 0.1571915 0.3046028 0.3000808 0.3413651 0.1807616 0.1560505 
LC149713/JPN/cow/2010/O/SEA/Unknown             0.1493310 0.0094050 0.0100370 0.1222666 0.1212365 0.1257752 0.1247308 0.1289776 0.1236852 0.0655221 0.0617201 0.0616912 0.0610432 0.0640604 0.0640919 0.0656807 0.1285407 0.1464824 0.1223894 0.1405634 0.1305514 0.1283197 0.1211566 0.0106446 0.1328416 0.1741171 0.1096790 0.0361617 0.1560103 0.1158481 0.1451824 0.1138395 0.1320389 0.1301649 0.1075327 0.1129001 0.1169831 0.0475335 0.0000000 0.0000010 0.0005690 0.0005687 0.0028676 0.0022881 0.0017127 0.1147184 0.1329091 0.1019506 0.0409891 0.1290931 0.1204630 0.1479827 0.1222294 0.1174057 0.1279479 0.1575029 0.1097800 0.1256146 0.0155574 0.1226411 0.1403281 0.1301204 0.0069854 0.1191847 0.1310659 0.1174090 0.1331727 0.1470659 0.2717886 0.1202529 0.1202529 0.3553404 0.1286235 0.1426275 0.1171011 0.2751234 0.2705034 0.3241854 0.1427910 0.1160850 
LC149692/JPN/pig/2010/O/SEA/Unknown             0.1493310 0.0094050 0.0100370 0.1222666 0.1212365 0.1257752 0.1247308 0.1289776 0.1236852 0.0655221 0.0617201 0.0616912 0.0610432 0.0640604 0.0640919 0.0656807 0.1285407 0.1464824 0.1223894 0.1405634 0.1305514 0.1283197 0.1211566 0.0106446 0.1328416 0.1741171 0.1096790 0.0361617 0.1560103 0.1158481 0.1451824 0.1138395 0.1320389 0.1301649 0.1075327 0.1129001 0.1169831 0.0475335 0.0000010 0.0000000 0.0005690 0.0005687 0.0028676 0.0022881 0.0017127 0.1147184 0.1329091 0.1019506 0.0409891 0.1290931 0.1204630 0.1479827 0.1222294 0.1174057 0.1279479 0.1575029 0.1097800 0.1256146 0.0155574 0.1226411 0.1403281 0.1301204 0.0069854 0.1191847 0.1310659 0.1174090 0.1331727 0.1470659 0.2717886 0.1202529 0.1202529 0.3553404 0.1286235 0.1426275 0.1171011 0.2751234 0.2705034 0.3241854 0.1427910 0.1160850 
LC149681/JPN/cow/2010/O/SEA/Unknown             0.1505581 0.0100113 0.0106472 0.1233793 0.1223454 0.1269043 0.1258561 0.1301191 0.1247957 0.0663422 0.0625280 0.0624986 0.0618500 0.0648767 0.0649086 0.0665033 0.1296780 0.1477557 0.1234948 0.1417545 0.1317030 0.1294615 0.1222477 0.0112569 0.1340047 0.1754471 0.1107309 0.0368690 0.1572874 0.1169247 0.1463828 0.1149102 0.1331914 0.1313130 0.1085658 0.1139570 0.1180557 0.0482816 0.0005690 0.0005690 0.0000000 0.0011395 0.0034474 0.0028652 0.0022876 0.1157801 0.1340732 0.1029640 0.0417124 0.1302075 0.1216011 0.1492157 0.1233306 0.1185026 0.1290949 0.1587552 0.1108336 0.1267515 0.0161861 0.1237484 0.1415350 0.1312864 0.0075814 0.1202867 0.1322338 0.1184960 0.1343221 0.1482782 0.2735978 0.1213594 0.1213594 0.3573739 0.1297705 0.1438172 0.1181949 0.2769296 0.2723109 0.3261473 0.1440094 0.1171750 
LC149674/JPN/cow/2010/O/SEA/Unknown             0.1504126 0.0100057 0.0106412 0.1232661 0.1222334 0.1267868 0.1257398 0.1299980 0.1246817 0.0662939 0.0624830 0.0624536 0.0618055 0.0648296 0.0648615 0.0664547 0.1295576 0.1476069 0.1233823 0.1416195 0.1315797 0.1293408 0.1201461 0.0112505 0.1338784 0.1752717 0.1106331 0.0368453 0.1571312 0.1168199 0.1462434 0.1148076 0.1330669 0.1311903 0.1084712 0.1138563 0.1179505 0.0482490 0.0005687 0.0005687 0.0011395 0.0000000 0.0034455 0.0028637 0.0022864 0.1156776 0.1339468 0.1028753 0.0416850 0.1280645 0.1214867 0.1490705 0.1232187 0.1183946 0.1289739 0.1586010 0.1107356 0.1266333 0.0161768 0.1236355 0.1413984 0.1311618 0.0075772 0.1201769 0.1321083 0.1183890 0.1341971 0.1481361 0.2732960 0.1212483 0.1212483 0.3570058 0.1296491 0.1436809 0.1180874 0.2766267 0.2720100 0.3258004 0.1438696 0.1170687 
LC149657/JPN/pig/2010/O/SEA/Unknown             0.1510898 0.0124588 0.0131104 0.1258283 0.1247842 0.1293960 0.1283375 0.1326445 0.1250019 0.0689043 0.0650480 0.0650169 0.0643661 0.0674253 0.0674586 0.0690734 0.1298984 0.1495675 0.1236978 0.1422413 0.1342540 0.1298886 0.1246448 0.0137288 0.1344547 0.1784959 0.1130253 0.0397244 0.1591359 0.1192827 0.1468889 0.1172498 0.1336346 0.1338553 0.1108142 0.1162662 0.1204076 0.0513012 0.0028676 0.0028676 0.0034474 0.0034455 0.0000000 0.0051945 0.0046081 0.1171990 0.1366564 0.1051605 0.0446321 0.1347273 0.1220015 0.1497455 0.1237234 0.1209080 0.1316307 0.1615878 0.1131319 0.1292604 0.0187243 0.1282377 0.1442290 0.1317286 0.0099868 0.1227067 0.1348220 0.1208795 0.1368728 0.1509980 0.2799333 0.1237910 0.1237910 0.3599302 0.1323075 0.1464769 0.1205931 0.2788080 0.2741665 0.3284015 0.1467342 0.1195632 
LC149634/JPN/pig/2010/O/SEA/Unknown             0.1540110 0.0118329 0.0124799 0.1265457 0.1255026 0.1301125 0.1290550 0.1333583 0.1259098 0.0671649 0.0633386 0.0633086 0.0626596 0.0656956 0.0657280 0.0673285 0.1329057 0.1490334 0.1266402 0.1451182 0.1326467 0.1304000 0.1253513 0.0130955 0.1373001 0.1767808 0.1137413 0.0389658 0.1585684 0.1199969 0.1451818 0.1179658 0.1364576 0.1345693 0.1115247 0.1169766 0.1211148 0.0504864 0.0022881 0.0022881 0.0028652 0.0028637 0.0051945 0.0000000 0.0040214 0.1188107 0.1373712 0.1058740 0.0438512 0.1313252 0.1248436 0.1526879 0.1244354 0.1216307 0.1323513 0.1600112 0.1138486 0.1287085 0.0180694 0.1268988 0.1449443 0.1345942 0.0093739 0.1234272 0.1342328 0.1195866 0.1354751 0.1494943 0.2681823 0.1245110 0.1245110 0.3512800 0.1330260 0.1426269 0.1213149 0.2715240 0.2669008 0.3241860 0.1474477 0.1202857 
LC149628/JPN/pig/2010/O/SEA/Unknown             0.1527303 0.0112180 0.0118610 0.1233452 0.1223116 0.1268691 0.1258212 0.1300830 0.1247614 0.0678927 0.0640607 0.0640304 0.0633817 0.0664220 0.0664547 0.0680583 0.1317210 0.1500151 0.1254897 0.1417149 0.1316663 0.1294254 0.1242169 0.0124742 0.1339673 0.1777652 0.1126482 0.0382424 0.1572424 0.1188773 0.1463421 0.1168535 0.1331544 0.1312765 0.1104517 0.1158781 0.1199993 0.0497191 0.0017127 0.0017127 0.0022876 0.0022864 0.0046081 0.0040214 0.0000000 0.1157488 0.1340357 0.1048222 0.0431106 0.1301722 0.1236585 0.1491735 0.1232969 0.1184698 0.1311565 0.1609604 0.1108035 0.1287984 0.0174304 0.1237144 0.1390873 0.1333789 0.0087701 0.1202535 0.1343281 0.1164723 0.1363799 0.1504278 0.2735153 0.1213258 0.1213258 0.3572716 0.1297343 0.1459331 0.1181622 0.2799425 0.2753306 0.3293815 0.1439685 0.1171427 
KY446903/PAK/water-buffalo/2005/O/ME-SA/Unknown 0.1200561 0.1161399 0.1167631 0.1047381 0.1000585 0.1041606 0.1052087 0.1069824 0.0919661 0.1531964 0.1501599 0.1500600 0.1494268 0.1546811 0.1535693 0.1582959 0.1164573 0.0968251 0.1097455 0.1038357 0.1074446 0.1071744 0.0983338 0.1176123 0.0946821 0.1479644 0.0879007 0.1488407 0.1150575 0.0979517 0.0997616 0.1017455 0.0998531 0.0959506 0.0934744 0.0982223 0.1046532 0.1565144 0.1147184 0.1147184 0.1157801 0.1156776 0.1171990 0.1188107 0.1157488 0.0000000 0.0966260 0.0917988 0.1508669 0.1068851 0.0937317 0.1117042 0.0962066 0.0912641 0.1030887 0.1432372 0.0962686 0.0988902 0.1153621 0.1006290 0.1035763 0.0937191 0.1105381 0.0920583 0.1043491 0.0959281 0.1215003 0.1178952 0.2385158 0.0912201 0.0912201 0.3141646 0.0947626 0.1322709 0.0903806 0.2396467 0.2437745 0.2812306 0.1142861 0.0893762 
KY657269/VNM/pig/2015/O/ME-SA/Ind-2001d         0.0984603 0.1354015 0.1338463 0.0756334 0.0731954 0.0758986 0.0784479 0.0791732 0.1039347 0.1859291 0.1825928 0.1824619 0.1818780 0.1876441 0.1864061 0.1917138 0.1111722 0.1132430 0.1055964 0.0413263 0.0950639 0.0930905 0.0995989 0.1361378 0.0178397 0.1429551 0.0906781 0.1656215 0.1432640 0.1013086 0.0235721 0.0993562 0.0322511 0.0190305 0.0911121 0.0976276 0.1041439 0.1713158 0.1329091 0.1329091 0.1340732 0.1339468 0.1366564 0.1373712 0.1340357 0.0966260 0.0000000 0.0893636 0.1641006 0.1184538 0.1130893 0.0481267 0.1194873 0.0732853 0.0779790 0.1184257 0.0953049 0.1165857 0.1314029 0.0950137 0.1124060 0.1036019 0.1281510 0.1098717 0.1225748 0.1095535 0.1087416 0.1330812 0.2818336 0.1108601 0.1088293 0.3474582 0.1167892 0.1190617 0.1099651 0.2644502 0.2675657 0.3248101 0.1398097 0.1088579 
