81
KC440883/EGY/Unknown/2011/O/ME-SA/PanAsia-2     0.0000000 0.1181442 0.1145583 0.0378896 0.0389630 0.0409765 0.0396799 0.0373547 0.0949923 0.1611371 0.1587198 0.1582648 0.1668697 0.1614145 0.1607876 0.1628575 0.1355665 0.1294697 0.1362111 0.1048795 0.0621723 0.0640539 0.1222986 0.1182465 0.1008595 0.1366823 0.0998245 0.1419620 0.1449978 0.1394598 0.1044326 0.1366765 0.1038369 0.1016365 0.1362996 0.1402605 0.1402609 0.1588242 0.1215062 0.1215062 0.1215062 0.1202517 0.1215062 0.1216364 0.1198170 0.1206528 0.1007629 0.1021520 0.1345819 0.1499321 0.1099337 0.1240660 0.1158466 0.1370497 0.0425535 0.1234415 0.1137683 0.1368224 0.1169407 0.1217900 0.1274016 0.0557246 0.1318943 0.1195499 0.1050734 0.1168279 0.1180087 0.1092266 0.1615581 0.2325419 0.1067284 0.1069900 0.2203614 0.1088270 0.1149825 0.1059525 0.2352989 0.2316313 0.2057558 0.1284385 0.1050734 
HM229661/HKG/pig/2010/O/SEA/Unknown             0.1181442 0.0000000 0.0078562 0.1079425 0.1093551 0.1115814 0.1127926 0.1117728 0.1145699 0.0508704 0.0527548 0.0520948 0.0567171 0.0521612 0.0520442 0.0545725 0.1520978 0.1237853 0.1501236 0.1079241 0.1171054 0.1194994 0.1173780 0.0038726 0.1140469 0.1364070 0.1213018 0.0372322 0.1581308 0.1429376 0.1143776 0.1470192 0.1098398 0.1097112 0.1429989 0.1505607 0.1526094 0.0496570 0.0083591 0.0093657 0.0093657 0.0088751 0.0083591 0.0093716 0.0083591 0.0078572 0.0971018 0.1121935 0.1399711 0.0404439 0.1190126 0.1238709 0.1204383 0.1178081 0.1018717 0.1315530 0.1078348 0.1391360 0.1410207 0.0129568 0.1263059 0.1123906 0.1266610 0.0088857 0.1310781 0.1429820 0.1059171 0.1040307 0.1401325 0.2508960 0.1329625 0.1351089 0.2250241 0.1306705 0.1063373 0.1320918 0.2460816 0.2384283 0.2042500 0.1496775 0.1328337 
JQ900581/CHN/pig/2010/O/SEA/Unknown             0.1145583 0.0078562 0.0000000 0.1095206 0.1109439 0.1132035 0.1144215 0.1133890 0.1195201 0.0574588 0.0594025 0.0587173 0.0609242 0.0587961 0.0586587 0.0612679 0.1519974 0.1272552 0.1500124 0.1138170 0.1170944 0.1195049 0.1199427 0.0088641 0.1167102 0.1347545 0.1209410 0.0421468 0.1582813 0.1450617 0.1170350 0.1472378 0.1140837 0.1123089 0.1431849 0.1508095 0.1548772 0.0562132 0.0145465 0.0155885 0.0145465 0.0150908 0.0145465 0.0155987 0.0145465 0.0140266 0.1024424 0.1165075 0.1420585 0.0479096 0.1227295 0.1235257 0.1266938 0.1193214 0.1017616 0.1345395 0.1164096 0.1417455 0.1428631 0.0182584 0.1292204 0.1123483 0.1280614 0.0140664 0.1328080 0.1448458 0.1073085 0.1123957 0.1433829 0.2545887 0.1347128 0.1368866 0.2267615 0.1341544 0.1130577 0.1338335 0.2480868 0.2403433 0.2040489 0.1539132 0.1345812 
OQ211396/ISR/cattle/2007/O/ME-SA/PanAsia-2      0.0378896 0.1079425 0.1095206 0.0000000 0.0038813 0.0104364 0.0104075 0.0104216 0.0886450 0.1450228 0.1441575 0.1458806 0.1542689 0.1489405 0.1465476 0.1504024 0.1215426 0.1199988 0.1221828 0.0809682 0.0426934 0.0444602 0.1070199 0.1080341 0.0797110 0.1351664 0.0892250 0.1329029 0.1281790 0.1313057 0.0845369 0.1234648 0.0784889 0.0790063 0.1214286 0.1302985 0.1355076 0.1456870 0.1128325 0.1128325 0.1128325 0.1116288 0.1128325 0.1129522 0.1111691 0.1119924 0.0886933 0.0823911 0.1230760 0.1352336 0.0976661 0.1197240 0.0914963 0.1160666 0.0270327 0.1116137 0.1061068 0.1288067 0.1002638 0.1132024 0.1068323 0.0476009 0.1264385 0.1108604 0.0923276 0.1001705 0.1087444 0.1019523 0.1535897 0.2285130 0.0939236 0.0941442 0.2188160 0.0942976 0.1037238 0.0931697 0.2345846 0.2308771 0.1860340 0.1118050 0.0923276 
OQ211363/ISR/sheep/2007/O/ME-SA/PanAsia-2       0.0389630 0.1093551 0.1109439 0.0038813 0.0000000 0.0104160 0.0103872 0.0114202 0.0899730 0.1464855 0.1456186 0.1473404 0.1557309 0.1504024 0.1480053 0.1518582 0.1238880 0.1213280 0.1245271 0.0815791 0.0450016 0.0455627 0.1116740 0.1094480 0.0817457 0.1399408 0.0921108 0.1343491 0.1262039 0.1336444 0.0865866 0.1257857 0.0805060 0.0810394 0.1237413 0.1326509 0.1378825 0.1453281 0.1142584 0.1142584 0.1142584 0.1130488 0.1142584 0.1143796 0.1125939 0.1134177 0.0914892 0.0843512 0.1254059 0.1366821 0.1021710 0.1193502 0.0921112 0.1199134 0.0291934 0.1130026 0.1058961 0.1319614 0.1000725 0.1146325 0.1082204 0.0474862 0.1277398 0.1122925 0.0921590 0.0999797 0.1117337 0.1002045 0.1522326 0.2276801 0.0937504 0.0939700 0.2192685 0.0941243 0.1019601 0.0929986 0.2337186 0.2300395 0.1865817 0.1115720 0.0921590 
OQ211362/PSE/sheep/2007/O/ME-SA/PanAsia-2       0.0409765 0.1115814 0.1132035 0.0104364 0.0104160 0.0000000 0.0019342 0.0119993 0.0963373 0.1500816 0.1513802 0.1509413 0.1594590 0.1540524 0.1516103 0.1555138 0.1284848 0.1288414 0.1291276 0.0876983 0.0451590 0.0457224 0.1078010 0.1116772 0.0864308 0.1372708 0.0955509 0.1341928 0.1356311 0.1403803 0.0928222 0.1286288 0.0865781 0.0857144 0.1282716 0.1376421 0.1429881 0.1470519 0.1148730 0.1165566 0.1165566 0.1136519 0.1148730 0.1149957 0.1148730 0.1157061 0.0958292 0.0891568 0.1299860 0.1383218 0.1025806 0.1236287 0.0985433 0.1256203 0.0287738 0.1194363 0.1070846 0.1348746 0.1033850 0.1169414 0.1145629 0.0488677 0.1321486 0.1145802 0.0953706 0.1032881 0.1090801 0.0996826 0.1526943 0.2301443 0.0969833 0.0972138 0.2256363 0.0973464 0.1014412 0.0962229 0.2362463 0.2325041 0.1928865 0.1134738 0.0953706 
OQ211360/ISR/cattle/2007/O/ME-SA/PanAsia-2      0.0396799 0.1127926 0.1144215 0.0104075 0.0103872 0.0019342 0.0000000 0.0119658 0.0969087 0.1512734 0.1525696 0.1521294 0.1606350 0.1552372 0.1527955 0.1566913 0.1287766 0.1283065 0.1294164 0.0872331 0.0457024 0.0462656 0.1081654 0.1128895 0.0859724 0.1367065 0.0944070 0.1353969 0.1361731 0.1406184 0.0923241 0.1289164 0.0861217 0.0852602 0.1285602 0.1378939 0.1432177 0.1482386 0.1160897 0.1177715 0.1177715 0.1148653 0.1160897 0.1162134 0.1160897 0.1169219 0.0968873 0.0872352 0.1302692 0.1395211 0.1029586 0.1231299 0.0980021 0.1261791 0.0286897 0.1187270 0.1076590 0.1351366 0.1055201 0.1181594 0.1138878 0.0494061 0.1316091 0.1158037 0.0959466 0.1054209 0.1112643 0.1018113 0.1528952 0.2328468 0.0975585 0.0977903 0.2244025 0.0979187 0.1035799 0.0967987 0.2389364 0.2351758 0.1933495 0.1157061 0.0959466 
OQ211352/ISR/cattle/2007/O/ME-SA/PanAsia-2      0.0373547 0.1117728 0.1133890 0.0104216 0.0114202 0.0119993 0.0119658 0.0000000 0.0938674 0.1489094 0.1501970 0.1497640 0.1582042 0.1528459 0.1504288 0.1542994 0.1285989 0.1281276 0.1292417 0.0859526 0.0420834 0.0438462 0.1104136 0.1118685 0.0861330 0.1360171 0.0937503 0.1387561 0.1300591 0.1384357 0.0895746 0.1304641 0.0848479 0.0854194 0.1283842 0.1339457 0.1392204 0.1478587 0.1167267 0.1167267 0.1167267 0.1154998 0.1167267 0.1168512 0.1150509 0.1158802 0.0932480 0.0904681 0.1300994 0.1394653 0.1031433 0.1223255 0.0951892 0.1203336 0.0254066 0.1137712 0.1062394 0.1349881 0.1035014 0.1171103 0.1089766 0.0458483 0.1307983 0.1147604 0.0922602 0.1034043 0.1088820 0.1036407 0.1537569 0.2312966 0.0938551 0.0940755 0.2222527 0.0942293 0.1054261 0.0931017 0.2344074 0.2307039 0.1913550 0.1117234 0.0922602 
OP957418/BGD/cattle/2021/O/ME-SA/PanAsia-2      0.0949923 0.1145699 0.1195201 0.0886450 0.0899730 0.0963373 0.0969087 0.0938674 0.0000000 0.1387944 0.1409440 0.1405291 0.1499029 0.1427102 0.1421720 0.1441959 0.1025366 0.1228545 0.1031615 0.1013584 0.0964425 0.0986232 0.0860280 0.1163517 0.0995509 0.1099895 0.0760029 0.1378248 0.1177366 0.1012254 0.1055690 0.0976873 0.0996799 0.0972171 0.0953697 0.1052516 0.1034310 0.1464286 0.1131746 0.1131746 0.1131746 0.1133612 0.1131746 0.1132954 0.1115013 0.1123295 0.0796016 0.0964165 0.0944668 0.1418575 0.0786244 0.1132780 0.1120478 0.1216706 0.0799687 0.0890986 0.1068496 0.0934179 0.0897411 0.1138622 0.0896832 0.0905429 0.1214278 0.1106285 0.0813877 0.0913154 0.1046959 0.0885710 0.1369505 0.2216176 0.0829019 0.0845452 0.2108368 0.0817825 0.0959079 0.0821819 0.2202309 0.2146087 0.1576690 0.1016862 0.0799462 
ON868618/VNM/pig/2019/O/SEA/Unknown             0.1611371 0.0508704 0.0574588 0.1450228 0.1464855 0.1500816 0.1512734 0.1489094 0.1387944 0.0000000 0.0083598 0.0068468 0.0093835 0.0068528 0.0048628 0.0068465 0.1814226 0.1519811 0.1792789 0.1316522 0.1535080 0.1583511 0.1517192 0.0509012 0.1388950 0.1645444 0.1516460 0.0411429 0.1947106 0.1763015 0.1342589 0.1744958 0.1292416 0.1341536 0.1655874 0.1784978 0.1809212 0.0552851 0.0554925 0.0554925 0.0567521 0.0562410 0.0554925 0.0555373 0.0542384 0.0548614 0.1199531 0.1407541 0.1684624 0.0456804 0.1517347 0.1563647 0.1420225 0.1421459 0.1371983 0.1576790 0.1467473 0.1738978 0.1711545 0.0561956 0.1479761 0.1491332 0.1572163 0.0537951 0.1662579 0.1733138 0.1361806 0.1318897 0.1772545 0.2910828 0.1683657 0.1689071 0.2488176 0.1624990 0.1342167 0.1674087 0.2825471 0.2738146 0.2368121 0.1860361 0.1681910 
ON868607/VNM/pig/2019/O/SEA/Unknown             0.1587198 0.0527548 0.0594025 0.1441575 0.1456186 0.1513802 0.1525696 0.1501970 0.1409440 0.0083598 0.0000000 0.0024161 0.0078771 0.0053675 0.0043736 0.0063533 0.1813498 0.1552066 0.1813498 0.1327604 0.1548208 0.1596761 0.1501349 0.0527871 0.1400288 0.1629673 0.1478429 0.0417621 0.1899054 0.1787670 0.1353742 0.1769587 0.1303392 0.1352752 0.1700534 0.1809902 0.1821999 0.0572254 0.0574198 0.0574198 0.0586882 0.0581783 0.0574198 0.0574665 0.0561568 0.0567842 0.1218198 0.1418921 0.1708947 0.0475389 0.1475549 0.1576235 0.1420012 0.1407006 0.1383027 0.1589630 0.1502987 0.1742590 0.1734549 0.0581306 0.1473476 0.1504200 0.1584747 0.0557171 0.1685325 0.1756224 0.1347550 0.1352655 0.1785318 0.2903921 0.1706487 0.1712003 0.2433948 0.1647496 0.1376025 0.1696889 0.2818908 0.2756913 0.2402919 0.1905130 0.1704715 
ON868600/VNM/pig/2018/O/SEA/Unknown             0.1582648 0.0520948 0.0587173 0.1458806 0.1473404 0.1509413 0.1521294 0.1497640 0.1405291 0.0068468 0.0024161 0.0000000 0.0063650 0.0038824 0.0029000 0.0048606 0.1821867 0.1526012 0.1800462 0.1323763 0.1543709 0.1592131 0.1496831 0.0521265 0.1396217 0.1624916 0.1474025 0.0411377 0.1919960 0.1782133 0.1349826 0.1764091 0.1299634 0.1348816 0.1695272 0.1804264 0.1816290 0.0565429 0.0567417 0.0567417 0.0580062 0.0574962 0.0567417 0.0567877 0.0554827 0.0561081 0.1215889 0.1414799 0.1703637 0.0468911 0.1471178 0.1550851 0.1415860 0.1403071 0.1380367 0.1586394 0.1476277 0.1712740 0.1729480 0.0574493 0.1470484 0.1499869 0.1559350 0.0550420 0.1680403 0.1751097 0.1343805 0.1327568 0.1779701 0.2864787 0.1701508 0.1706991 0.2397698 0.1642695 0.1350817 0.1691933 0.2780282 0.2718950 0.2397575 0.1899475 0.1699744 
ON868596/VNM/pig/2018/O/SEA/Unknown             0.1668697 0.0567171 0.0609242 0.1542689 0.1557309 0.1594590 0.1606350 0.1582042 0.1499029 0.0093835 0.0078771 0.0063650 0.0000000 0.0063705 0.0053683 0.0073621 0.1924908 0.1609351 0.1903073 0.1423604 0.1610960 0.1660266 0.1595297 0.0567526 0.1476894 0.1685073 0.1593776 0.0443131 0.2032639 0.1870708 0.1429042 0.1852438 0.1398441 0.1428482 0.1781503 0.1872437 0.1906834 0.0587364 0.0614867 0.0614867 0.0614867 0.0622687 0.0614867 0.0615376 0.0602013 0.0608396 0.1301823 0.1517719 0.1790456 0.0501894 0.1590162 0.1651042 0.1519502 0.1474207 0.1460773 0.1685503 0.1562800 0.1823400 0.1811654 0.0622160 0.1547945 0.1584222 0.1659539 0.0597683 0.1761332 0.1833714 0.1430826 0.1409759 0.1891336 0.2987974 0.1782877 0.1788763 0.2511907 0.1742011 0.1433243 0.1773138 0.2901855 0.2838429 0.2454133 0.1948536 0.1781012 
ON868595/VNM/pig/2018/O/SEA/Unknown             0.1614145 0.0521612 0.0587961 0.1489405 0.1504024 0.1540524 0.1552372 0.1528459 0.1427102 0.0068528 0.0053675 0.0038824 0.0063705 0.0000000 0.0029024 0.0038822 0.1839322 0.1544548 0.1817780 0.1354285 0.1575242 0.1624087 0.1519891 0.0534340 0.1427637 0.1629167 0.1519131 0.0400025 0.1971329 0.1787401 0.1380609 0.1769283 0.1329809 0.1379771 0.1700110 0.1809675 0.1821795 0.0553482 0.0568168 0.0568168 0.0580835 0.0575728 0.0568168 0.0568629 0.0555554 0.0561820 0.1235624 0.1446387 0.1708536 0.0457299 0.1515990 0.1595973 0.1447668 0.1423765 0.1409648 0.1609778 0.1488905 0.1742244 0.1753845 0.0575257 0.1493086 0.1530674 0.1604486 0.0551142 0.1704323 0.1775628 0.1363972 0.1339247 0.1806433 0.2934970 0.1725590 0.1731200 0.2462082 0.1666236 0.1362579 0.1715952 0.2849409 0.2786790 0.2406276 0.1905102 0.1723794 
ON868593/VNM/pig/2018/O/SEA/Unknown             0.1607876 0.0520442 0.0586587 0.1465476 0.1480053 0.1516103 0.1527955 0.1504288 0.1421720 0.0048628 0.0043736 0.0029000 0.0053683 0.0029024 0.0000000 0.0019278 0.1830962 0.1546681 0.1809550 0.1349377 0.1550427 0.1598852 0.1513862 0.0520758 0.1422318 0.1641759 0.1513164 0.0399188 0.1942204 0.1779503 0.1375566 0.1761484 0.1325044 0.1374702 0.1672319 0.1801580 0.1813572 0.0552204 0.0566855 0.0566855 0.0579485 0.0574389 0.0566855 0.0567314 0.0554279 0.0560526 0.1231373 0.1440972 0.1701130 0.0456302 0.1510073 0.1589719 0.1442210 0.1418668 0.1404538 0.1584197 0.1483123 0.1755189 0.1727081 0.0573922 0.1468453 0.1524848 0.1598199 0.0549875 0.1678083 0.1748667 0.1359209 0.1334318 0.1798295 0.2918555 0.1699157 0.1704624 0.2448983 0.1640440 0.1357547 0.1689595 0.2833606 0.2771547 0.2370456 0.1896765 0.1697398 
ON868590/VNM/pig/2019/O/SEA/Unknown             0.1628575 0.0545725 0.0612679 0.1504024 0.1518582 0.1555138 0.1566913 0.1542994 0.1441959 0.0068465 0.0063533 0.0048606 0.0073621 0.0038822 0.0019278 0.0000000 0.1855052 0.1579177 0.1833556 0.1365916 0.1589883 0.1638679 0.1554350 0.0546061 0.1420987 0.1663039 0.1553253 0.0423224 0.1985852 0.1823976 0.1374295 0.1805887 0.1341461 0.1373425 0.1715688 0.1846557 0.1837503 0.0578124 0.0592723 0.0592723 0.0605474 0.0600393 0.0592723 0.0593208 0.0580026 0.0586332 0.1267194 0.1439619 0.1744921 0.0481110 0.1549913 0.1629524 0.1440847 0.1437873 0.1441786 0.1624659 0.1492357 0.1778114 0.1768504 0.0599895 0.1508116 0.1563659 0.1619089 0.0575671 0.1718998 0.1790259 0.1360843 0.1343234 0.1843596 0.2922656 0.1740242 0.1726351 0.2477012 0.1680894 0.1366466 0.1730621 0.2837617 0.2775462 0.2420926 0.1915381 0.1738436 
OP751924/IDN/cattle/2022/O/ME-SA/Unknown        0.1355665 0.1520978 0.1519974 0.1215426 0.1238880 0.1284848 0.1287766 0.1285989 0.1025366 0.1814226 0.1813498 0.1821867 0.1924908 0.1839322 0.1830962 0.1855052 0.0000000 0.1485124 0.0028977 0.1165661 0.1243770 0.1268091 0.0757722 0.1542359 0.1137635 0.1529811 0.1068890 0.1795817 0.1588741 0.0393347 0.1202607 0.0346595 0.1144855 0.1146522 0.0345605 0.0407543 0.0439264 0.1888800 0.1569371 0.1569371 0.1569371 0.1559982 0.1569371 0.1571302 0.1549350 0.1559241 0.1178383 0.1199669 0.0334693 0.1826495 0.1233749 0.1551816 0.1309248 0.1644806 0.1046775 0.1319994 0.1272761 0.0664807 0.1303064 0.1503706 0.1162600 0.1148992 0.1544703 0.1562911 0.1223461 0.1322594 0.1513115 0.1163224 0.1490506 0.2415996 0.1242288 0.1245783 0.2391309 0.1200450 0.1193018 0.1233547 0.2450188 0.2386871 0.1984664 0.1450922 0.1233289 
ON736860/UGA/cow/2015/O/EA-2/Unknown            0.1294697 0.1237853 0.1272552 0.1199988 0.1213280 0.1288414 0.1283065 0.1281276 0.1228545 0.1519811 0.1552066 0.1526012 0.1609351 0.1544548 0.1546681 0.1579177 0.1485124 0.0000000 0.1474141 0.1106148 0.1319927 0.1324305 0.1225927 0.1238984 0.1124770 0.1434834 0.1178299 0.1418929 0.1533993 0.1517903 0.1204790 0.1478565 0.1133359 0.1116661 0.1459317 0.1541310 0.1566629 0.1515428 0.1262529 0.1262529 0.1262529 0.1275777 0.1262529 0.1263947 0.1244761 0.1253550 0.1074152 0.1156035 0.1472508 0.1452210 0.1380419 0.0509353 0.1263178 0.1351494 0.1134578 0.1275576 0.1211773 0.1478990 0.1413061 0.1168409 0.1232829 0.1191491 0.0546248 0.1242216 0.1286776 0.1433153 0.1226577 0.1047012 0.1505216 0.2361689 0.1305960 0.1327767 0.2258571 0.1289284 0.1082304 0.1297084 0.2360236 0.2251457 0.1922396 0.1469012 0.1286776 
OP585403/IDN/cattle/2022/O/ME-SA/Unknown        0.1362111 0.1501236 0.1500124 0.1221828 0.1245271 0.1291276 0.1294164 0.1292417 0.1031615 0.1792789 0.1813498 0.1800462 0.1903073 0.1817780 0.1809550 0.1833556 0.0028977 0.1474141 0.0000000 0.1172105 0.1250156 0.1274477 0.0763452 0.1522526 0.1144104 0.1499130 0.1075437 0.1774742 0.1577653 0.0386831 0.1209081 0.0340267 0.1151273 0.1153000 0.0339300 0.0400932 0.0432500 0.1867381 0.1549350 0.1549350 0.1549350 0.1540103 0.1549350 0.1551254 0.1529396 0.1539255 0.1168897 0.1206118 0.0328420 0.1805223 0.1222556 0.1518433 0.1315836 0.1631790 0.1054003 0.1309959 0.1261978 0.0657042 0.1309693 0.1483840 0.1152986 0.1138642 0.1533772 0.1542732 0.1230022 0.1329235 0.1500843 0.1152864 0.1497646 0.2415996 0.1248861 0.1252378 0.2417689 0.1206976 0.1182522 0.1240117 0.2450188 0.2386871 0.1986509 0.1457810 0.1239857 
OM160615/TUN/cattle/2014/O/ME-SA/Ind-2001d      0.1048795 0.1079241 0.1138170 0.0809682 0.0815791 0.0876983 0.0872331 0.0859526 0.1013584 0.1316522 0.1327604 0.1323763 0.1423604 0.1354285 0.1349377 0.1365916 0.1165661 0.1106148 0.1172105 0.0000000 0.0872099 0.0893052 0.1045665 0.1096547 0.0281048 0.1327763 0.0955170 0.1340901 0.1286536 0.1244685 0.0319630 0.1217276 0.0165607 0.0275412 0.1192421 0.1261233 0.1295415 0.1458017 0.1111467 0.1111467 0.1111467 0.1105833 0.1111467 0.1112640 0.1094918 0.1103110 0.0724224 0.0326218 0.1178619 0.1367696 0.0952810 0.1175204 0.0146322 0.1117191 0.0744725 0.1126955 0.1086569 0.1210643 0.1140239 0.1064007 0.1021348 0.0858659 0.1129222 0.1125071 0.1076199 0.1157897 0.1013431 0.1002552 0.1398148 0.2381001 0.1093282 0.1096042 0.2254420 0.1048515 0.1036018 0.1085285 0.2405565 0.2321125 0.1784820 0.1218554 0.1076199 
OM456148/PAK/buffalo/2012/O/ME-SA/PanAsia-2     0.0621723 0.1171054 0.1170944 0.0426934 0.0450016 0.0451590 0.0457024 0.0420834 0.0964425 0.1535080 0.1548208 0.1543709 0.1610960 0.1575242 0.1550427 0.1589883 0.1243770 0.1319927 0.1250156 0.0872099 0.0000000 0.0043873 0.1094579 0.1172079 0.0906884 0.1389138 0.1030898 0.1416773 0.1366717 0.1296177 0.0912333 0.1228745 0.0869597 0.0899611 0.1242234 0.1308590 0.1360680 0.1495561 0.1185393 0.1185393 0.1168432 0.1179262 0.1185393 0.1186671 0.1168432 0.1176825 0.0930209 0.0894795 0.1222302 0.1410281 0.1024549 0.1305286 0.0956173 0.1330872 0.0412072 0.1158836 0.1120612 0.1263571 0.1110052 0.1215383 0.1022402 0.0568853 0.1261114 0.1202276 0.0994275 0.1108980 0.1116499 0.1018148 0.1621341 0.2459904 0.1010768 0.1028976 0.2341626 0.1013302 0.1051518 0.1003010 0.2467456 0.2404842 0.1880241 0.1186734 0.0994275 
OM456134/PAK/cattle/2012/O/ME-SA/PanAsia-2      0.0640539 0.1194994 0.1195049 0.0444602 0.0455627 0.0457224 0.0462656 0.0438462 0.0986232 0.1583511 0.1596761 0.1592131 0.1660266 0.1624087 0.1598852 0.1638679 0.1268091 0.1324305 0.1274477 0.0893052 0.0043873 0.0000000 0.1117785 0.1196044 0.0928127 0.1385735 0.1053624 0.1445256 0.1403362 0.1320414 0.0933564 0.1252712 0.0890484 0.0920833 0.1266211 0.1333116 0.1385553 0.1524760 0.1209520 0.1209520 0.1192485 0.1203245 0.1209520 0.1210827 0.1192485 0.1200913 0.0951761 0.0915870 0.1265972 0.1457168 0.1047135 0.1329700 0.0977741 0.1337981 0.0429531 0.1182158 0.1143631 0.1287741 0.1132993 0.1239729 0.1045160 0.0574620 0.1285306 0.1226656 0.1016578 0.1131896 0.1158265 0.1040392 0.1649597 0.2492492 0.1033168 0.1051521 0.2359862 0.1035595 0.1073962 0.1025375 0.2500066 0.2437052 0.1888515 0.1210883 0.1016578 
OK019689/IRN/cow/2016/O/ME-SA/PanAsia-2         0.1222986 0.1173780 0.1199427 0.1070199 0.1116740 0.1078010 0.1081654 0.1104136 0.0860280 0.1517192 0.1501349 0.1496831 0.1595297 0.1519891 0.1513862 0.1554350 0.0757722 0.1225927 0.0763452 0.1045665 0.1094579 0.1117785 0.0000000 0.1192190 0.1018316 0.1139868 0.0916575 0.1392315 0.1369844 0.0808561 0.1078423 0.0696419 0.0991906 0.1008356 0.0719948 0.0762898 0.0773562 0.1535136 0.1204528 0.1222067 0.1222067 0.1217328 0.1204528 0.1205864 0.1187059 0.1195702 0.0902340 0.1043598 0.0675239 0.1405680 0.0909158 0.1177109 0.1140373 0.1200067 0.0949946 0.1104147 0.1015811 0.0779784 0.1088241 0.1173297 0.1004393 0.1022175 0.1194112 0.1177311 0.0963604 0.1105724 0.1077440 0.0882779 0.1218035 0.2145561 0.0980220 0.0998516 0.2227404 0.0974318 0.0907847 0.0972390 0.2135525 0.2053928 0.1768276 0.1162584 0.0963604 
MN389541/CHN/pig/2010/O/SEA/Unknown             0.1182465 0.0038726 0.0088641 0.1080341 0.1094480 0.1116772 0.1128895 0.1118685 0.1163517 0.0509012 0.0527871 0.0521265 0.0567526 0.0534340 0.0520758 0.0546061 0.1542359 0.1238984 0.1522526 0.1096547 0.1172079 0.1196044 0.1192190 0.0000000 0.1141454 0.1383056 0.1214110 0.0384115 0.1582836 0.1469351 0.1144761 0.1491074 0.1099329 0.1098049 0.1450530 0.1546489 0.1567430 0.0521508 0.0103819 0.0113988 0.0113988 0.0109064 0.0103819 0.0114060 0.0103819 0.0098747 0.1003190 0.1122899 0.1439393 0.0428372 0.1208439 0.1239812 0.1222550 0.1195281 0.1035414 0.1316737 0.1096085 0.1430264 0.1411519 0.0139946 0.1254697 0.1157940 0.1285044 0.0099021 0.1311973 0.1431155 0.1075697 0.1057643 0.1422272 0.2511773 0.1330838 0.1352331 0.2276085 0.1307887 0.1080786 0.1322122 0.2463575 0.2386943 0.2044730 0.1517046 0.1329548 
MN095357/IND/cattle/2013/O/ME-SA/Ind-2001d      0.1008595 0.1140469 0.1167102 0.0797110 0.0817457 0.0864308 0.0859724 0.0861330 0.0995509 0.1388950 0.1400288 0.1396217 0.1476894 0.1427637 0.1422318 0.1420987 0.1137635 0.1124770 0.1144104 0.0281048 0.0906884 0.0928127 0.1018316 0.1141454 0.0000000 0.1246007 0.0932503 0.1411196 0.1355473 0.1282175 0.0103753 0.1243843 0.0230964 0.0043820 0.1201324 0.1264073 0.1298612 0.1527985 0.1173720 0.1173720 0.1173720 0.1167684 0.1173720 0.1174978 0.1156868 0.1165207 0.0742608 0.0204099 0.1187419 0.1438931 0.0983634 0.1220199 0.0347277 0.1102368 0.0746168 0.1123302 0.1087361 0.1202519 0.1103069 0.1132291 0.1084656 0.0825942 0.1225080 0.1153980 0.1023597 0.1120612 0.0996477 0.0983425 0.1380168 0.2260243 0.1040481 0.1043080 0.2262989 0.0996383 0.1032645 0.1032553 0.2320016 0.2283229 0.1823304 0.1179867 0.1023597 
NC_039210/GBR/Unknown/1965/O/EURO-SA/Unknown    0.1366823 0.1364070 0.1347545 0.1351664 0.1399408 0.1372708 0.1367065 0.1360171 0.1099895 0.1645444 0.1629673 0.1624916 0.1685073 0.1629167 0.1641759 0.1663039 0.1529811 0.1434834 0.1499130 0.1327763 0.1389138 0.1385735 0.1139868 0.1383056 0.1246007 0.0000000 0.1182019 0.1526689 0.1854831 0.1373515 0.1325869 0.1402528 0.1320421 0.1236529 0.1400867 0.1412408 0.1401266 0.1602748 0.1340444 0.1358134 0.1340444 0.1342893 0.1340444 0.1341928 0.1322813 0.1331531 0.1077423 0.1249890 0.1380476 0.1586677 0.1162465 0.1482957 0.1421351 0.1392532 0.1205938 0.1354866 0.1108903 0.1310707 0.1489699 0.1357349 0.1387982 0.1320121 0.1492566 0.1380107 0.1385986 0.1488142 0.1220799 0.0947117 0.1443613 0.2488888 0.1384377 0.1402261 0.2417049 0.1397750 0.0985267 0.1396126 0.2623286 0.2513445 0.2172203 0.1538087 0.1385986 
MK071699/BGD/cattle/2013/O/ME-SA/Unknown        0.0998245 0.1213018 0.1209410 0.0892250 0.0921108 0.0955509 0.0944070 0.0937503 0.0760029 0.1516460 0.1478429 0.1474025 0.1593776 0.1519131 0.1513164 0.1553253 0.1068890 0.1178299 0.1075437 0.0955170 0.1030898 0.1053624 0.0916575 0.1214110 0.0932503 0.1182019 0.0000000 0.1455755 0.1026002 0.1132415 0.0945238 0.1016387 0.0919098 0.0907617 0.1078566 0.1148030 0.1181192 0.1548174 0.1233624 0.1251135 0.1251135 0.1235799 0.1233624 0.1234987 0.1216179 0.1224810 0.0917165 0.1003301 0.1041497 0.1478902 0.0748459 0.1262536 0.1082171 0.1168310 0.0827922 0.0896300 0.1068174 0.1067439 0.0712863 0.1216065 0.0847826 0.0927140 0.1335927 0.1198815 0.0689075 0.0727085 0.1015534 0.0922429 0.1133268 0.2140386 0.0703013 0.0717961 0.2141490 0.0673705 0.1003381 0.0688159 0.2193675 0.2132716 0.1675269 0.0827526 0.0689075 
MH845413/VNM/pig/2014/O/SEA/Unknown             0.1419620 0.0372322 0.0421468 0.1329029 0.1343491 0.1341928 0.1353969 0.1387561 0.1378248 0.0411429 0.0417621 0.0411377 0.0443131 0.0400025 0.0399188 0.0423224 0.1795817 0.1418929 0.1774742 0.1340901 0.1416773 0.1445256 0.1392315 0.0384115 0.1411196 0.1526689 0.1455755 0.0000000 0.1840570 0.1765191 0.1382659 0.1747320 0.1342914 0.1363995 0.1698129 0.1807925 0.1794313 0.0345337 0.0403273 0.0415051 0.0415051 0.0409941 0.0403273 0.0403575 0.0391548 0.0397380 0.1190860 0.1352087 0.1687577 0.0259663 0.1469273 0.1509811 0.1443259 0.1382602 0.1328568 0.1518045 0.1336300 0.1757977 0.1671226 0.0433980 0.1378866 0.1411012 0.1502613 0.0380278 0.1604616 0.1692328 0.1268349 0.1286557 0.1669115 0.2737246 0.1625141 0.1649240 0.2371082 0.1599007 0.1309540 0.1615796 0.2712390 0.2655164 0.2211056 0.1815534 0.1623486 
MF947132/VNM/buffalo/2015/O/ME-SA/Unknown       0.1449978 0.1581308 0.1582813 0.1281790 0.1262039 0.1356311 0.1361731 0.1300591 0.1177366 0.1947106 0.1899054 0.1919960 0.2032639 0.1971329 0.1942204 0.1985852 0.1588741 0.1533993 0.1577653 0.1286536 0.1366717 0.1403362 0.1369844 0.1582836 0.1355473 0.1854831 0.1026002 0.1840570 0.0000000 0.1634197 0.1355863 0.1564047 0.1319489 0.1354909 0.1518874 0.1655703 0.1665768 0.1926547 0.1589657 0.1589657 0.1570720 0.1592953 0.1589657 0.1591503 0.1570720 0.1580076 0.1113972 0.1395749 0.1513389 0.1867497 0.1216222 0.1500318 0.1461779 0.1647141 0.1150601 0.1135648 0.1390185 0.1581344 0.0793680 0.1604879 0.1150581 0.1236390 0.1611386 0.1599202 0.0772095 0.0823664 0.1524875 0.1279013 0.1612621 0.2308427 0.0786469 0.0802000 0.2401590 0.0762332 0.1333931 0.0779617 0.2363576 0.2238271 0.1706452 0.1011312 0.0772095 
MH891503/VNM/cow/2017/O/ME-SA/Unknown           0.1394598 0.1429376 0.1450617 0.1313057 0.1336444 0.1403803 0.1406184 0.1384357 0.1012254 0.1763015 0.1787670 0.1782133 0.1870708 0.1787401 0.1779503 0.1823976 0.0393347 0.1517903 0.0386831 0.1244685 0.1296177 0.1320414 0.0808561 0.1469351 0.1282175 0.1373515 0.1132415 0.1765191 0.1634197 0.0000000 0.1330543 0.0209015 0.1189544 0.1236470 0.0202744 0.0144940 0.0171762 0.1888338 0.1484235 0.1484235 0.1484235 0.1475575 0.1484235 0.1486024 0.1464789 0.1474399 0.1178239 0.1278779 0.0150226 0.1755071 0.1282918 0.1515959 0.1347776 0.1633689 0.1170032 0.1283379 0.1300167 0.0463620 0.1391287 0.1440971 0.1193703 0.1264266 0.1626196 0.1473720 0.1352360 0.1410841 0.1538758 0.1210654 0.1471328 0.2503031 0.1350754 0.1386865 0.2476039 0.1308186 0.1247862 0.1362677 0.2502499 0.2426804 0.1936794 0.1541428 0.1352360 
MG983733/LKA/cattle/2014/O/ME-SA/Ind-2001d      0.1044326 0.1143776 0.1170350 0.0845369 0.0865866 0.0928222 0.0923241 0.0895746 0.1055690 0.1342589 0.1353742 0.1349826 0.1429042 0.1380609 0.1375566 0.1374295 0.1202607 0.1204790 0.1209081 0.0319630 0.0912333 0.0933564 0.1078423 0.1144761 0.0103753 0.1325869 0.0945238 0.1382659 0.1355863 0.1330543 0.0000000 0.1292127 0.0257733 0.0108779 0.1266287 0.1330353 0.1347753 0.1537913 0.1176942 0.1176942 0.1176942 0.1170910 0.1176942 0.1178198 0.1160145 0.1168457 0.0767195 0.0230606 0.1252429 0.1449116 0.0996485 0.1246538 0.0387313 0.1146866 0.0765378 0.1144127 0.1079816 0.1233058 0.1130076 0.1135653 0.1113958 0.0874565 0.1251312 0.1174161 0.1050292 0.1147675 0.1008106 0.0976710 0.1417497 0.2258758 0.1067235 0.1069912 0.2263436 0.1022902 0.1025519 0.1059291 0.2318037 0.2281567 0.1840114 0.1207853 0.1050292 
MG983727/SAU/cattle/2015/O/ME-SA/Unknown        0.1366765 0.1470192 0.1472378 0.1234648 0.1257857 0.1286288 0.1289164 0.1304641 0.0976873 0.1744958 0.1769587 0.1764091 0.1852438 0.1769283 0.1761484 0.1805887 0.0346595 0.1478565 0.0340267 0.1217276 0.1228745 0.1252712 0.0696419 0.1491074 0.1243843 0.1402528 0.1016387 0.1747320 0.1564047 0.0209015 0.1292127 0.0000000 0.1162250 0.1215625 0.0139601 0.0193414 0.0221040 0.1840086 0.1486579 0.1506125 0.1506125 0.1477892 0.1486579 0.1488373 0.1467100 0.1476726 0.1091802 0.1251382 0.0119241 0.1749087 0.1226282 0.1521670 0.1319874 0.1621173 0.1093451 0.1183659 0.1276047 0.0476258 0.1321921 0.1423844 0.1057398 0.1168488 0.1590396 0.1456492 0.1248660 0.1341178 0.1485093 0.1150958 0.1415906 0.2428490 0.1267340 0.1288488 0.2403375 0.1223155 0.1187723 0.1258679 0.2423362 0.2361952 0.1947004 0.1449242 0.1248660 
MG983722/SAU/cattle/2013/O/ME-SA/Ind-2001d      0.1038369 0.1098398 0.1140837 0.0784889 0.0805060 0.0865781 0.0861217 0.0848479 0.0996799 0.1292416 0.1303392 0.1299634 0.1398441 0.1329809 0.1325044 0.1341461 0.1144855 0.1133359 0.1151273 0.0165607 0.0869597 0.0890484 0.0991906 0.1099329 0.0230964 0.1320421 0.0919098 0.1342914 0.1319489 0.1189544 0.0257733 0.1162250 0.0000000 0.0225470 0.1121411 0.1188389 0.1221497 0.1459646 0.1130776 0.1130776 0.1130776 0.1125048 0.1130776 0.1131970 0.1114218 0.1122414 0.0714970 0.0297225 0.1107661 0.1351883 0.0951743 0.1200768 0.0248325 0.1097586 0.0733334 0.1123087 0.1112635 0.1155898 0.1077896 0.1073605 0.1027597 0.0856221 0.1152293 0.1127792 0.1031215 0.1095164 0.0994877 0.0991186 0.1407090 0.2337933 0.1048007 0.1050610 0.2299080 0.1004117 0.1040145 0.1040126 0.2342638 0.2282709 0.1779327 0.1169758 0.1031215 
MG983714/NPL/pig/2013/O/ME-SA/Ind-2001d         0.1016365 0.1097112 0.1123089 0.0790063 0.0810394 0.0857144 0.0852602 0.0854194 0.0972171 0.1341536 0.1352752 0.1348816 0.1428482 0.1379771 0.1374702 0.1373425 0.1146522 0.1116661 0.1153000 0.0275412 0.0899611 0.0920833 0.1008356 0.1098049 0.0043820 0.1236529 0.0907617 0.1363995 0.1354909 0.1236470 0.0108779 0.1215625 0.0225470 0.0000000 0.1173586 0.1218239 0.1252118 0.1497641 0.1129690 0.1129690 0.1129690 0.1123930 0.1129690 0.1130891 0.1113024 0.1121273 0.0749630 0.0187773 0.1159699 0.1409231 0.0991767 0.1212103 0.0341411 0.1110814 0.0739281 0.1109155 0.1045735 0.1157654 0.1095184 0.1088674 0.1060501 0.0847563 0.1217013 0.1126681 0.1031792 0.1112702 0.0971449 0.0942938 0.1355785 0.2269520 0.1048731 0.1051360 0.2272175 0.1004467 0.0991495 0.1040781 0.2353134 0.2292458 0.1843925 0.1169186 0.1031792 
MG983702/MUS/cattle/2016/O/ME-SA/Unknown        0.1362996 0.1429989 0.1431849 0.1214286 0.1237413 0.1282716 0.1285602 0.1283842 0.0953697 0.1655874 0.1700534 0.1695272 0.1781503 0.1700110 0.1672319 0.1715688 0.0345605 0.1459317 0.0339300 0.1192421 0.1242234 0.1266211 0.0719948 0.1450530 0.1201324 0.1400867 0.1078566 0.1698129 0.1518874 0.0202744 0.1266287 0.0139601 0.1121411 0.1173586 0.0000000 0.0171529 0.0188030 0.1844008 0.1445933 0.1445933 0.1445933 0.1437591 0.1445933 0.1447660 0.1426740 0.1436226 0.1110990 0.1192109 0.0088442 0.1733024 0.1235687 0.1458859 0.1299902 0.1635662 0.1090453 0.1237386 0.1284805 0.0498638 0.1298371 0.1403097 0.1129335 0.1181804 0.1589391 0.1435314 0.1260495 0.1317427 0.1481390 0.1176645 0.1412635 0.2538880 0.1279148 0.1300289 0.2517893 0.1217808 0.1213449 0.1270505 0.2510956 0.2425073 0.1992485 0.1431807 0.1260495 
MF461724/CHN/cattle/2017/O/ME-SA/Unknown        0.1402605 0.1505607 0.1508095 0.1302985 0.1326509 0.1376421 0.1378939 0.1339457 0.1052516 0.1784978 0.1809902 0.1804264 0.1872437 0.1809675 0.1801580 0.1846557 0.0407543 0.1541310 0.0400932 0.1261233 0.1308590 0.1333116 0.0762898 0.1546489 0.1264073 0.1412408 0.1148030 0.1807925 0.1655703 0.0144940 0.1330353 0.0193414 0.1188389 0.1218239 0.0171529 0.0000000 0.0078400 0.1913346 0.1542152 0.1542152 0.1542152 0.1533032 0.1542152 0.1544033 0.1522368 0.1532143 0.1196370 0.1278227 0.0129901 0.1799583 0.1300312 0.1544187 0.1336342 0.1683165 0.1159577 0.1293650 0.1348791 0.0494443 0.1409648 0.1498351 0.1200497 0.1237092 0.1670034 0.1531858 0.1352327 0.1429432 0.1562600 0.1274214 0.1469022 0.2528554 0.1353659 0.1376946 0.2622252 0.1325504 0.1312508 0.1362719 0.2532816 0.2469833 0.2065189 0.1542880 0.1352327 
LC320038/MNG/cow/2015/O/ME-SA/Unknown           0.1402609 0.1526094 0.1548772 0.1355076 0.1378825 0.1429881 0.1432177 0.1392204 0.1034310 0.1809212 0.1821999 0.1816290 0.1906834 0.1821795 0.1813572 0.1837503 0.0439264 0.1566629 0.0432500 0.1295415 0.1360680 0.1385553 0.0773562 0.1567430 0.1298612 0.1401266 0.1181192 0.1794313 0.1665768 0.0171762 0.1347753 0.0221040 0.1221497 0.1252118 0.0188030 0.0078400 0.0000000 0.1938870 0.1563147 0.1563147 0.1563147 0.1553803 0.1563147 0.1565069 0.1543152 0.1553030 0.1195104 0.1277444 0.0145941 0.1823846 0.1316015 0.1564208 0.1347355 0.1713695 0.1208290 0.1310698 0.1365899 0.0521766 0.1416530 0.1518955 0.1216668 0.1287556 0.1711189 0.1552884 0.1388156 0.1436444 0.1563691 0.1290549 0.1488865 0.2585744 0.1389539 0.1401675 0.2656243 0.1342855 0.1329253 0.1398722 0.2590202 0.2525974 0.2079664 0.1563196 0.1388156 
KX534089/KOR/pig/2016/O/SEA/Unknown             0.1588242 0.0496570 0.0562132 0.1456870 0.1453281 0.1470519 0.1482386 0.1478587 0.1464286 0.0552851 0.0572254 0.0565429 0.0587364 0.0553482 0.0552204 0.0578124 0.1888800 0.1515428 0.1867381 0.1458017 0.1495561 0.1524760 0.1535136 0.0521508 0.1527985 0.1602748 0.1548174 0.0345337 0.1926547 0.1888338 0.1537913 0.1840086 0.1459646 0.1497641 0.1844008 0.1913346 0.1938870 0.0000000 0.0542556 0.0555107 0.0542556 0.0549985 0.0542556 0.0542992 0.0530061 0.0536269 0.1303154 0.1463424 0.1808423 0.0114114 0.1493533 0.1566703 0.1553500 0.1510024 0.1437942 0.1640760 0.1419758 0.1819051 0.1709880 0.0537001 0.1504513 0.1543884 0.1646766 0.0513136 0.1645398 0.1731241 0.1411156 0.1351647 0.1748577 0.2846536 0.1666119 0.1690554 0.2569173 0.1620703 0.1356768 0.1634002 0.2895828 0.2832967 0.2300868 0.1829978 0.1664415 
LC149713/JPN/cow/2010/O/SEA/Unknown             0.1215062 0.0083591 0.0145465 0.1128325 0.1142584 0.1148730 0.1160897 0.1167267 0.1131746 0.0554925 0.0574198 0.0567417 0.0614867 0.0568168 0.0566855 0.0592723 0.1569371 0.1262529 0.1549350 0.1111467 0.1185393 0.1209520 0.1204528 0.0103819 0.1173720 0.1340444 0.1233624 0.0403273 0.1589657 0.1484235 0.1176942 0.1486579 0.1130776 0.1129690 0.1445933 0.1542152 0.1563147 0.0542556 0.0000000 0.0009605 0.0009605 0.0004803 0.0000010 0.0009611 0.0009605 0.0004796 0.0983335 0.1154864 0.1434737 0.0460283 0.1185028 0.1262768 0.1231281 0.1200387 0.1049481 0.1301364 0.1124663 0.1403580 0.1433572 0.0135264 0.1248848 0.1156671 0.1292197 0.0084046 0.1333185 0.1453363 0.1080062 0.1036920 0.1421178 0.2545293 0.1352202 0.1373913 0.2297123 0.1327737 0.1059899 0.1343425 0.2496533 0.2418850 0.2085434 0.1529681 0.1333185 
LC149692/JPN/pig/2010/O/SEA/Unknown             0.1215062 0.0093657 0.0155885 0.1128325 0.1142584 0.1165566 0.1177715 0.1167267 0.1131746 0.0554925 0.0574198 0.0567417 0.0614867 0.0568168 0.0566855 0.0592723 0.1569371 0.1262529 0.1549350 0.1111467 0.1185393 0.1209520 0.1222067 0.0113988 0.1173720 0.1358134 0.1251135 0.0415051 0.1589657 0.1484235 0.1176942 0.1506125 0.1130776 0.1129690 0.1445933 0.1542152 0.1563147 0.0555107 0.0009605 0.0000000 0.0009605 0.0014446 0.0009605 0.0019269 0.0019257 0.0014424 0.0983335 0.1154864 0.1434737 0.0472412 0.1202296 0.1245449 0.1231281 0.1200387 0.1049481 0.1301364 0.1141712 0.1403580 0.1433572 0.0145648 0.1248848 0.1156671 0.1274774 0.0094170 0.1333185 0.1453363 0.1080062 0.1053286 0.1440803 0.2545293 0.1352202 0.1373913 0.2297123 0.1327737 0.1076319 0.1343425 0.2496533 0.2418850 0.2085434 0.1529681 0.1333185 
LC149690/JPN/pig/2010/O/SEA/Unknown             0.1215062 0.0093657 0.0145465 0.1128325 0.1142584 0.1165566 0.1177715 0.1167267 0.1131746 0.0567521 0.0586882 0.0580062 0.0614867 0.0580835 0.0579485 0.0605474 0.1569371 0.1262529 0.1549350 0.1111467 0.1168432 0.1192485 0.1222067 0.0113988 0.1173720 0.1340444 0.1251135 0.0415051 0.1570720 0.1484235 0.1176942 0.1506125 0.1130776 0.1129690 0.1445933 0.1542152 0.1563147 0.0542556 0.0009605 0.0009605 0.0000000 0.0014446 0.0009605 0.0019269 0.0019257 0.0014424 0.0983335 0.1154864 0.1434737 0.0472412 0.1202296 0.1262768 0.1231281 0.1200387 0.1049481 0.1301364 0.1141712 0.1403580 0.1415477 0.0145648 0.1231342 0.1156671 0.1292197 0.0094170 0.1333185 0.1435188 0.1080062 0.1053286 0.1440803 0.2520884 0.1352202 0.1373913 0.2273579 0.1327737 0.1076319 0.1343425 0.2472284 0.2394974 0.2062992 0.1510773 0.1333185 
LC149681/JPN/cow/2010/O/SEA/Unknown             0.1202517 0.0088751 0.0150908 0.1116288 0.1130488 0.1136519 0.1148653 0.1154998 0.1133612 0.0562410 0.0581783 0.0574962 0.0622687 0.0575728 0.0574389 0.0600393 0.1559982 0.1275777 0.1540103 0.1105833 0.1179262 0.1203245 0.1217328 0.0109064 0.1167684 0.1342893 0.1235799 0.0409941 0.1592953 0.1475575 0.1170910 0.1477892 0.1125048 0.1123930 0.1437591 0.1533032 0.1553803 0.0549985 0.0004803 0.0014446 0.0014446 0.0000000 0.0004803 0.0014455 0.0014446 0.0009618 0.0984798 0.1148952 0.1426431 0.0467276 0.1187063 0.1275680 0.1224821 0.1212313 0.1038166 0.1303726 0.1136804 0.1395649 0.1436319 0.0140671 0.1261846 0.1144509 0.1305299 0.0089236 0.1335618 0.1456172 0.1081716 0.1048261 0.1436464 0.2570725 0.1354692 0.1376475 0.2320302 0.1330144 0.1071359 0.1345890 0.2521525 0.2443031 0.2091042 0.1532809 0.1335618 
LC149674/JPN/cow/2010/O/SEA/Unknown             0.1215062 0.0083591 0.0145465 0.1128325 0.1142584 0.1148730 0.1160897 0.1167267 0.1131746 0.0554925 0.0574198 0.0567417 0.0614867 0.0568168 0.0566855 0.0592723 0.1569371 0.1262529 0.1549350 0.1111467 0.1185393 0.1209520 0.1204528 0.0103819 0.1173720 0.1340444 0.1233624 0.0403273 0.1589657 0.1484235 0.1176942 0.1486579 0.1130776 0.1129690 0.1445933 0.1542152 0.1563147 0.0542556 0.0000010 0.0009605 0.0009605 0.0004803 0.0000000 0.0009611 0.0009605 0.0004796 0.0983335 0.1154864 0.1434737 0.0460283 0.1185028 0.1262768 0.1231281 0.1200387 0.1049481 0.1301364 0.1124663 0.1403580 0.1433572 0.0135264 0.1248848 0.1156671 0.1292197 0.0084046 0.1333185 0.1453363 0.1080062 0.1036920 0.1421178 0.2545293 0.1352202 0.1373913 0.2297123 0.1327737 0.1059899 0.1343425 0.2496533 0.2418850 0.2085434 0.1529681 0.1333185 
LC149634/JPN/pig/2010/O/SEA/Unknown             0.1216364 0.0093716 0.0155987 0.1129522 0.1143796 0.1149957 0.1162134 0.1168512 0.1132954 0.0555373 0.0574665 0.0567877 0.0615376 0.0568629 0.0567314 0.0593208 0.1571302 0.1263947 0.1551254 0.1112640 0.1186671 0.1210827 0.1205864 0.0114060 0.1174978 0.1341928 0.1234987 0.0403575 0.1591503 0.1486024 0.1178198 0.1488373 0.1131970 0.1130891 0.1447660 0.1544033 0.1565069 0.0542992 0.0009611 0.0019269 0.0019269 0.0014455 0.0009611 0.0000000 0.0009611 0.0014433 0.0984327 0.1156095 0.1436458 0.0460639 0.1186323 0.1264151 0.1232626 0.1201630 0.1050557 0.1291925 0.1125881 0.1405224 0.1435188 0.0135352 0.1250231 0.1157898 0.1293616 0.0094229 0.1334662 0.1455006 0.1081150 0.1038002 0.1422912 0.2548617 0.1353705 0.1375449 0.2300133 0.1329201 0.1061008 0.1344917 0.2499797 0.2422004 0.2088124 0.1531466 0.1334662 
LC149633/JPN/pig/2010/O/SEA/Unknown             0.1198170 0.0083591 0.0145465 0.1111691 0.1125939 0.1148730 0.1160897 0.1150509 0.1115013 0.0542384 0.0561568 0.0554827 0.0602013 0.0555554 0.0554279 0.0580026 0.1549350 0.1244761 0.1529396 0.1094918 0.1168432 0.1192485 0.1187059 0.0103819 0.1156868 0.1322813 0.1216179 0.0391548 0.1570720 0.1464789 0.1160145 0.1467100 0.1114218 0.1113024 0.1426740 0.1522368 0.1543152 0.0530061 0.0009605 0.0019257 0.0019257 0.0014446 0.0009605 0.0009611 0.0000000 0.0004796 0.0967628 0.1138109 0.1415489 0.0448208 0.1167827 0.1245449 0.1214030 0.1184079 0.1033467 0.1283693 0.1107684 0.1384825 0.1415477 0.0124932 0.1231342 0.1140007 0.1274774 0.0084046 0.1315547 0.1435188 0.1064303 0.1020622 0.1401629 0.2520884 0.1334483 0.1356063 0.2273579 0.1310192 0.1043546 0.1325735 0.2472284 0.2394974 0.2062992 0.1510773 0.1315547 
LC149628/JPN/pig/2010/O/SEA/Unknown             0.1206528 0.0078572 0.0140266 0.1119924 0.1134177 0.1157061 0.1169219 0.1158802 0.1123295 0.0548614 0.0567842 0.0561081 0.0608396 0.0561820 0.0560526 0.0586332 0.1559241 0.1253550 0.1539255 0.1103110 0.1176825 0.1200913 0.1195702 0.0098747 0.1165207 0.1331531 0.1224810 0.0397380 0.1580076 0.1474399 0.1168457 0.1476726 0.1122414 0.1121273 0.1436226 0.1532143 0.1553030 0.0536269 0.0004796 0.0014424 0.0014424 0.0009618 0.0004796 0.0014433 0.0004796 0.0000000 0.0975408 0.1146401 0.1425003 0.0454211 0.1176338 0.1254016 0.1222564 0.1192149 0.1041397 0.1292433 0.1116088 0.1394096 0.1424422 0.0130084 0.1240002 0.1148254 0.1283391 0.0078999 0.1324269 0.1444172 0.1072106 0.1028692 0.1411291 0.2532916 0.1343244 0.1364889 0.2285189 0.1318868 0.1051643 0.1334483 0.2484237 0.2406745 0.2074063 0.1520116 0.1324269 
