109
JF749864/ZWE/Unknown/2003/SAT2/I/Unknown           0.0000000 0.6206177 0.1794391 0.8094067 0.7338296 0.7314383 0.7919076 0.7930681 0.7915571 0.7931082 0.7950583 0.7964301 0.7923548 0.7938251 0.7921656 0.1616513 0.1597825 0.8381169 0.8363924 0.8386593 0.8390845 0.8446807 0.8454898 0.8315108 0.1614359 0.8678703 0.8157898 0.8436166 0.1678768 0.1512104 0.1872719 0.1915916 0.1309974 0.1340630 0.1315377 0.1315182 0.1834644 0.8130529 0.8173667 0.6411797 0.5949527 0.7629876 0.1509673 0.1773567 0.7549520 0.1710887 0.1688871 0.1799712 0.1771185 0.1792634 0.1682987 0.1721577 0.1762816 0.1728878 0.1650743 0.1811475 0.1729365 0.1654720 0.1724071 0.1667588 0.1653786 0.1726304 0.1774022 0.1596358 0.1671559 0.1761930 0.1719987 0.1720504 0.1723704 0.1716763 0.1666121 0.1752269 0.1654596 0.1563738 0.1717158 0.1621555 0.1748458 0.1711125 0.1632986 0.1646376 0.1703035 0.1708123 0.1712916 0.1710155 0.1710885 0.1710155 0.1696931 0.1696931 0.1696179 0.1696179 0.1699022 0.1699397 0.1748248 0.1748248 0.1751104 0.1751465 0.1725717 0.1725717 0.1728470 0.1734902 0.1746089 0.1746089 0.1750491 0.1750742 0.1750491 0.1748937 0.1724591 0.1724591 0.1727335 
JF749862/UGA/Unknown/2002/SAT2/X/Unknown           0.6206177 0.0000000 0.6110832 0.5216513 0.4329655 0.4325272 0.5048956 0.5059936 0.5042223 0.5060207 0.5041442 0.5078791 0.5041206 0.5066508 0.5037760 0.6494803 0.5901878 0.5289988 0.5244833 0.5279511 0.5271135 0.5247518 0.5319531 0.5224236 0.6065074 0.5503787 0.5268320 0.5128232 0.5794914 0.6071995 0.6288853 0.6391971 0.6154194 0.6066855 0.6280222 0.6466895 0.6151915 0.5192814 0.5289210 0.0749682 0.1540404 0.4091258 0.5790049 0.6210467 0.4215029 0.6094026 0.5992586 0.5833608 0.5908991 0.6030157 0.6054174 0.5773490 0.5950941 0.5903581 0.6004765 0.6012568 0.5891971 0.5984711 0.5791227 0.5797707 0.5976395 0.5900077 0.5939117 0.5912833 0.5926164 0.6042062 0.5878230 0.5895488 0.5871012 0.5907608 0.5928803 0.5908794 0.5928064 0.5802945 0.5874886 0.5943992 0.5962875 0.5865990 0.5827849 0.6045877 0.5875290 0.5961286 0.5960543 0.5955608 0.5966226 0.5955608 0.5942910 0.5942910 0.6058477 0.6058477 0.6059618 0.6064745 0.5859583 0.5859583 0.5854701 0.5865708 0.5936865 0.5936865 0.5941785 0.5789010 0.5867701 0.5867701 0.5880452 0.5881460 0.5880452 0.5872861 0.5935618 0.5935618 0.5940526 
JF749861/KEN/Unknown/2002/SAT2/IV/Unknown          0.1794391 0.6110832 0.0000000 0.8107602 0.7157900 0.7665579 0.7918581 0.7914470 0.7900536 0.7915751 0.7979213 0.7957841 0.7901072 0.7919700 0.7894772 0.1982529 0.1663194 0.8485587 0.8416044 0.8411444 0.8415737 0.8495050 0.8491883 0.8313766 0.0979605 0.8565823 0.8109022 0.8376652 0.0819901 0.1842537 0.1847260 0.1263247 0.1786968 0.1798365 0.1793754 0.1769467 0.0945895 0.8092639 0.8164375 0.6156982 0.5983479 0.7969279 0.1710635 0.1723196 0.7928795 0.1084925 0.0887810 0.0872120 0.0897089 0.0912837 0.0885257 0.0979539 0.0946564 0.0916982 0.0865735 0.1010960 0.0915013 0.0885928 0.0908370 0.0823129 0.0876058 0.0864095 0.0946617 0.0820564 0.0902126 0.1006686 0.0932753 0.0930290 0.0919679 0.0938548 0.0848423 0.0944693 0.0861732 0.0833704 0.0926440 0.0860022 0.0963503 0.0915445 0.0870821 0.0868023 0.0829490 0.0883297 0.0884844 0.0882797 0.0885345 0.0882797 0.0870173 0.0870173 0.0935587 0.0935587 0.0937722 0.0937885 0.0950636 0.0950636 0.0948548 0.0952927 0.0844324 0.0844324 0.0846326 0.0899596 0.0909147 0.0909147 0.0911821 0.0911924 0.0911821 0.0911258 0.0896508 0.0896508 0.0898563 
KC440884/EGY/Unknown/2012/SAT2/VII/Unknown         0.8094067 0.5216513 0.8107602 0.0000000 0.3104913 0.3314741 0.1041589 0.1041180 0.1050025 0.1043349 0.1053498 0.1054145 0.1048270 0.1049744 0.1047907 0.8366887 0.8163988 0.1280871 0.1270206 0.1294398 0.1297235 0.1304273 0.1303851 0.1220347 0.7959966 0.1545100 0.0038948 0.1147449 0.7775905 0.8192976 0.8170974 0.8175723 0.8022440 0.8110612 0.8068468 0.8242631 0.8011618 0.0040361 0.0049117 0.5222302 0.5263460 0.3330585 0.8158056 0.8251151 0.3335344 0.7943585 0.8094503 0.8034080 0.8310767 0.8247497 0.8164896 0.7948838 0.7784548 0.7767275 0.7912784 0.7776666 0.7750131 0.8143950 0.7827721 0.7842892 0.7801544 0.7790742 0.7899230 0.7763976 0.7931024 0.8281377 0.7719075 0.7756171 0.7729815 0.7744218 0.7836173 0.7703376 0.8060167 0.7681389 0.7717831 0.7976294 0.7813337 0.7745100 0.7885589 0.7911478 0.7840937 0.7956641 0.7954364 0.7948606 0.7962405 0.7948606 0.7880789 0.7880789 0.7969313 0.7969313 0.7970584 0.7976759 0.7912875 0.7912875 0.7907150 0.7905456 0.7923062 0.7923062 0.7928823 0.7758188 0.7729093 0.7729093 0.7719265 0.7741655 0.7745182 0.7735065 0.7810348 0.7810348 0.7816021 
OQ557397/ETH/cow/2022/SAT2/XIV/Unknown             0.7338296 0.4329655 0.7157900 0.3104913 0.0000000 0.1730149 0.2994312 0.2996309 0.2994541 0.3000016 0.3013934 0.3019085 0.2992634 0.3010473 0.2998243 0.7530020 0.7259785 0.3111185 0.3096811 0.3119799 0.3121915 0.3136759 0.3153125 0.3174826 0.7097173 0.3307139 0.3120384 0.3154518 0.7177261 0.7265745 0.7471405 0.7490030 0.7295041 0.7216108 0.7414773 0.7483952 0.7203791 0.3095815 0.3133295 0.4576910 0.4527863 0.2837501 0.7068681 0.7398759 0.2915723 0.7229801 0.7250972 0.7124676 0.7324184 0.7428259 0.7305689 0.7148032 0.7183533 0.7184560 0.7077323 0.7269786 0.7173799 0.7375935 0.7198722 0.7202112 0.7000316 0.7174516 0.7185041 0.7178920 0.7225684 0.7361039 0.7171151 0.7261303 0.7156290 0.7183696 0.7092455 0.7140132 0.7153544 0.6913763 0.7167215 0.7003161 0.7222349 0.7155160 0.6950478 0.7060765 0.7084930 0.7193157 0.7191489 0.7186024 0.7198627 0.7186024 0.7158554 0.7158554 0.7241345 0.7241345 0.7247156 0.7248381 0.7229895 0.7229895 0.7224420 0.7236898 0.7173865 0.7173865 0.7179338 0.7134562 0.7229756 0.7229756 0.7245062 0.7246224 0.7240295 0.7235557 0.7212401 0.7212401 0.7217870 
OQ557396/ETH/cattle/1991/SAT2/XIV/Unknown          0.7314383 0.4325272 0.7665579 0.3314741 0.1730149 0.0000000 0.3225144 0.3235422 0.3225229 0.3239230 0.3240843 0.3246915 0.3223408 0.3249847 0.3229029 0.8116392 0.7311732 0.3465021 0.3449510 0.3459218 0.3461472 0.3480902 0.3481973 0.3383377 0.7560352 0.3398975 0.3351969 0.3400124 0.7481977 0.7688218 0.7829589 0.7826022 0.7544850 0.7706941 0.7374692 0.7623220 0.7888093 0.3317277 0.3340080 0.4520690 0.4515771 0.2979201 0.7434571 0.7689769 0.3035399 0.7675734 0.7724528 0.7594921 0.7850088 0.7885043 0.7726838 0.7712381 0.7661864 0.7634994 0.7518683 0.7741523 0.7565716 0.7667732 0.7534890 0.7449106 0.7550525 0.7595236 0.7626991 0.7581875 0.7603121 0.7690600 0.7632427 0.7636924 0.7590445 0.7562029 0.7560930 0.7598068 0.7555961 0.7378955 0.7616488 0.7516825 0.7678276 0.7593612 0.7377060 0.7537313 0.7515742 0.7627775 0.7625739 0.7620037 0.7633483 0.7620037 0.7598882 0.7598882 0.7685562 0.7685562 0.7686836 0.7692959 0.7598104 0.7598104 0.7592437 0.7605400 0.7591772 0.7591772 0.7597453 0.7583313 0.7621069 0.7621069 0.7637221 0.7638429 0.7637221 0.7627091 0.7559061 0.7559061 0.7564720 
OQ401874/NER/cattle/2020/SAT2/VII/Unknown          0.7919076 0.5048956 0.7918581 0.1041589 0.2994312 0.3225144 0.0000000 0.0014332 0.0008585 0.0015771 0.0015772 0.0014334 0.0008585 0.0018654 0.0007152 0.8295164 0.8048087 0.1251501 0.1253993 0.1267358 0.1270177 0.1272128 0.1278897 0.1196384 0.7790871 0.1556133 0.1063033 0.1137241 0.7739155 0.8042565 0.8217510 0.7992231 0.7865986 0.7965614 0.8155710 0.8216417 0.7972628 0.1053612 0.1068671 0.5180370 0.5083728 0.3303216 0.8030906 0.7951396 0.3331414 0.7936550 0.7931140 0.7832034 0.8057299 0.8155405 0.7934474 0.7906521 0.7734519 0.7698817 0.7733387 0.7744755 0.7705759 0.7982629 0.7711322 0.7713709 0.7615260 0.7644588 0.7705541 0.7621354 0.7813248 0.8114738 0.7673940 0.7740459 0.7668053 0.7668604 0.7664985 0.7636923 0.7881317 0.7585352 0.7672693 0.7787142 0.7789209 0.7688329 0.7873050 0.7699632 0.7745897 0.7782403 0.7788138 0.7782403 0.7788138 0.7782403 0.7697520 0.7697520 0.7845271 0.7845271 0.7846542 0.7852687 0.7789051 0.7789051 0.7783340 0.7796430 0.7893702 0.7893702 0.7899468 0.7637261 0.7582669 0.7582669 0.7572959 0.7595106 0.7598624 0.7588628 0.7683452 0.7683452 0.7689113 
OQ401873/NER/cattle/2020/SAT2/VII/Unknown          0.7930681 0.5059936 0.7914470 0.1041180 0.2996309 0.3235422 0.0014332 0.0000000 0.0014332 0.0001428 0.0018647 0.0017208 0.0014332 0.0004288 0.0012895 0.8285513 0.8037931 0.1250466 0.1252956 0.1266307 0.1269124 0.1271072 0.1277835 0.1190974 0.7791524 0.1550170 0.1062612 0.1131963 0.7748639 0.8026184 0.8233691 0.7996111 0.7877606 0.7983296 0.8134142 0.8240038 0.7973395 0.1053197 0.1063523 0.5173035 0.5085541 0.3287214 0.8002564 0.7961150 0.3322810 0.7940287 0.7931879 0.7832708 0.8058115 0.8156277 0.7935214 0.7913164 0.7733103 0.7697378 0.7743732 0.7743357 0.7704324 0.8004392 0.7720735 0.7717251 0.7636141 0.7653904 0.7714938 0.7642280 0.7834588 0.8097401 0.7672487 0.7739047 0.7666597 0.7667146 0.7669371 0.7635445 0.7891886 0.7607083 0.7671239 0.7797578 0.7787826 0.7686885 0.7879666 0.7709928 0.7767147 0.7792830 0.7798571 0.7792830 0.7798571 0.7792830 0.7701936 0.7701936 0.7854853 0.7854853 0.7856126 0.7862279 0.7798570 0.7798570 0.7792851 0.7805958 0.7927175 0.7927175 0.7932954 0.7646569 0.7591887 0.7591887 0.7582160 0.7604356 0.7607877 0.7597853 0.7692816 0.7692816 0.7698483 
OQ401872/NER/cattle/2020/SAT2/VII/Unknown          0.7915571 0.5042223 0.7900536 0.1050025 0.2994541 0.3225229 0.0008585 0.0014332 0.0000000 0.0015770 0.0018655 0.0017215 0.0000010 0.0018644 0.0004285 0.8299024 0.8054819 0.1254996 0.1257489 0.1270852 0.1273673 0.1275623 0.1282392 0.1195409 0.7773067 0.1555246 0.1071534 0.1140689 0.7730277 0.8034225 0.8208034 0.7989074 0.7869954 0.7969534 0.8159604 0.8225588 0.7959559 0.1062075 0.1077159 0.5164299 0.5074418 0.3301630 0.8022570 0.7948270 0.3329806 0.7927458 0.7913082 0.7814220 0.8038995 0.8136963 0.7916414 0.7888481 0.7726553 0.7690887 0.7725393 0.7736794 0.7697819 0.7973471 0.7702508 0.7704889 0.7606579 0.7635858 0.7696741 0.7612652 0.7804317 0.8096247 0.7666042 0.7732486 0.7660161 0.7660701 0.7657061 0.7629055 0.7873136 0.7577553 0.7664795 0.7779074 0.7781184 0.7680414 0.7855064 0.7691679 0.7737025 0.7774806 0.7780071 0.7774342 0.7780538 0.7774342 0.7689557 0.7689557 0.7836309 0.7836309 0.7837579 0.7843716 0.7780144 0.7780144 0.7774439 0.7787514 0.7884649 0.7884649 0.7890409 0.7628538 0.7574024 0.7574024 0.7564330 0.7586444 0.7589958 0.7579977 0.7674691 0.7674691 0.7680346 
OQ401871/NER/cattle/2020/SAT2/VII/Unknown          0.7931082 0.5060207 0.7915751 0.1043349 0.3000016 0.3239230 0.0015771 0.0001428 0.0015770 0.0000000 0.0020089 0.0018649 0.0015770 0.0005720 0.0014332 0.8285929 0.8038335 0.1252757 0.1255248 0.1268604 0.1271423 0.1273372 0.1280138 0.1193223 0.7791922 0.1552700 0.1060483 0.1129810 0.7749036 0.8026589 0.8234997 0.7996516 0.7878007 0.7983699 0.8134552 0.8240454 0.7974683 0.1055373 0.1065703 0.5173310 0.5085813 0.3291039 0.8002969 0.7961553 0.3326661 0.7940689 0.7933160 0.7833979 0.8059404 0.8157569 0.7936495 0.7913566 0.7734368 0.7698642 0.7745002 0.7744620 0.7705588 0.8005678 0.7722000 0.7718517 0.7637398 0.7655164 0.7716201 0.7643539 0.7835859 0.8098698 0.7673749 0.7740312 0.7667858 0.7668409 0.7670638 0.7636707 0.7893168 0.7608341 0.7672501 0.7798854 0.7789094 0.7688147 0.7880946 0.7711196 0.7768417 0.7794105 0.7799846 0.7794105 0.7799846 0.7794105 0.7703206 0.7703206 0.7856126 0.7856126 0.7857398 0.7863552 0.7799840 0.7799840 0.7794121 0.7807229 0.7928456 0.7928456 0.7934235 0.7647829 0.7593141 0.7593141 0.7583413 0.7605612 0.7609133 0.7599108 0.7694076 0.7694076 0.7699743 
OQ401869/NER/cattle/2020/SAT2/VII/Unknown          0.7950583 0.5041442 0.7979213 0.1053498 0.3013934 0.3240843 0.0015772 0.0018647 0.0018655 0.0020089 0.0000000 0.0018650 0.0018655 0.0022977 0.0017215 0.8320651 0.8043127 0.1253997 0.1256487 0.1269840 0.1272658 0.1274606 0.1281370 0.1201809 0.7806299 0.1562338 0.1075021 0.1142629 0.7784110 0.8056209 0.8246080 0.8037255 0.7913429 0.8005510 0.8166568 0.8270773 0.8032841 0.1065552 0.1080637 0.5200068 0.5111542 0.3315654 0.8057910 0.7985341 0.3343911 0.7975278 0.7991803 0.7892013 0.8118617 0.8217059 0.7995138 0.7946123 0.7751925 0.7716167 0.7765630 0.7762145 0.7723126 0.8013395 0.7729566 0.7726085 0.7644041 0.7661826 0.7722889 0.7650193 0.7843474 0.8136918 0.7691239 0.7757876 0.7685341 0.7685916 0.7692040 0.7654178 0.7914077 0.7629544 0.7689989 0.7820479 0.7806707 0.7705654 0.7927546 0.7732637 0.7776019 0.7814840 0.7820589 0.7814840 0.7820589 0.7814840 0.7724667 0.7724667 0.7889551 0.7889551 0.7890825 0.7896995 0.7807444 0.7807444 0.7801724 0.7814836 0.7939210 0.7939210 0.7944993 0.7654489 0.7614287 0.7614287 0.7604533 0.7626775 0.7630302 0.7620261 0.7700735 0.7700735 0.7706405 
OQ401868/NER/cattle/2020/SAT2/VII/Unknown          0.7964301 0.5078791 0.7957841 0.1054145 0.3019085 0.3246915 0.0014334 0.0017208 0.0017215 0.0018649 0.0018650 0.0000000 0.0017215 0.0021535 0.0015776 0.8274799 0.8044833 0.1261711 0.1264206 0.1277580 0.1280406 0.1282358 0.1289134 0.1197086 0.7819900 0.1565600 0.1075685 0.1142496 0.7778697 0.8045063 0.8243442 0.8022702 0.7897228 0.7990167 0.8166256 0.8254980 0.8017368 0.1066208 0.1081302 0.5201219 0.5118108 0.3313942 0.8048512 0.7979684 0.3342181 0.7969816 0.7975552 0.7870852 0.8097033 0.8195378 0.7978887 0.7925661 0.7746543 0.7710794 0.7745453 0.7756780 0.7717749 0.8022114 0.7738018 0.7734537 0.7653265 0.7656474 0.7717518 0.7659437 0.7852019 0.8137490 0.7685875 0.7752492 0.7679979 0.7680547 0.7671082 0.7663445 0.7893633 0.7623333 0.7684626 0.7799310 0.7786550 0.7700286 0.7906222 0.7711643 0.7784525 0.7794560 0.7800303 0.7794560 0.7800303 0.7794560 0.7703653 0.7703653 0.7899005 0.7899005 0.7900280 0.7906456 0.7801167 0.7801167 0.7795448 0.7808557 0.7932873 0.7932873 0.7938655 0.7649138 0.7594443 0.7594443 0.7584713 0.7606914 0.7610426 0.7600410 0.7695388 0.7695388 0.7701046 
OQ401867/NER/cattle/2020/SAT2/VII/Unknown          0.7923548 0.5041206 0.7901072 0.1048270 0.2992634 0.3223408 0.0008585 0.0014332 0.0000010 0.0015770 0.0018655 0.0017215 0.0000000 0.0018653 0.0004287 0.8299796 0.8055443 0.1253214 0.1255706 0.1269070 0.1271891 0.1273841 0.1280611 0.1193640 0.7773530 0.1553389 0.1069773 0.1138929 0.7730715 0.8034838 0.8208752 0.7989661 0.7870474 0.7970108 0.8160293 0.8226319 0.7960131 0.1060318 0.1075402 0.5163351 0.5073421 0.3299841 0.8023177 0.7948833 0.3328023 0.7928009 0.7913625 0.7814703 0.8039611 0.8137634 0.7916959 0.7889011 0.7726988 0.7691301 0.7725829 0.7737232 0.7698237 0.7974049 0.7702929 0.7705311 0.7606944 0.7636241 0.7697158 0.7613022 0.7804796 0.8096899 0.7666442 0.7732924 0.7660558 0.7661098 0.7657458 0.7629434 0.7873658 0.7577903 0.7665195 0.7779541 0.7781649 0.7680822 0.7855575 0.7692095 0.7737467 0.7774806 0.7780538 0.7774806 0.7780538 0.7774806 0.7689972 0.7689972 0.7836807 0.7836807 0.7838077 0.7844218 0.7780610 0.7780610 0.7774901 0.7787984 0.7885176 0.7885176 0.7890939 0.7628917 0.7574370 0.7574370 0.7564670 0.7586797 0.7590313 0.7580327 0.7675094 0.7675094 0.7680753 
OQ401866/NER/cattle/2020/SAT2/VII/Unknown          0.7938251 0.5066508 0.7919700 0.1049744 0.3010473 0.3249847 0.0018654 0.0004288 0.0018644 0.0005720 0.0022977 0.0021535 0.0018653 0.0000000 0.0017205 0.8290682 0.8043113 0.1259507 0.1262002 0.1275370 0.1278194 0.1280145 0.1286918 0.1199851 0.7796780 0.1560137 0.1071245 0.1140700 0.7763649 0.8031380 0.8238871 0.8016402 0.7870969 0.7982312 0.8127249 0.8245234 0.7988562 0.1057488 0.1072131 0.5180363 0.5092869 0.3297155 0.8007772 0.7966366 0.3328889 0.7960483 0.7937102 0.7837937 0.8063312 0.8161441 0.7940435 0.7918398 0.7732270 0.7696567 0.7742890 0.7742520 0.7703508 0.8009601 0.7725990 0.7722510 0.7641402 0.7659170 0.7720190 0.7647546 0.7833694 0.8112649 0.7671691 0.7738210 0.7665804 0.7666352 0.7668574 0.7634671 0.7890952 0.7606328 0.7670444 0.7796702 0.7786961 0.7686080 0.7884909 0.7709107 0.7782140 0.7792431 0.7797695 0.7791957 0.7798172 0.7791957 0.7701119 0.7701119 0.7860076 0.7860076 0.7861347 0.7867500 0.7803810 0.7803810 0.7798093 0.7811197 0.7942263 0.7942263 0.7948044 0.7651837 0.7597159 0.7597159 0.7587432 0.7609617 0.7613138 0.7603123 0.7698055 0.7698055 0.7703721 
OQ401865/NER/cattle/2020/SAT2/VII/Unknown          0.7921656 0.5037760 0.7894772 0.1047907 0.2998243 0.3229029 0.0007152 0.0012895 0.0004285 0.0014332 0.0017215 0.0015776 0.0004287 0.0017205 0.0000000 0.8293086 0.8049016 0.1248251 0.1250740 0.1264091 0.1266906 0.1268855 0.1275617 0.1193221 0.7779129 0.1552797 0.1069401 0.1138532 0.7724570 0.8040382 0.8214291 0.7983275 0.7864191 0.7963765 0.8153725 0.8219662 0.7965713 0.1059951 0.1075029 0.5169032 0.5069960 0.3305460 0.8016760 0.7954395 0.3333660 0.7921692 0.7919194 0.7808507 0.8033182 0.8131129 0.7922526 0.7894593 0.7720872 0.7685215 0.7719692 0.7731119 0.7692143 0.7967680 0.7696832 0.7699209 0.7600951 0.7630211 0.7691072 0.7607014 0.7798606 0.8102459 0.7660381 0.7726803 0.7654503 0.7655034 0.7651379 0.7623400 0.7867369 0.7571925 0.7659135 0.7773343 0.7775485 0.7674748 0.7861166 0.7685991 0.7731325 0.7769075 0.7774342 0.7768614 0.7774806 0.7768614 0.7683861 0.7683861 0.7830590 0.7830590 0.7831859 0.7837994 0.7774439 0.7774439 0.7768735 0.7781806 0.7878891 0.7878891 0.7884649 0.7622893 0.7568407 0.7568407 0.7558718 0.7580819 0.7584332 0.7574358 0.7669037 0.7669037 0.7674691 
MW355673/ZWE/cattle/1989/SAT2/II/Unknown           0.1616513 0.6494803 0.1982529 0.8366887 0.7530020 0.8116392 0.8295164 0.8285513 0.8299024 0.8285929 0.8320651 0.8274799 0.8299796 0.8290682 0.8293086 0.0000000 0.1953511 0.8547715 0.8536586 0.8568179 0.8572545 0.8625491 0.8638292 0.8443767 0.1883148 0.8838882 0.8472898 0.8646397 0.1916002 0.2054892 0.1988262 0.2203991 0.0810325 0.0873132 0.1496652 0.1516183 0.2144563 0.8365208 0.8465210 0.6553899 0.6315279 0.7877943 0.1923942 0.1910369 0.7896634 0.1951733 0.1968150 0.1978001 0.2028668 0.2071210 0.2018965 0.1900692 0.2016460 0.1984692 0.1968971 0.2069764 0.2005582 0.1920068 0.1933605 0.1866443 0.1939841 0.1904722 0.1966221 0.1798394 0.1996025 0.1915325 0.1989669 0.1995597 0.1986752 0.1972968 0.2018743 0.2025182 0.1978574 0.1854392 0.1986638 0.1958548 0.2015602 0.1984116 0.1903774 0.1983171 0.1957705 0.2023502 0.2024975 0.2022000 0.2026479 0.2022000 0.2047294 0.2047294 0.1942671 0.1942671 0.1945711 0.1946155 0.1950522 0.1950522 0.1950587 0.1953981 0.1993293 0.1993293 0.1996230 0.1926571 0.1916615 0.1916615 0.1918815 0.1921732 0.1921444 0.1919628 0.1920183 0.1920183 0.1923095 
MW355671/MOZ/Unknown/1970/SAT2/I/Unknown           0.1597825 0.5901878 0.1663194 0.8163988 0.7259785 0.7311732 0.8048087 0.8037931 0.8054819 0.8038335 0.8043127 0.8044833 0.8055443 0.8043113 0.8049016 0.1953511 0.0000000 0.8055849 0.8045205 0.8074182 0.8090257 0.8166139 0.8157670 0.8062457 0.1534881 0.8344402 0.8266508 0.8099311 0.1518815 0.1104669 0.1674176 0.1865286 0.1650100 0.1633292 0.1682400 0.1657692 0.1734107 0.8191956 0.8254463 0.6038711 0.5970879 0.7565889 0.0864726 0.1608250 0.7426738 0.1574208 0.1646789 0.1618656 0.1650427 0.1656684 0.1644650 0.1610010 0.1595218 0.1573424 0.1557972 0.1672319 0.1578933 0.1575643 0.1535611 0.1505461 0.1532818 0.1566825 0.1588367 0.1451804 0.1553441 0.1602593 0.1577139 0.1578347 0.1575249 0.1554170 0.1554261 0.1614867 0.1540567 0.1452770 0.1574407 0.1503242 0.1593440 0.1563934 0.1590562 0.1540096 0.1588070 0.1551585 0.1553178 0.1550515 0.1554250 0.1550515 0.1579436 0.1579436 0.1579643 0.1579643 0.1576968 0.1582755 0.1575735 0.1575735 0.1573089 0.1578790 0.1604491 0.1604491 0.1607167 0.1585735 0.1592511 0.1592511 0.1596613 0.1596835 0.1596613 0.1595256 0.1561350 0.1561350 0.1558620 
MW715629/NER/cow/2017/SAT2/VII/Unknown             0.8381169 0.5289988 0.8485587 0.1280871 0.3111185 0.3465021 0.1251501 0.1250466 0.1254996 0.1252757 0.1253997 0.1261711 0.1253214 0.1259507 0.1248251 0.8547715 0.8055849 0.0000000 0.0008594 0.0046278 0.0047752 0.0059566 0.0053655 0.0613540 0.8210380 0.1728703 0.1310045 0.0342622 0.8182682 0.8106602 0.8306891 0.8523561 0.8386311 0.8270266 0.8292637 0.8606630 0.8387606 0.1290557 0.1308889 0.5298923 0.5408873 0.3420990 0.8263540 0.8143130 0.3460810 0.8292419 0.8495980 0.8293019 0.8647728 0.8550752 0.8376320 0.8345935 0.8249771 0.8217904 0.8343885 0.8258292 0.8193477 0.8425332 0.8241463 0.8221626 0.8064284 0.8183078 0.8281281 0.8175501 0.8334916 0.8577728 0.8207577 0.8256904 0.8164015 0.8231132 0.8336634 0.8196738 0.8428665 0.8081624 0.8191003 0.8328862 0.8265535 0.8154687 0.8292896 0.8314972 0.8245143 0.8269672 0.8267114 0.8261181 0.8275612 0.8261181 0.8365031 0.8365031 0.8307262 0.8307262 0.8307676 0.8314972 0.8286399 0.8286399 0.8280496 0.8294094 0.8359932 0.8359932 0.8365896 0.8200674 0.8187790 0.8187790 0.8177300 0.8201118 0.8204789 0.8193988 0.8121967 0.8121967 0.8127799 
MW715628/NER/cow/2017/SAT2/VII/Unknown             0.8363924 0.5244833 0.8416044 0.1270206 0.3096811 0.3449510 0.1253993 0.1252956 0.1257489 0.1255248 0.1256487 0.1264206 0.1255706 0.1262002 0.1250740 0.8536586 0.8045205 0.0008594 0.0000000 0.0037470 0.0038934 0.0050663 0.0044797 0.0608517 0.8198166 0.1720089 0.1299208 0.0331983 0.8115299 0.8107895 0.8289698 0.8453760 0.8374493 0.8271564 0.8275433 0.8595476 0.8346949 0.1279842 0.1298083 0.5253775 0.5367708 0.3417306 0.8252701 0.8171923 0.3449527 0.8224506 0.8426488 0.8225212 0.8577209 0.8481036 0.8307765 0.8277533 0.8215715 0.8183939 0.8275498 0.8224240 0.8159591 0.8384677 0.8207443 0.8187664 0.7997300 0.8149305 0.8247164 0.8108486 0.8294669 0.8542275 0.8173665 0.8222819 0.8130247 0.8197069 0.8268337 0.8162836 0.8359514 0.8015208 0.8157148 0.8260406 0.8231423 0.8120950 0.8224866 0.8246785 0.8177482 0.8201622 0.8199124 0.8193225 0.8207527 0.8193225 0.8296516 0.8296516 0.8273019 0.8273019 0.8273432 0.8280703 0.8252217 0.8252217 0.8246331 0.8259885 0.8291370 0.8291370 0.8297299 0.8166840 0.8154068 0.8154068 0.8143630 0.8167336 0.8170996 0.8160248 0.8088422 0.8088422 0.8094237 
MW715627/NER/cow/2017/SAT2/VII/Unknown             0.8386593 0.5279511 0.8411444 0.1294398 0.3119799 0.3459218 0.1267358 0.1266307 0.1270852 0.1268604 0.1269840 0.1277580 0.1269070 0.1275370 0.1264091 0.8568179 0.8074182 0.0046278 0.0037470 0.0000000 0.0004288 0.0030231 0.0024432 0.0623146 0.8207774 0.1748937 0.1325857 0.0348589 0.8132938 0.8154982 0.8295205 0.8464803 0.8397545 0.8292678 0.8284450 0.8647110 0.8391901 0.1299521 0.1326941 0.5327815 0.5429141 0.3450219 0.8272847 0.8211956 0.3483332 0.8238062 0.8477820 0.8239916 0.8593336 0.8521754 0.8348140 0.8300697 0.8219459 0.8187691 0.8279246 0.8240957 0.8151291 0.8389295 0.8212064 0.8192289 0.7990052 0.8153939 0.8251785 0.8125155 0.8299293 0.8564902 0.8177417 0.8226563 0.8134007 0.8200824 0.8256690 0.8166593 0.8363257 0.8018992 0.8160903 0.8264166 0.8235164 0.8124712 0.8235820 0.8250538 0.8182131 0.8205392 0.8202892 0.8196995 0.8211296 0.8196995 0.8284825 0.8284825 0.8289777 0.8289777 0.8290190 0.8297466 0.8256832 0.8256832 0.8250948 0.8264500 0.8296010 0.8296010 0.8301937 0.8170589 0.8157810 0.8157810 0.8147372 0.8171078 0.8174736 0.8163988 0.8093062 0.8093062 0.8098876 
MW715626/NER/cow/2017/SAT2/VII/Unknown             0.8390845 0.5271135 0.8415737 0.1297235 0.3121915 0.3461472 0.1270177 0.1269124 0.1273673 0.1271423 0.1272658 0.1280406 0.1271891 0.1278194 0.1266906 0.8572545 0.8090257 0.0047752 0.0038934 0.0004288 0.0000000 0.0031689 0.0025884 0.0625218 0.8196626 0.1752360 0.1328729 0.0350373 0.8137114 0.8143918 0.8284030 0.8469118 0.8401809 0.8296892 0.8288677 0.8651502 0.8380590 0.1302364 0.1329806 0.5318648 0.5419914 0.3451761 0.8277065 0.8200853 0.3484888 0.8242265 0.8482131 0.8244114 0.8597694 0.8526073 0.8352391 0.8304934 0.8208361 0.8176613 0.8283475 0.8229856 0.8140240 0.8378022 0.8200984 0.8181222 0.7994143 0.8142912 0.8240674 0.8114134 0.8288113 0.8569263 0.8166354 0.8215458 0.8122978 0.8189719 0.8260908 0.8155530 0.8367532 0.8008049 0.8149853 0.8268400 0.8224053 0.8113690 0.8240031 0.8254756 0.8171032 0.8209603 0.8207099 0.8201200 0.8215508 0.8201200 0.8289055 0.8289055 0.8278629 0.8278629 0.8279041 0.8286311 0.8245702 0.8245702 0.8239832 0.8253363 0.8284797 0.8284797 0.8290720 0.8159548 0.8146803 0.8146803 0.8136379 0.8160055 0.8163711 0.8152977 0.8082092 0.8082092 0.8087902 
MW715624/NER/cow/2017/SAT2/VII/Unknown             0.8446807 0.5247518 0.8495050 0.1304273 0.3136759 0.3480902 0.1272128 0.1271072 0.1275623 0.1273372 0.1274606 0.1282358 0.1273841 0.1280145 0.1268855 0.8625491 0.8166139 0.0059566 0.0050663 0.0030231 0.0031689 0.0000000 0.0034592 0.0630783 0.8285801 0.1751662 0.1335831 0.0360903 0.8200024 0.8197522 0.8338540 0.8521475 0.8477676 0.8372802 0.8350213 0.8724875 0.8432245 0.1309411 0.1336893 0.5310786 0.5411843 0.3465591 0.8353630 0.8265042 0.3494116 0.8221956 0.8522049 0.8307295 0.8650536 0.8578466 0.8404907 0.8347017 0.8299757 0.8267825 0.8325190 0.8321278 0.8231212 0.8458621 0.8292292 0.8272413 0.8044801 0.8233685 0.8332187 0.8191880 0.8379334 0.8584844 0.8257443 0.8306916 0.8213763 0.8269001 0.8290346 0.8246611 0.8421910 0.8063107 0.8240821 0.8322417 0.8315569 0.8204410 0.8247173 0.8296389 0.8261528 0.8263411 0.8260864 0.8254949 0.8269332 0.8254949 0.8334033 0.8334033 0.8357378 0.8357378 0.8358682 0.8365111 0.8337372 0.8337372 0.8331456 0.8345091 0.8376286 0.8376286 0.8382245 0.8250445 0.8237419 0.8237419 0.8226876 0.8250808 0.8254487 0.8243631 0.8172368 0.8172368 0.8178212 
MW715623/NER/cow/2017/SAT2/VII/Unknown             0.8454898 0.5319531 0.8491883 0.1303851 0.3153125 0.3481973 0.1278897 0.1277835 0.1282392 0.1280138 0.1281370 0.1289134 0.1280611 0.1286918 0.1275617 0.8638292 0.8157670 0.0053655 0.0044797 0.0024432 0.0025884 0.0034592 0.0000000 0.0623219 0.8282596 0.1747012 0.1335399 0.0357459 0.8199119 0.8232765 0.8346530 0.8546528 0.8465143 0.8354017 0.8345982 0.8711099 0.8424857 0.1308988 0.1336462 0.5352928 0.5468821 0.3469391 0.8353226 0.8266637 0.3505617 0.8256584 0.8547058 0.8313359 0.8656950 0.8584795 0.8416420 0.8343832 0.8286756 0.8254821 0.8371692 0.8308288 0.8218208 0.8482553 0.8291457 0.8271565 0.8073479 0.8232805 0.8331369 0.8203951 0.8367195 0.8609143 0.8244446 0.8293911 0.8200770 0.8268142 0.8348898 0.8233606 0.8456622 0.8097095 0.8227826 0.8356725 0.8302564 0.8191418 0.8278729 0.8342752 0.8261553 0.8297482 0.8294904 0.8288969 0.8303424 0.8288969 0.8377289 0.8377289 0.8369672 0.8369672 0.8370089 0.8377417 0.8336565 0.8336565 0.8330646 0.8344289 0.8376388 0.8376388 0.8382351 0.8249576 0.8236545 0.8236545 0.8225996 0.8249941 0.8253623 0.8242761 0.8171449 0.8171449 0.8177297 
MW715622/NER/cow/2018/SAT2/VII/Unknown             0.8315108 0.5224236 0.8313766 0.1220347 0.3174826 0.3383377 0.1196384 0.1190974 0.1195409 0.1193223 0.1201809 0.1197086 0.1193640 0.1199851 0.1193221 0.8443767 0.8062457 0.0613540 0.0608517 0.0623146 0.0625218 0.0630783 0.0623219 0.0000000 0.8323704 0.1694257 0.1251962 0.0390325 0.7995928 0.8086746 0.8214367 0.8486640 0.8275950 0.8271161 0.8309546 0.8490792 0.8279079 0.1232180 0.1257334 0.5351876 0.5323492 0.3398160 0.8202418 0.8207915 0.3427117 0.8026501 0.8365356 0.8191428 0.8479730 0.8391997 0.8339021 0.8218055 0.8014332 0.7994800 0.8132541 0.8105159 0.7970687 0.8221451 0.8025496 0.8065973 0.7857101 0.7999177 0.8099402 0.7930262 0.8160427 0.8467015 0.7999819 0.8021339 0.7956794 0.8010192 0.8087794 0.7985853 0.8221077 0.7846353 0.7983462 0.8135191 0.8071292 0.7986547 0.8148421 0.8066338 0.8050180 0.8099120 0.8096697 0.8090811 0.8105012 0.8090811 0.8133008 0.8133008 0.8143281 0.8143281 0.8144576 0.8150909 0.8138603 0.8138603 0.8132740 0.8146226 0.8167192 0.8167192 0.8173097 0.7993714 0.7952315 0.7952315 0.7942100 0.7965336 0.7968957 0.7958438 0.7976837 0.7976837 0.7982630 
MT602092/KEN/cattle/2017/SAT2/IV/Unknown           0.1614359 0.6065074 0.0979605 0.7959966 0.7097173 0.7560352 0.7790871 0.7791524 0.7773067 0.7791922 0.7806299 0.7819900 0.7773530 0.7796780 0.7779129 0.1883148 0.1534881 0.8210380 0.8198166 0.8207774 0.8196626 0.8285801 0.8282596 0.8323704 0.0000000 0.8304097 0.8051286 0.8282047 0.1040709 0.1717654 0.1689605 0.1278955 0.1611951 0.1640350 0.1690527 0.1678353 0.1088054 0.7994281 0.8089077 0.6146361 0.5921218 0.7778262 0.1490019 0.1679252 0.7693176 0.1133971 0.1045523 0.1086159 0.1116597 0.1139464 0.1011056 0.0989925 0.1093276 0.1071411 0.1031181 0.1162052 0.1094605 0.1006208 0.1087452 0.1004224 0.1051308 0.1067844 0.1117254 0.0967719 0.1085245 0.1039556 0.1078518 0.1077205 0.1074379 0.1094161 0.1029929 0.1085624 0.1048957 0.0982338 0.1076289 0.1033978 0.1099990 0.1071762 0.1021409 0.1036062 0.1056880 0.1061780 0.1063331 0.1061154 0.1063959 0.1061154 0.1051292 0.1051292 0.1123169 0.1123169 0.1120960 0.1125647 0.1127849 0.1127849 0.1130119 0.1130311 0.1086388 0.1086388 0.1088564 0.1074027 0.1084679 0.1084679 0.1087651 0.1087780 0.1087651 0.1086924 0.1069949 0.1069949 0.1067716 
MT602090/ETH/cattle/2015/SAT2/VII/Unknown          0.8678703 0.5503787 0.8565823 0.1545100 0.3307139 0.3398975 0.1556133 0.1550170 0.1555246 0.1552700 0.1562338 0.1565600 0.1553389 0.1560137 0.1552797 0.8838882 0.8344402 0.1728703 0.1720089 0.1748937 0.1752360 0.1751662 0.1747012 0.1694257 0.8304097 0.0000000 0.1551658 0.1626208 0.8409231 0.8519027 0.8718687 0.8551547 0.8779106 0.8628274 0.8596663 0.8898556 0.8654456 0.1537615 0.1573570 0.5559353 0.5508345 0.3467806 0.8562802 0.8479791 0.3517296 0.8497765 0.8489641 0.8419575 0.8580082 0.8637212 0.8460719 0.8528262 0.8344820 0.8338723 0.8255701 0.8259021 0.8295636 0.8579288 0.8375219 0.8366045 0.8137205 0.8202217 0.8316640 0.8300213 0.8462566 0.8706272 0.8284677 0.8311219 0.8293860 0.8329806 0.8312102 0.8267686 0.8391662 0.8111420 0.8283383 0.8370571 0.8342965 0.8288252 0.8363052 0.8342209 0.8383830 0.8376554 0.8373921 0.8367981 0.8382500 0.8367981 0.8321232 0.8321232 0.8441314 0.8441314 0.8442626 0.8449108 0.8369783 0.8369783 0.8363839 0.8377545 0.8464967 0.8464967 0.8470949 0.8194016 0.8164572 0.8164572 0.8181569 0.8182812 0.8181569 0.8170775 0.8233976 0.8233976 0.8239861 
MT602089/EGY/cattle/2018/SAT2/VII/Unknown          0.8157898 0.5268320 0.8109022 0.0038948 0.3120384 0.3351969 0.1063033 0.1062612 0.1071534 0.1060483 0.1075021 0.1075685 0.1069773 0.1071245 0.1069401 0.8472898 0.8266508 0.1310045 0.1299208 0.1325857 0.1328729 0.1335831 0.1335399 0.1251962 0.8051286 0.1551658 0.0000000 0.1171294 0.7851273 0.8228991 0.8191929 0.8212311 0.8095843 0.8208413 0.8124119 0.8299385 0.8071931 0.0053586 0.0059484 0.5286621 0.5324091 0.3369397 0.8218151 0.8323771 0.3374385 0.7991569 0.8138965 0.8090086 0.8340943 0.8292735 0.8221821 0.7986426 0.7795692 0.7790085 0.7951134 0.7799484 0.7772882 0.8198721 0.7865554 0.7895591 0.7830480 0.7813588 0.7922492 0.7795809 0.7984238 0.8327523 0.7741709 0.7778938 0.7752484 0.7766970 0.7874134 0.7714292 0.8099313 0.7733124 0.7740461 0.8015009 0.7836305 0.7767825 0.7956308 0.7949819 0.7868026 0.7995244 0.7992933 0.7987150 0.8001034 0.7987150 0.7918973 0.7918973 0.8002065 0.8002065 0.8003343 0.8009550 0.7951994 0.7951994 0.7946245 0.7944539 0.7950538 0.7950538 0.7956321 0.7780915 0.7751679 0.7751679 0.7741806 0.7764296 0.7767836 0.7757671 0.7847992 0.7847992 0.7853690 
MN103523/NER/cow/2014/SAT2/VII/Unknown             0.8436166 0.5128232 0.8376652 0.1147449 0.3154518 0.3400124 0.1137241 0.1131963 0.1140689 0.1129810 0.1142629 0.1142496 0.1138929 0.1140700 0.1138532 0.8646397 0.8099311 0.0342622 0.0331983 0.0348589 0.0350373 0.0360903 0.0357459 0.0390325 0.8282047 0.1626208 0.1171294 0.0000000 0.8055747 0.8157462 0.8325876 0.8520413 0.8455575 0.8407024 0.8453391 0.8704667 0.8416601 0.1150279 0.1170026 0.5266069 0.5424138 0.3397325 0.8353816 0.8119264 0.3429317 0.8269799 0.8494758 0.8263136 0.8569426 0.8476716 0.8384871 0.8212152 0.8095539 0.8075982 0.8226147 0.8180349 0.8067820 0.8386008 0.8128722 0.8172945 0.8005907 0.8090819 0.8189353 0.8066308 0.8280083 0.8562454 0.8080973 0.8114593 0.8037842 0.8091565 0.8207779 0.8070147 0.8323419 0.7958631 0.8064571 0.8207760 0.8132599 0.8067652 0.8209407 0.8170951 0.8107726 0.8159285 0.8156820 0.8150932 0.8165180 0.8150932 0.8253276 0.8253276 0.8233843 0.8233843 0.8235138 0.8241497 0.8173206 0.8173206 0.8167349 0.8180826 0.8239450 0.8239450 0.8245363 0.8091375 0.8091668 0.8091668 0.8081314 0.8109717 0.8108483 0.8097822 0.8075117 0.8075117 0.8080924 
MN116692/KEN/cow/2014/SAT2/IV/Unknown              0.1678768 0.5794914 0.0819901 0.7775905 0.7177261 0.7481977 0.7739155 0.7748639 0.7730277 0.7749036 0.7784110 0.7778697 0.7730715 0.7763649 0.7724570 0.1916002 0.1518815 0.8182682 0.8115299 0.8132938 0.8137114 0.8200024 0.8199119 0.7995928 0.1040709 0.8409231 0.7851273 0.8055747 0.0000000 0.1722786 0.1689364 0.1260493 0.1679569 0.1687163 0.1663364 0.1553618 0.0973973 0.7798716 0.7881954 0.5830432 0.5753315 0.7789721 0.1601747 0.1649135 0.7796364 0.0873714 0.0734484 0.0681658 0.0712801 0.0729995 0.0756888 0.0993999 0.0576036 0.0545890 0.0562694 0.0620463 0.0572469 0.0425578 0.0487149 0.0489308 0.0567435 0.0519101 0.0578470 0.0483977 0.0525449 0.0988750 0.0549226 0.0554949 0.0543783 0.0588330 0.0620659 0.0562691 0.0561465 0.0516747 0.0547396 0.0519558 0.0586526 0.0541677 0.0910541 0.0560484 0.0357438 0.0598455 0.0599984 0.0598140 0.0600300 0.0598140 0.0642111 0.0642111 0.0572963 0.0572963 0.0571137 0.0574905 0.0519124 0.0519124 0.0520934 0.0521002 0.0415714 0.0415714 0.0417425 0.0542502 0.0531709 0.0531709 0.0533797 0.0533851 0.0533797 0.0533527 0.0522540 0.0522540 0.0524325 
MH053335/ZWE/cattle/1965/SAT2/I/Unknown            0.1512104 0.6071995 0.1842537 0.8192976 0.7265745 0.7688218 0.8042565 0.8026184 0.8034225 0.8026589 0.8056209 0.8045063 0.8034838 0.8031380 0.8040382 0.2054892 0.1104669 0.8106602 0.8107895 0.8154982 0.8143918 0.8197522 0.8232765 0.8086746 0.1717654 0.8519027 0.8228991 0.8157462 0.1722786 0.0000000 0.1900879 0.2048597 0.1761732 0.1766034 0.1787998 0.1809258 0.1822016 0.8242960 0.8276217 0.6235914 0.6103426 0.7912387 0.1118274 0.1788680 0.7780357 0.1746191 0.1778432 0.1820489 0.1761476 0.1818829 0.1821409 0.1768085 0.1746415 0.1727139 0.1750414 0.1819807 0.1759698 0.1768073 0.1709756 0.1719777 0.1712996 0.1751712 0.1825053 0.1604519 0.1733903 0.1793774 0.1718841 0.1768544 0.1722518 0.1731666 0.1757479 0.1751659 0.1736033 0.1596598 0.1716042 0.1689678 0.1737405 0.1715913 0.1717292 0.1730173 0.1738231 0.1745650 0.1747176 0.1744427 0.1748401 0.1744427 0.1783940 0.1783940 0.1759961 0.1759961 0.1762822 0.1763211 0.1750461 0.1750461 0.1750513 0.1753664 0.1762991 0.1762991 0.1765752 0.1750347 0.1754992 0.1754992 0.1759388 0.1759639 0.1759388 0.1757830 0.1747849 0.1747849 0.1745015 
MH053334/ZMB/cattle/1964/SAT2/III/Unknown          0.1872719 0.6288853 0.1847260 0.8170974 0.7471405 0.7829589 0.8217510 0.8233691 0.8208034 0.8234997 0.8246080 0.8243442 0.8208752 0.8238871 0.8214291 0.1988262 0.1674176 0.8306891 0.8289698 0.8295205 0.8284030 0.8338540 0.8346530 0.8214367 0.1689605 0.8718687 0.8191929 0.8325876 0.1689364 0.1900879 0.0000000 0.2017590 0.1725471 0.1753435 0.1481222 0.1509220 0.1748869 0.8169752 0.8253888 0.6392344 0.6220010 0.7707931 0.1555403 0.1223580 0.7573401 0.1704583 0.1791142 0.1785993 0.1784375 0.1824082 0.1833486 0.1628651 0.1755937 0.1720065 0.1679276 0.1774340 0.1753503 0.1698802 0.1690744 0.1644394 0.1693553 0.1719195 0.1760517 0.1596101 0.1683136 0.1706779 0.1735292 0.1706902 0.1709265 0.1711995 0.1659213 0.1751417 0.1689299 0.1573980 0.1732457 0.1637785 0.1732843 0.1693918 0.1620221 0.1657590 0.1659543 0.1716321 0.1717872 0.1715110 0.1719085 0.1715110 0.1678774 0.1678774 0.1720266 0.1720266 0.1723135 0.1723518 0.1717284 0.1717284 0.1714525 0.1720498 0.1663245 0.1663245 0.1665983 0.1724381 0.1740330 0.1740330 0.1744771 0.1745023 0.1744771 0.1743206 0.1706079 0.1706079 0.1708836 
MH053333/ETH/cattle/1989/SAT2/IV/Unknown           0.1915916 0.6391971 0.1263247 0.8175723 0.7490030 0.7826022 0.7992231 0.7996111 0.7989074 0.7996516 0.8037255 0.8022702 0.7989661 0.8016402 0.7983275 0.2203991 0.1865286 0.8523561 0.8453760 0.8464803 0.8469118 0.8521475 0.8546528 0.8486640 0.1278955 0.8551547 0.8212311 0.8520413 0.1260493 0.2048597 0.2017590 0.0000000 0.1956200 0.2030322 0.1927591 0.1973404 0.1358910 0.8264004 0.8300140 0.6574899 0.6448460 0.8118197 0.1862787 0.2011376 0.8028246 0.1283602 0.1196878 0.1249360 0.1291952 0.1303093 0.1188734 0.1131423 0.1343132 0.1305572 0.1305647 0.1359348 0.1314849 0.1291659 0.1325981 0.1268597 0.1268764 0.1307808 0.1378536 0.1194376 0.1308477 0.1134770 0.1322049 0.1321454 0.1307525 0.1308059 0.1291085 0.1336332 0.1284210 0.1266003 0.1319662 0.1273973 0.1307655 0.1306798 0.1154375 0.1271643 0.1269903 0.1289538 0.1291067 0.1288743 0.1291864 0.1288743 0.1305031 0.1305031 0.1331860 0.1331860 0.1334281 0.1334541 0.1363762 0.1363762 0.1366192 0.1366440 0.1295756 0.1295756 0.1298075 0.1349923 0.1329173 0.1329173 0.1332556 0.1332722 0.1332556 0.1331580 0.1321753 0.1321753 0.1319355 
MH053332/BWA/african-buffalo/1974/SAT2/II/Unknown  0.1309974 0.6154194 0.1786968 0.8022440 0.7295041 0.7544850 0.7865986 0.7877606 0.7869954 0.7878007 0.7913429 0.7897228 0.7870474 0.7870969 0.7864191 0.0810325 0.1650100 0.8386311 0.8374493 0.8397545 0.8401809 0.8477676 0.8465143 0.8275950 0.1611951 0.8779106 0.8095843 0.8455575 0.1679569 0.1761732 0.1725471 0.1956200 0.0000000 0.0678020 0.1205303 0.1261321 0.1831837 0.7994019 0.8081634 0.6204431 0.5973688 0.7630500 0.1605531 0.1579414 0.7589798 0.1698079 0.1704977 0.1722892 0.1739261 0.1793162 0.1725087 0.1556259 0.1676139 0.1660206 0.1631286 0.1721456 0.1661972 0.1653881 0.1658815 0.1597717 0.1630609 0.1654044 0.1715414 0.1526645 0.1646280 0.1628542 0.1664299 0.1674395 0.1650180 0.1645125 0.1673636 0.1674889 0.1654791 0.1538300 0.1661435 0.1613807 0.1677474 0.1645304 0.1569171 0.1639282 0.1683286 0.1691550 0.1693148 0.1690330 0.1694371 0.1690330 0.1706218 0.1706218 0.1641607 0.1641607 0.1644484 0.1644854 0.1696924 0.1696924 0.1699824 0.1700181 0.1702299 0.1702299 0.1705116 0.1677303 0.1678490 0.1678490 0.1680339 0.1683117 0.1682873 0.1681367 0.1670383 0.1670383 0.1673168 
MH053331/BWA/african-buffalo/1972/SAT2/II/Unknown  0.1340630 0.6066855 0.1798365 0.8110612 0.7216108 0.7706941 0.7965614 0.7983296 0.7969534 0.7983699 0.8005510 0.7990167 0.7970108 0.7982312 0.7963765 0.0873132 0.1633292 0.8270266 0.8271564 0.8292678 0.8296892 0.8372802 0.8354017 0.8271161 0.1640350 0.8628274 0.8208413 0.8407024 0.1687163 0.1766034 0.1753435 0.2030322 0.0678020 0.0000000 0.1200876 0.1245931 0.1834714 0.8075925 0.8197228 0.6347019 0.6023724 0.7514261 0.1565342 0.1701586 0.7528192 0.1697405 0.1737878 0.1751395 0.1774434 0.1831222 0.1740388 0.1609708 0.1704702 0.1680496 0.1630614 0.1739159 0.1699280 0.1717888 0.1707978 0.1652606 0.1692097 0.1690307 0.1748631 0.1569897 0.1684156 0.1678917 0.1687112 0.1685378 0.1685177 0.1671193 0.1649341 0.1728557 0.1659943 0.1532718 0.1684246 0.1602996 0.1687164 0.1678640 0.1628581 0.1649528 0.1751015 0.1717597 0.1719181 0.1716359 0.1720421 0.1716359 0.1681172 0.1681172 0.1740950 0.1740950 0.1743875 0.1744269 0.1736273 0.1736273 0.1739189 0.1739555 0.1764230 0.1764230 0.1767063 0.1704890 0.1690807 0.1690807 0.1692673 0.1695456 0.1695210 0.1693689 0.1698127 0.1698127 0.1700920 
MH053328/BWA/african-buffalo/1968/SAT2/III/Unknown 0.1315377 0.6280222 0.1793754 0.8068468 0.7414773 0.7374692 0.8155710 0.8134142 0.8159604 0.8134552 0.8166568 0.8166256 0.8160293 0.8127249 0.8153725 0.1496652 0.1682400 0.8292637 0.8275433 0.8284450 0.8288677 0.8350213 0.8345982 0.8309546 0.1690527 0.8596663 0.8124119 0.8453391 0.1663364 0.1787998 0.1481222 0.1927591 0.1205303 0.1200876 0.0000000 0.0940578 0.1793323 0.8064573 0.8130771 0.6455322 0.6192281 0.7725100 0.1657672 0.1415719 0.7742228 0.1697460 0.1738761 0.1751236 0.1736156 0.1806981 0.1705138 0.1670086 0.1770472 0.1721610 0.1688427 0.1762179 0.1738784 0.1715574 0.1721733 0.1650686 0.1677811 0.1700811 0.1742387 0.1597729 0.1685781 0.1686713 0.1729258 0.1733213 0.1720887 0.1731695 0.1733700 0.1751569 0.1688219 0.1617484 0.1726418 0.1682171 0.1740700 0.1726622 0.1640760 0.1693383 0.1748207 0.1750383 0.1751929 0.1749138 0.1753176 0.1749138 0.1751345 0.1751345 0.1748543 0.1748543 0.1751418 0.1751806 0.1749421 0.1749421 0.1752299 0.1752662 0.1782361 0.1782361 0.1785149 0.1706605 0.1694208 0.1694208 0.1698562 0.1698806 0.1698562 0.1697050 0.1703153 0.1703153 0.1700307 
