75
JF749860/KEN/Unknown/2002/SAT1/I-NWZ/Unknown           0.0000000 0.6688360 0.1213717 0.1109317 0.1564640 0.1110589 0.1011726 0.1062798 0.1043993 0.1224624 0.7628480 0.7628480 0.7638763 0.7630825 0.1939576 0.1081987 0.1063798 0.4927795 0.7296011 0.6654036 0.7248809 0.2051814 0.1839210 0.1005024 0.7517489 0.7524974 0.7580423 0.7604295 0.2083750 0.1047777 0.4995948 0.1935006 0.2160744 0.7286248 0.2132378 0.2045389 0.2085553 0.2130358 0.2350532 0.1081987 0.1063798 0.1094606 0.1065662 0.1628677 0.1069496 0.1064517 0.1063805 0.1038971 0.1391282 0.1060552 0.1024219 0.1029789 0.1074974 0.1106736 0.1141723 0.1081414 0.1104687 0.1118530 0.1389934 0.1045135 0.1058774 0.1058774 0.1061137 0.1061137 0.1131687 0.1127264 0.1127264 0.1131687 0.1109063 0.1109063 0.1081343 0.1078464 0.1078464 0.1081343 0.1080585 
LC770123/IRQ/cattle/2023/SAT1/VII-EA-2/Unknown         0.6688360 0.0000000 0.6418773 0.6749007 0.6565669 0.6637206 0.6663541 0.6514064 0.6460280 0.6451701 0.6115741 0.6115741 0.6121070 0.6109414 0.6049617 0.6501728 0.6404920 0.4950944 0.1185722 0.0004279 0.1817683 0.6549128 0.6976744 0.6910718 0.6029849 0.6036149 0.6044777 0.6050543 0.6390767 0.6475172 0.4712124 0.6755724 0.6509863 0.1969315 0.6506945 0.6480966 0.6473682 0.6682909 0.6858411 0.6501728 0.6404920 0.6442549 0.6400516 0.7256685 0.6553115 0.6534140 0.6390939 0.6361610 0.6907967 0.6578869 0.6678556 0.6524267 0.6511710 0.6465058 0.6303416 0.6803426 0.6684490 0.6791972 0.7204214 0.6587271 0.6344664 0.6344664 0.6351153 0.6351153 0.6458957 0.6477394 0.6477394 0.6458957 0.6439817 0.6439817 0.6744546 0.6731103 0.6731103 0.6744546 0.6725474 
OM863583/KEN/cattle/2013/SAT1/I-NWZ/Unknown            0.1213717 0.6418773 0.0000000 0.0860967 0.1497184 0.1031258 0.0829514 0.0848212 0.0775354 0.0011438 0.7383654 0.7383654 0.7393068 0.7385330 0.1941081 0.0830141 0.0800935 0.5202716 0.6932711 0.6385706 0.6986766 0.2090925 0.1753211 0.1093135 0.7325143 0.7317844 0.7385303 0.7410712 0.2086036 0.0777077 0.4950931 0.1845409 0.2281592 0.7447186 0.2257836 0.2039160 0.2127031 0.2202173 0.2382197 0.0830141 0.0800935 0.0756637 0.0747057 0.1287510 0.0806699 0.0778585 0.0710194 0.0718328 0.1080507 0.0822217 0.0752473 0.0769230 0.0904880 0.0873937 0.0878865 0.0774192 0.0838043 0.0829432 0.1193427 0.0805879 0.0734963 0.0734963 0.0737019 0.0737019 0.0760476 0.0767445 0.0767445 0.0760476 0.0754602 0.0754602 0.0828467 0.0825977 0.0825977 0.0828467 0.0827938 
OM863582/KEN/cattle/2010/SAT1/I-NWZ/Unknown            0.1109317 0.6749007 0.0860967 0.0000000 0.1558366 0.1089449 0.0787121 0.0803159 0.0724518 0.0870124 0.7497570 0.7497570 0.7507698 0.7499884 0.1912686 0.0847535 0.0835767 0.5171896 0.7269567 0.6714521 0.7180846 0.2111507 0.1793567 0.1083327 0.7441105 0.7448497 0.7508436 0.7518669 0.2134824 0.0726203 0.5154756 0.1950192 0.2241196 0.7615492 0.2267913 0.2149528 0.2183217 0.2202818 0.2418960 0.0847535 0.0835767 0.0831332 0.0806883 0.1325626 0.0782924 0.0786741 0.0793150 0.0780987 0.1124388 0.0826428 0.0768980 0.0802649 0.0865508 0.0884552 0.0910701 0.0841533 0.0862692 0.0910907 0.1210607 0.0868285 0.0801427 0.0801427 0.0803527 0.0803527 0.0811801 0.0811110 0.0811110 0.0811801 0.0798124 0.0798124 0.0869023 0.0866502 0.0866502 0.0869023 0.0868466 
MW355669/ZMB/cattle/1988/SAT1/I-NWZ/Unknown            0.1564640 0.6565669 0.1497184 0.1558366 0.0000000 0.1257364 0.1487630 0.1439020 0.1484285 0.1509666 0.7484609 0.7484609 0.7494064 0.7486292 0.2352914 0.1476741 0.1473793 0.5305342 0.7321894 0.6532133 0.7399246 0.1968218 0.1718263 0.1540139 0.7351088 0.7358388 0.7436583 0.7449766 0.1953691 0.1486143 0.5109336 0.1856680 0.2072704 0.7220847 0.2035203 0.1963081 0.1999944 0.2101084 0.2177210 0.1476741 0.1473793 0.1486034 0.1447880 0.1946655 0.1413198 0.1504774 0.1455910 0.1422863 0.1732893 0.1497002 0.1461453 0.1470533 0.1557916 0.1433532 0.1532820 0.1494624 0.1562576 0.1572243 0.1831882 0.1450891 0.1445330 0.1445330 0.1448091 0.1448091 0.1469600 0.1455878 0.1455878 0.1469600 0.1458723 0.1458723 0.1502319 0.1498676 0.1498676 0.1502319 0.1496174 
MW355668/TZA/cattle/1980/SAT1/I-NWZ/Unknown            0.1110589 0.6637206 0.1031258 0.1089449 0.1257364 0.0000000 0.0964177 0.1035225 0.1033336 0.1041554 0.7486352 0.7486352 0.7495841 0.7488041 0.1970941 0.1095784 0.1063435 0.5084009 0.7136440 0.6603150 0.7269854 0.1953785 0.1518830 0.1153138 0.7380790 0.7388134 0.7387413 0.7400379 0.1828164 0.1035155 0.4876120 0.1645744 0.1991343 0.7339574 0.2035719 0.1842102 0.1919900 0.1911057 0.2098313 0.1095784 0.1063435 0.1043233 0.1061280 0.1562123 0.1018950 0.1094733 0.1019197 0.1035866 0.1303552 0.1097829 0.0998919 0.1060589 0.1114654 0.1111174 0.1121074 0.1059226 0.1096946 0.1092340 0.1313809 0.1025886 0.0981348 0.0981348 0.0983696 0.0983696 0.1096070 0.1106474 0.1106474 0.1096070 0.1084012 0.1084012 0.1052934 0.1050032 0.1050032 0.1052934 0.1052186 
MT602088/TZA/cattle/2014/SAT1/I-NWZ/Unknown            0.1011726 0.6663541 0.0829514 0.0787121 0.1487630 0.0964177 0.0000000 0.0476891 0.0683645 0.0834571 0.7645516 0.7645516 0.7655165 0.7647233 0.1908763 0.0704901 0.0694200 0.5035120 0.7092589 0.6629384 0.6989048 0.1941855 0.1641029 0.0946326 0.7583947 0.7576442 0.7662262 0.7677970 0.1963990 0.0685328 0.4913547 0.1798988 0.2082595 0.7375312 0.2089567 0.1934415 0.1966696 0.2021387 0.2233548 0.0704901 0.0694200 0.0733596 0.0724277 0.1245399 0.0732283 0.0687213 0.0696608 0.0743062 0.1001811 0.0756452 0.0669011 0.0712785 0.0702835 0.0728518 0.0772254 0.0736588 0.0787759 0.0781456 0.1043414 0.0756539 0.0700101 0.0700101 0.0702127 0.0702127 0.0767142 0.0768743 0.0768743 0.0767142 0.0765165 0.0765165 0.0741046 0.0738694 0.0738694 0.0739101 0.0740591 
MT602087/TZA/cattle/2013/SAT1/I-NWZ/Unknown            0.1062798 0.6514064 0.0848212 0.0803159 0.1439020 0.1035225 0.0476891 0.0000000 0.0708549 0.0853322 0.7454434 0.7454434 0.7464529 0.7456742 0.1918744 0.0748022 0.0732841 0.4998119 0.7025076 0.6480519 0.7044720 0.2034500 0.1672724 0.0991771 0.7357310 0.7364645 0.7417669 0.7443180 0.1971183 0.0710240 0.4913816 0.1866979 0.2069872 0.7258457 0.2072374 0.1989923 0.2007319 0.2082081 0.2273997 0.0748022 0.0732841 0.0782831 0.0789957 0.1276193 0.0755709 0.0756054 0.0755952 0.0770971 0.1079501 0.0746518 0.0703322 0.0705947 0.0754204 0.0766356 0.0802293 0.0804226 0.0844060 0.0857935 0.1150722 0.0796257 0.0755716 0.0755716 0.0757779 0.0757779 0.0791046 0.0796437 0.0796437 0.0791046 0.0792296 0.0792296 0.0817761 0.0815310 0.0815310 0.0817761 0.0817246 
MT602086/TZA/cattle/2012/SAT1/I-NWZ/Unknown            0.1043993 0.6460280 0.0775354 0.0724518 0.1484285 0.1033336 0.0683645 0.0708549 0.0000000 0.0784197 0.7733766 0.7733766 0.7743481 0.7735494 0.1918449 0.0822333 0.0794124 0.5256705 0.7038213 0.6426936 0.6998244 0.2097711 0.1705462 0.0931668 0.7675600 0.7683183 0.7707639 0.7718787 0.2017151 0.0007131 0.5076664 0.1861163 0.2159558 0.7335031 0.2112801 0.2000169 0.2061481 0.2111787 0.2261995 0.0822333 0.0794124 0.0685011 0.0681295 0.1197940 0.0706911 0.0659382 0.0651793 0.0678669 0.0983124 0.0727100 0.0693014 0.0684238 0.0747561 0.0827740 0.0866957 0.0703311 0.0756507 0.0754941 0.1057660 0.0756303 0.0679364 0.0679364 0.0681366 0.0681366 0.0719727 0.0727273 0.0727273 0.0719727 0.0711357 0.0711357 0.0708375 0.0706073 0.0706073 0.0708375 0.0707946 
MT602085/KEN/cattle/2013/SAT1/I-NWZ/Unknown            0.1224624 0.6451701 0.0011438 0.0870124 0.1509666 0.1041554 0.0834571 0.0853322 0.0784197 0.0000000 0.7429463 0.7429463 0.7438919 0.7431146 0.1956289 0.0837035 0.0805660 0.5201279 0.6942706 0.6418492 0.7036083 0.2107602 0.1767775 0.1096414 0.7370694 0.7363360 0.7431144 0.7456700 0.2101453 0.0785923 0.4940443 0.1854836 0.2299110 0.7484834 0.2269056 0.2055517 0.2130521 0.2213192 0.2400039 0.0837035 0.0805660 0.0769297 0.0759613 0.1299413 0.0815670 0.0791385 0.0722585 0.0726895 0.1091147 0.0831304 0.0761288 0.0778119 0.0910198 0.0887272 0.0892229 0.0785140 0.0849280 0.0840627 0.1202478 0.0813032 0.0743626 0.0743626 0.0745690 0.0745690 0.0773158 0.0780144 0.0780144 0.0773158 0.0767259 0.0767259 0.0839644 0.0837137 0.0837137 0.0839644 0.0839105 
MN275121/CMR/cow/2016/SAT1/X/Unknown                   0.7628480 0.6115741 0.7383654 0.7497570 0.7484609 0.7486352 0.7645516 0.7454434 0.7733766 0.7429463 0.0000000 0.0000010 0.0004282 0.0001426 0.7635693 0.7738005 0.7770740 0.6549270 0.6458973 0.6083855 0.6702784 0.7185046 0.7570465 0.8030617 0.0140383 0.0141922 0.0137483 0.0135888 0.7107024 0.7750541 0.6654010 0.7519254 0.7295081 0.6744155 0.7403053 0.7338033 0.7254853 0.7409840 0.7689886 0.7738005 0.7770740 0.7573221 0.7438004 0.7969454 0.7634622 0.7509031 0.7444258 0.7479494 0.7855147 0.7423647 0.7486567 0.7370181 0.7656712 0.7830964 0.7719335 0.7563621 0.7500758 0.7496246 0.7767398 0.7436292 0.7526992 0.7526992 0.7534438 0.7534438 0.7554484 0.7457800 0.7457800 0.7554484 0.7560696 0.7560696 0.7514537 0.7499531 0.7499531 0.7514537 0.7493386 
MN275120/CMR/cow/2016/SAT1/X/Unknown                   0.7628480 0.6115741 0.7383654 0.7497570 0.7484609 0.7486352 0.7645516 0.7454434 0.7733766 0.7429463 0.0000010 0.0000000 0.0004282 0.0001426 0.7635693 0.7738005 0.7770740 0.6549270 0.6458973 0.6083855 0.6702784 0.7185046 0.7570465 0.8030617 0.0140383 0.0141922 0.0137483 0.0135888 0.7107024 0.7750541 0.6654010 0.7519254 0.7295081 0.6744155 0.7403053 0.7338033 0.7254853 0.7409840 0.7689886 0.7738005 0.7770740 0.7573221 0.7438004 0.7969454 0.7634622 0.7509031 0.7444258 0.7479494 0.7855147 0.7423647 0.7486567 0.7370181 0.7656712 0.7830964 0.7719335 0.7563621 0.7500758 0.7496246 0.7767398 0.7436292 0.7526992 0.7526992 0.7534438 0.7534438 0.7554484 0.7457800 0.7457800 0.7554484 0.7560696 0.7560696 0.7514537 0.7499531 0.7499531 0.7514537 0.7493386 
MN275119/CMR/cow/2016/SAT1/X/Unknown                   0.7638763 0.6121070 0.7393068 0.7507698 0.7494064 0.7495841 0.7655165 0.7464529 0.7743481 0.7438919 0.0004282 0.0004282 0.0000000 0.0002853 0.7651162 0.7748342 0.7781115 0.6557253 0.6464467 0.6089167 0.6697469 0.7194873 0.7580679 0.8040638 0.0141907 0.0143448 0.0139007 0.0137411 0.7116776 0.7760268 0.6648744 0.7528768 0.7305024 0.6749815 0.7413107 0.7348009 0.7264796 0.7419899 0.7700164 0.7748342 0.7781115 0.7582804 0.7447453 0.7979422 0.7644272 0.7518563 0.7453724 0.7489596 0.7864986 0.7433711 0.7496710 0.7380198 0.7666980 0.7841385 0.7729658 0.7573838 0.7510917 0.7506398 0.7777197 0.7445773 0.7536519 0.7536519 0.7543972 0.7543972 0.7564040 0.7467262 0.7467262 0.7564040 0.7570254 0.7570254 0.7524727 0.7509706 0.7509706 0.7524727 0.7503555 
MN275118/CMR/cow/2016/SAT1/X/Unknown                   0.7630825 0.6109414 0.7385330 0.7499884 0.7486292 0.7488041 0.7647233 0.7456742 0.7735494 0.7431146 0.0001426 0.0001426 0.0002853 0.0000000 0.7643239 0.7740359 0.7773103 0.6555854 0.6452425 0.6077551 0.6696020 0.7187300 0.7572796 0.8032397 0.0138846 0.0140385 0.0135947 0.0134354 0.7109263 0.7752271 0.6647313 0.7520948 0.7297358 0.6737381 0.7405352 0.7340316 0.7257131 0.7412141 0.7692228 0.7740359 0.7773103 0.7574927 0.7439686 0.7971226 0.7636339 0.7510728 0.7445943 0.7481802 0.7856896 0.7425948 0.7488885 0.7372473 0.7659053 0.7833336 0.7721687 0.7565953 0.7503078 0.7498561 0.7769141 0.7437980 0.7528688 0.7528688 0.7536135 0.7536135 0.7556185 0.7459484 0.7459484 0.7556185 0.7562397 0.7562397 0.7516865 0.7501855 0.7501855 0.7516865 0.7495709 
MN116691/KEN/cow/2016/SAT1/I-NWZ/Unknown               0.1939576 0.6049617 0.1941081 0.1912686 0.2352914 0.1970941 0.1908763 0.1918744 0.1918449 0.1956289 0.7635693 0.7635693 0.7651162 0.7643239 0.0000000 0.1949472 0.1911434 0.4639130 0.6426500 0.6018205 0.6446018 0.3212752 0.2878189 0.1956368 0.7544015 0.7551501 0.7618797 0.7637866 0.3125227 0.1919351 0.4626497 0.2849988 0.3331931 0.6474532 0.3332449 0.3220878 0.3371649 0.3314446 0.3486403 0.1949472 0.1911434 0.1917589 0.1879697 0.2707310 0.1873927 0.1945948 0.1852215 0.1857002 0.2393880 0.1936028 0.1893936 0.1898642 0.1964630 0.1958836 0.1971078 0.1871650 0.1843626 0.1887104 0.2410793 0.1886758 0.1847845 0.1847845 0.1851087 0.1851087 0.1903140 0.1877354 0.1877354 0.1903140 0.1900523 0.1900523 0.1874361 0.1869891 0.1869891 0.1874361 0.1872628 
MN116690/KEN/cow/2014/SAT1/I-NWZ/Unknown               0.1081987 0.6501728 0.0830141 0.0847535 0.1476741 0.1095784 0.0704901 0.0748022 0.0822333 0.0837035 0.7738005 0.7738005 0.7748342 0.7740359 0.1949472 0.0000000 0.0074149 0.5152124 0.7029562 0.6468338 0.7188612 0.2051225 0.1665735 0.1051502 0.7627793 0.7620262 0.7703449 0.7726733 0.2042473 0.0828020 0.4998175 0.1860578 0.2115970 0.7275057 0.2118847 0.1987583 0.2018580 0.2042927 0.2299300 0.0000010 0.0074149 0.0816566 0.0799502 0.1366372 0.0845282 0.0822784 0.0785862 0.0773932 0.1116290 0.0814849 0.0784627 0.0778933 0.0420266 0.0213776 0.0224804 0.0819232 0.0835301 0.0869339 0.1210123 0.0852572 0.0779732 0.0779732 0.0781830 0.0781830 0.0860897 0.0858181 0.0858181 0.0860897 0.0843532 0.0843532 0.0840084 0.0839601 0.0839601 0.0842106 0.0841566 
MN116689/KEN/cow/2014/SAT1/I-NWZ/Unknown               0.1063798 0.6404920 0.0800935 0.0835767 0.1473793 0.1063435 0.0694200 0.0732841 0.0794124 0.0805660 0.7770740 0.7770740 0.7781115 0.7773103 0.1911434 0.0074149 0.0000000 0.5155270 0.6903789 0.6371916 0.7108724 0.2038385 0.1627724 0.1013474 0.7660115 0.7652553 0.7748258 0.7771671 0.2037701 0.0795851 0.4944763 0.1832452 0.2136015 0.7257569 0.2137719 0.1999807 0.2026001 0.2033348 0.2276484 0.0074149 0.0000010 0.0796711 0.0775838 0.1353411 0.0832621 0.0811570 0.0762120 0.0750755 0.1094739 0.0801342 0.0763246 0.0765523 0.0394774 0.0204619 0.0209267 0.0804227 0.0826042 0.0847705 0.1182109 0.0839472 0.0752297 0.0752297 0.0754376 0.0754376 0.0851263 0.0844573 0.0844573 0.0851263 0.0833918 0.0833918 0.0816958 0.0816491 0.0816491 0.0818971 0.0818449 
MH053326/UGA/african-buffalo/1970/SAT1/IV-EA-1/Unknown 0.4927795 0.4950944 0.5202716 0.5171896 0.5305342 0.5084009 0.5035120 0.4998119 0.5256705 0.5201279 0.6549270 0.6549270 0.6557253 0.6555854 0.4639130 0.5152124 0.5155270 0.0000000 0.5235232 0.4924454 0.5262172 0.5085440 0.5077967 0.5261492 0.6510530 0.6517100 0.6551260 0.6555068 0.5314455 0.5254843 0.1727513 0.4923180 0.5267835 0.5050619 0.5355284 0.5260977 0.5399050 0.5350914 0.5638290 0.5152124 0.5155270 0.5088015 0.5059130 0.5373057 0.4997008 0.4882407 0.5074084 0.5059901 0.5432997 0.5076380 0.5084625 0.5100454 0.5269956 0.5175617 0.5092746 0.5113170 0.5097850 0.5156615 0.5441667 0.5010953 0.5060051 0.5060051 0.5065602 0.5065602 0.5058133 0.5014655 0.5014655 0.5058133 0.5036501 0.5036501 0.5200503 0.5189863 0.5189863 0.5200503 0.5194345 
MH053325/UGA/cattle/1978/SAT1/VII-EA-2/Unknown         0.7296011 0.1185722 0.6932711 0.7269567 0.7321894 0.7136440 0.7092589 0.7025076 0.7038213 0.6942706 0.6458973 0.6458973 0.6464467 0.6452425 0.6426500 0.7029562 0.6903789 0.5235232 0.0000000 0.1177094 0.2190611 0.7153840 0.7731178 0.7387277 0.6361326 0.6354843 0.6437526 0.6425526 0.6981248 0.7023759 0.5224966 0.7445305 0.7049282 0.2272053 0.7143405 0.7073752 0.7200048 0.7339604 0.7371030 0.7029562 0.6903789 0.6917152 0.6751614 0.7719306 0.7127578 0.7101966 0.6783680 0.6793815 0.7341081 0.7008151 0.7061754 0.6995674 0.7132133 0.6951344 0.6899610 0.7163804 0.7077254 0.7154929 0.7547645 0.6954685 0.6806159 0.6806159 0.6812977 0.6812977 0.6890188 0.6918140 0.6918140 0.6890188 0.6915423 0.6915423 0.7098695 0.7090678 0.7090678 0.7098695 0.7084847 
MH053324/UGA/cattle/1971/SAT1/VII-EA-2/Unknown         0.6654036 0.0004279 0.6385706 0.6714521 0.6532133 0.6603150 0.6629384 0.6480519 0.6426936 0.6418492 0.6083855 0.6083855 0.6089167 0.6077551 0.6018205 0.6468338 0.6371916 0.4924454 0.1177094 0.0000000 0.1805533 0.6515425 0.6941261 0.6875480 0.5998277 0.6004554 0.6013137 0.6018870 0.6357692 0.6441784 0.4686458 0.6721043 0.6476380 0.1976351 0.6473376 0.6447566 0.6440229 0.6648668 0.6823421 0.6468338 0.6371916 0.6409320 0.6367505 0.7219807 0.6519341 0.6500451 0.6357943 0.6328745 0.6872773 0.6545130 0.6644300 0.6490717 0.6478264 0.6431783 0.6270801 0.6768761 0.6650304 0.6757378 0.7167698 0.6553466 0.6311854 0.6311854 0.6318319 0.6318319 0.6425660 0.6444061 0.6444061 0.6425660 0.6406622 0.6406622 0.6710126 0.6696747 0.6696747 0.6710126 0.6691137 
MH053323/TCD/cattle/1972/SAT1/VI/Unknown               0.7248809 0.1817683 0.6986766 0.7180846 0.7399246 0.7269854 0.6989048 0.7044720 0.6998244 0.7036083 0.6702784 0.6702784 0.6697469 0.6696020 0.6446018 0.7188612 0.7108724 0.5262172 0.2190611 0.1805533 0.0000000 0.7180611 0.7534649 0.7413024 0.6622268 0.6615561 0.6677766 0.6673722 0.7185484 0.6999856 0.4847024 0.7283637 0.7168866 0.2048331 0.6994458 0.6938453 0.7126495 0.7307293 0.7643245 0.7188612 0.7108724 0.7000263 0.6983215 0.7779805 0.7169038 0.6882480 0.6914508 0.7006195 0.7590094 0.6919519 0.6970345 0.6880610 0.7117197 0.7160447 0.7030713 0.6950705 0.6968330 0.6947183 0.7393007 0.6926414 0.6959454 0.6959454 0.6966398 0.6966398 0.7006732 0.6995943 0.6995943 0.7006732 0.6993404 0.6993404 0.6979138 0.6965226 0.6965226 0.6979138 0.6959441 
MH053322/NAM/african-buffalo/1989/SAT1/III-WZ/Unknown  0.2051814 0.6549128 0.2090925 0.2111507 0.1968218 0.1953785 0.1941855 0.2034500 0.2097711 0.2107602 0.7185046 0.7185046 0.7194873 0.7187300 0.3212752 0.2051225 0.2038385 0.5085440 0.7153840 0.6515425 0.7180611 0.0000000 0.1662580 0.2145897 0.7073170 0.7080269 0.7105135 0.7114163 0.0838466 0.2102316 0.5094449 0.1745980 0.0793769 0.7303399 0.0712828 0.0714145 0.0850111 0.0912174 0.1135663 0.2051225 0.2038385 0.2004022 0.1980862 0.2415594 0.1971841 0.2084275 0.1997405 0.1970579 0.2225759 0.2083905 0.2014265 0.2009488 0.2074089 0.2044097 0.2055459 0.2083938 0.2130150 0.2108493 0.2272546 0.2060005 0.1964892 0.1964892 0.1968414 0.1968414 0.1997153 0.1994074 0.1994074 0.1997153 0.1975356 0.1975356 0.2043583 0.2038620 0.2038620 0.2043583 0.2035565 
MH053321/MOZ/cattle/1981/SAT1/ASIA/Unknown             0.1839210 0.6976744 0.1753211 0.1793567 0.1718263 0.1518830 0.1641029 0.1672724 0.1705462 0.1767775 0.7570465 0.7570465 0.7580679 0.7572796 0.2878189 0.1665735 0.1627724 0.5077967 0.7731178 0.6941261 0.7534649 0.1662580 0.0000000 0.1820659 0.7552315 0.7559805 0.7548420 0.7579567 0.1664438 0.1707392 0.5120176 0.1072767 0.1718613 0.7704891 0.1751201 0.1612665 0.1679783 0.1753693 0.1984770 0.1665735 0.1627724 0.1707812 0.1733923 0.2036525 0.1757884 0.1734033 0.1695403 0.1656399 0.1941245 0.1799359 0.1720953 0.1758208 0.1678770 0.1641936 0.1672011 0.1722858 0.1721797 0.1735973 0.1893649 0.1641237 0.1656141 0.1656141 0.1659257 0.1659257 0.1746042 0.1744887 0.1744887 0.1746042 0.1723276 0.1723276 0.1679753 0.1675587 0.1675587 0.1679753 0.1672832 
MH053320/KEN/cattle/1983/SAT1/I-NWZ/Unknown            0.1005024 0.6910718 0.1093135 0.1083327 0.1540139 0.1153138 0.0946326 0.0991771 0.0931668 0.1096414 0.8030617 0.8030617 0.8040638 0.8032397 0.1956368 0.1051502 0.1013474 0.5261492 0.7387277 0.6875480 0.7413024 0.2145897 0.1820659 0.0000000 0.7900880 0.7893084 0.7980480 0.7992716 0.2090461 0.0933426 0.5161688 0.2006073 0.2208868 0.7678315 0.2216202 0.2143940 0.2147141 0.2186403 0.2345697 0.1051502 0.1013474 0.1023164 0.1028501 0.1561208 0.0988206 0.0986508 0.1006475 0.0955851 0.1361594 0.1018073 0.0973144 0.0987260 0.0997060 0.1044439 0.1115607 0.0999286 0.1069370 0.1043270 0.1358378 0.1035006 0.0991363 0.0991363 0.0993648 0.0993648 0.1018434 0.1036669 0.1036669 0.1018434 0.1015750 0.1015750 0.1007711 0.1004950 0.1004950 0.1007711 0.1007023 
MF678826/NER/cow/2015/SAT1/X/Unknown                   0.7517489 0.6029849 0.7325143 0.7441105 0.7351088 0.7380790 0.7583947 0.7357310 0.7675600 0.7370694 0.0140383 0.0140383 0.0141907 0.0138846 0.7544015 0.7627793 0.7660115 0.6510530 0.6361326 0.5998277 0.6622268 0.7073170 0.7552315 0.7900880 0.0000000 0.0001426 0.0080155 0.0078632 0.7017959 0.7687061 0.6533519 0.7466602 0.7168107 0.6617241 0.7275388 0.7236655 0.7196847 0.7333781 0.7546562 0.7627793 0.7660115 0.7508859 0.7362604 0.7867299 0.7559652 0.7457334 0.7375622 0.7439892 0.7757403 0.7363700 0.7417688 0.7316736 0.7588433 0.7710269 0.7626952 0.7453811 0.7472744 0.7428533 0.7697516 0.7412648 0.7443745 0.7443745 0.7451138 0.7451138 0.7482424 0.7401152 0.7401152 0.7482424 0.7476735 0.7476735 0.7431737 0.7416862 0.7416862 0.7431737 0.7410756 
MF678825/NER/cow/2015/SAT1/X/Unknown                   0.7524974 0.6036149 0.7317844 0.7448497 0.7358388 0.7388134 0.7576442 0.7364645 0.7683183 0.7363360 0.0141922 0.0141922 0.0143448 0.0140385 0.7551501 0.7620262 0.7652553 0.6517100 0.6354843 0.6004554 0.6615561 0.7080269 0.7559805 0.7893084 0.0001426 0.0000000 0.0081648 0.0080123 0.7025015 0.7694650 0.6540167 0.7474008 0.7160936 0.6610547 0.7268124 0.7243887 0.7189628 0.7326475 0.7554028 0.7620262 0.7652553 0.7516316 0.7369933 0.7875070 0.7567160 0.7464750 0.7382970 0.7447276 0.7765071 0.7371039 0.7419375 0.7324039 0.7595944 0.7717874 0.7634492 0.7461240 0.7480188 0.7435940 0.7705162 0.7420046 0.7451144 0.7451144 0.7458536 0.7458536 0.7489850 0.7408507 0.7408507 0.7489850 0.7484155 0.7484155 0.7439160 0.7424272 0.7424272 0.7439160 0.7418162 
MF678824/NER/cow/2015/SAT1/X/Unknown                   0.7580423 0.6044777 0.7385303 0.7508436 0.7436583 0.7387413 0.7662262 0.7417669 0.7707639 0.7431144 0.0137483 0.0137483 0.0139007 0.0135947 0.7618797 0.7703449 0.7748258 0.6551260 0.6437526 0.6013137 0.6677766 0.7105135 0.7548420 0.7980480 0.0080155 0.0081648 0.0000000 0.0021506 0.7061145 0.7724385 0.6593265 0.7537442 0.7181272 0.6579304 0.7302501 0.7257552 0.7208236 0.7375270 0.7594693 0.7703449 0.7748258 0.7543396 0.7427071 0.7932602 0.7602838 0.7531259 0.7436230 0.7481034 0.7837304 0.7387235 0.7486444 0.7345634 0.7665043 0.7793063 0.7712138 0.7530468 0.7534570 0.7478146 0.7765878 0.7477082 0.7492199 0.7492199 0.7499625 0.7499625 0.7544285 0.7450583 0.7450583 0.7544285 0.7538546 0.7538546 0.7493409 0.7478432 0.7478432 0.7493409 0.7472294 
MF678823/NER/cow/2015/SAT1/X/Unknown                   0.7604295 0.6050543 0.7410712 0.7518669 0.7449766 0.7400379 0.7677970 0.7443180 0.7718787 0.7456700 0.0135888 0.0135888 0.0137411 0.0134354 0.7637866 0.7726733 0.7771671 0.6555068 0.6425526 0.6018870 0.6673722 0.7114163 0.7579567 0.7992716 0.0078632 0.0080123 0.0021506 0.0000000 0.7095740 0.7735554 0.6604758 0.7546165 0.7202015 0.6600925 0.7338212 0.7281326 0.7243644 0.7385334 0.7616456 0.7726733 0.7771671 0.7566316 0.7449646 0.7939068 0.7628965 0.7542167 0.7458867 0.7518602 0.7856000 0.7424498 0.7512850 0.7382726 0.7681356 0.7816572 0.7720216 0.7540764 0.7544872 0.7488366 0.7772194 0.7487931 0.7514948 0.7514948 0.7522393 0.7522393 0.7555194 0.7461348 0.7461348 0.7555194 0.7549443 0.7549443 0.7503668 0.7488667 0.7488667 0.7503668 0.7482522 
KU821590/NAM/cow/2010/SAT1/III-WZ/Unknown              0.2083750 0.6390767 0.2086036 0.2134824 0.1953691 0.1828164 0.1963990 0.1971183 0.2017151 0.2101453 0.7107024 0.7107024 0.7116776 0.7109263 0.3125227 0.2042473 0.2037701 0.5314455 0.6981248 0.6357692 0.7185484 0.0838466 0.1664438 0.2090461 0.7017959 0.7025015 0.7061145 0.7095740 0.0000000 0.2019074 0.5194021 0.1748624 0.0876802 0.7291196 0.0813859 0.0705490 0.0875911 0.0930761 0.1064573 0.2042473 0.2037701 0.1935558 0.1939319 0.2397764 0.1980591 0.2013531 0.1928014 0.1968507 0.2205938 0.2061378 0.1970231 0.1988383 0.2049819 0.2022590 0.2039358 0.2075658 0.2063894 0.2106444 0.2259457 0.2008674 0.1931634 0.1931634 0.1935063 0.1935063 0.1971597 0.1978109 0.1978109 0.1971597 0.1952510 0.1952510 0.2039277 0.2034361 0.2034361 0.2039277 0.2031334 
KM268899/TZA/cattle/2012/SAT1/I-NWZ/Unknown            0.1047777 0.6475172 0.0777077 0.0726203 0.1486143 0.1035155 0.0685328 0.0710240 0.0007131 0.0785923 0.7750541 0.7750541 0.7760268 0.7752271 0.1919351 0.0828020 0.0795851 0.5254843 0.7023759 0.6441784 0.6999856 0.2102316 0.1707392 0.0933426 0.7687061 0.7694650 0.7724385 0.7735554 0.2019074 0.0000000 0.5074919 0.1863073 0.2164189 0.7336603 0.2117442 0.2002088 0.2063404 0.2113686 0.2263816 0.0828020 0.0795851 0.0686703 0.0682987 0.1199848 0.0708603 0.0661062 0.0653477 0.0680354 0.0984956 0.0724722 0.0690678 0.0685928 0.0749272 0.0829478 0.0868695 0.0705008 0.0758207 0.0756642 0.1059505 0.0758016 0.0681056 0.0681056 0.0683058 0.0683058 0.0721424 0.0728971 0.0728971 0.0721424 0.0713051 0.0713051 0.0710066 0.0707763 0.0707763 0.0710066 0.0709636 
HM067706/UGA/african-buffalo/2007/SAT1/IV-EA-1/Unknown 0.4995948 0.4712124 0.4950931 0.5154756 0.5109336 0.4876120 0.4913547 0.4913816 0.5076664 0.4940443 0.6654010 0.6654010 0.6648744 0.6647313 0.4626497 0.4998175 0.4944763 0.1727513 0.5224966 0.4686458 0.4847024 0.5094449 0.5120176 0.5161688 0.6533519 0.6540167 0.6593265 0.6604758 0.5194021 0.5074919 0.0000000 0.5218475 0.5251839 0.5021250 0.5302464 0.5163841 0.5359439 0.5468840 0.5673401 0.4998175 0.4944763 0.4961550 0.4970885 0.5688450 0.4929967 0.4984734 0.4926343 0.4919497 0.5440895 0.4988781 0.4990503 0.4924610 0.5142914 0.5028673 0.4916143 0.4891844 0.4814533 0.4935789 0.5184917 0.4789788 0.4958513 0.4958513 0.4964031 0.4964031 0.5036962 0.4978114 0.4978114 0.5036962 0.5037139 0.5037139 0.4934258 0.4928811 0.4928811 0.4939055 0.4933186 
AY593846/ZWE/Unknown/1966/SAT1/ASIA/Unknown            0.1935006 0.6755724 0.1845409 0.1950192 0.1856680 0.1645744 0.1798988 0.1866979 0.1861163 0.1854836 0.7519254 0.7519254 0.7528768 0.7520948 0.2849988 0.1860578 0.1832452 0.4923180 0.7445305 0.6721043 0.7283637 0.1745980 0.1072767 0.2006073 0.7466602 0.7474008 0.7537442 0.7546165 0.1748624 0.1863073 0.5218475 0.0000000 0.1770227 0.7703563 0.1795311 0.1747835 0.1815228 0.1793782 0.2053008 0.1860578 0.1832452 0.1826299 0.1788877 0.2269940 0.1878941 0.1863580 0.1799009 0.1760832 0.2050714 0.1923369 0.1890196 0.1874877 0.1916234 0.1873892 0.1867535 0.1970510 0.1999092 0.1986088 0.2137501 0.1913164 0.1771307 0.1771307 0.1774563 0.1774563 0.1892899 0.1888283 0.1888283 0.1892899 0.1895352 0.1895352 0.1918313 0.1916657 0.1916657 0.1921287 0.1913740 
AY593845/BWA/Unknown/1968/SAT1/III-WZ/Unknown          0.2160744 0.6509863 0.2281592 0.2241196 0.2072704 0.1991343 0.2082595 0.2069872 0.2159558 0.2299110 0.7295081 0.7295081 0.7305024 0.7297358 0.3331931 0.2115970 0.2136015 0.5267835 0.7049282 0.6476380 0.7168866 0.0793769 0.1718613 0.2208868 0.7168107 0.7160936 0.7181272 0.7202015 0.0876802 0.2164189 0.5251839 0.1770227 0.0000000 0.7552009 0.0607365 0.0641263 0.0797770 0.0832861 0.1119776 0.2115970 0.2136015 0.2197119 0.2186293 0.2557689 0.2163098 0.2164518 0.2176287 0.2153685 0.2437136 0.2219598 0.2151911 0.2164806 0.2207905 0.2110107 0.2177605 0.2206175 0.2255895 0.2269590 0.2414455 0.2164218 0.2111105 0.2111105 0.2114708 0.2114708 0.2164330 0.2154985 0.2154985 0.2164330 0.2143957 0.2143957 0.2196251 0.2191021 0.2191021 0.2196251 0.2187893 
AY593844/ISR/Unknown/1962/SAT1/VI/Unknown              0.7286248 0.1969315 0.7447186 0.7615492 0.7220847 0.7339574 0.7375312 0.7258457 0.7335031 0.7484834 0.6744155 0.6744155 0.6749815 0.6737381 0.6474532 0.7275057 0.7257569 0.5050619 0.2272053 0.1976351 0.2048331 0.7303399 0.7704891 0.7678315 0.6617241 0.6610547 0.6579304 0.6600925 0.7291196 0.7336603 0.5021250 0.7703563 0.7552009 0.0000000 0.7316704 0.7308544 0.7435290 0.7568892 0.7912850 0.7275057 0.7257569 0.7340479 0.7334467 0.8332684 0.7437643 0.7421814 0.7318724 0.7260343 0.8032186 0.7236692 0.7205476 0.7209068 0.7370639 0.7283419 0.7272121 0.7315450 0.7324484 0.7346954 0.7826646 0.7266266 0.7281583 0.7281583 0.7288838 0.7288838 0.7397625 0.7436344 0.7436344 0.7397625 0.7421258 0.7421258 0.7407734 0.7392963 0.7392963 0.7407734 0.7386896 
AY593843/NAM/Unknown/1940/SAT1/III-WZ/Unknown          0.2132378 0.6506945 0.2257836 0.2267913 0.2035203 0.2035719 0.2089567 0.2072374 0.2112801 0.2269056 0.7403053 0.7403053 0.7413107 0.7405352 0.3332449 0.2118847 0.2137719 0.5355284 0.7143405 0.6473376 0.6994458 0.0712828 0.1751201 0.2216202 0.7275388 0.7268124 0.7302501 0.7338212 0.0813859 0.2117442 0.5302464 0.1795311 0.0607365 0.7316704 0.0000000 0.0608893 0.0782586 0.0857753 0.1096353 0.2118847 0.2137719 0.2137132 0.2126378 0.2548418 0.2124388 0.2171107 0.2081931 0.2101938 0.2348577 0.2178208 0.2108779 0.2106224 0.2177432 0.2119960 0.2183039 0.2157434 0.2209482 0.2224267 0.2401390 0.2129164 0.2042305 0.2042305 0.2045891 0.2045891 0.2106674 0.2129153 0.2129153 0.2106674 0.2099514 0.2099514 0.2182415 0.2177206 0.2177206 0.2182415 0.2174083 
AY593842/ZAF/Unknown/1961/SAT1/III-WZ/Unknown          0.2045389 0.6480966 0.2039160 0.2149528 0.1963081 0.1842102 0.1934415 0.1989923 0.2000169 0.2055517 0.7338033 0.7338033 0.7348009 0.7340316 0.3220878 0.1987583 0.1999807 0.5260977 0.7073752 0.6447566 0.6938453 0.0714145 0.1612665 0.2143940 0.7236655 0.7243887 0.7257552 0.7281326 0.0705490 0.2002088 0.5163841 0.1747835 0.0641263 0.7308544 0.0608893 0.0000000 0.0733398 0.0766217 0.0986693 0.1987583 0.1999807 0.2026848 0.2010734 0.2328492 0.1951558 0.2058707 0.1985769 0.1987807 0.2215666 0.2100771 0.2018707 0.2051945 0.2031214 0.1976830 0.2001677 0.2043619 0.2050928 0.2098633 0.2237693 0.1994431 0.1971788 0.1971788 0.1975264 0.1975264 0.1905612 0.1921269 0.1921269 0.1905612 0.1916933 0.1916933 0.2017230 0.2012342 0.2012342 0.2017230 0.2009319 
AY593841/ZWE/Unknown/1958/SAT1/III-WZ/Unknown          0.2085553 0.6473682 0.2127031 0.2183217 0.1999944 0.1919900 0.1966696 0.2007319 0.2061481 0.2130521 0.7254853 0.7254853 0.7264796 0.7257131 0.3371649 0.2018580 0.2026001 0.5399050 0.7200048 0.6440229 0.7126495 0.0850111 0.1679783 0.2147141 0.7196847 0.7189628 0.7208236 0.7243644 0.0875911 0.2063404 0.5359439 0.1815228 0.0797770 0.7435290 0.0782586 0.0733398 0.0000000 0.0812499 0.1089388 0.2018580 0.2026001 0.2025516 0.2043775 0.2434914 0.2030149 0.2108566 0.2023905 0.1993741 0.2294760 0.2112107 0.2038247 0.2051385 0.2035051 0.2063351 0.2078155 0.2056989 0.2096565 0.2094984 0.2217709 0.2058101 0.2006900 0.2006900 0.2010471 0.2010471 0.2037798 0.2060049 0.2060049 0.2037798 0.2036392 0.2036392 0.2029436 0.2024464 0.2024464 0.2029436 0.2021397 
AY593840/NAM/Unknown/1949/SAT1/III-WZ/Unknown          0.2130358 0.6682909 0.2202173 0.2202818 0.2101084 0.1911057 0.2021387 0.2082081 0.2111787 0.2213192 0.7409840 0.7409840 0.7419899 0.7412141 0.3314446 0.2042927 0.2033348 0.5350914 0.7339604 0.6648668 0.7307293 0.0912174 0.1753693 0.2186403 0.7333781 0.7326475 0.7375270 0.7385334 0.0930761 0.2113686 0.5468840 0.1793782 0.0832861 0.7568892 0.0857753 0.0766217 0.0812499 0.0000000 0.1056394 0.2042927 0.2033348 0.2083104 0.2036305 0.2392396 0.2023934 0.2043082 0.2056177 0.2021849 0.2298975 0.2133248 0.2055016 0.2092547 0.2095950 0.2028882 0.2085091 0.2115116 0.2116078 0.2127731 0.2326670 0.2063889 0.1992878 0.1992878 0.1996421 0.1996421 0.2015348 0.2021446 0.2021446 0.2015348 0.2016271 0.2016271 0.2067943 0.2062893 0.2062893 0.2067943 0.2059802 
AY593838/BWA/Unknown/1970/SAT1/III-WZ/Unknown          0.2350532 0.6858411 0.2382197 0.2418960 0.2177210 0.2098313 0.2233548 0.2273997 0.2261995 0.2400039 0.7689886 0.7689886 0.7700164 0.7692228 0.3486403 0.2299300 0.2276484 0.5638290 0.7371030 0.6823421 0.7643245 0.1135663 0.1984770 0.2345697 0.7546562 0.7554028 0.7594693 0.7616456 0.1064573 0.2263816 0.5673401 0.2053008 0.1119776 0.7912850 0.1096353 0.0986693 0.1089388 0.1056394 0.0000000 0.2299300 0.2276484 0.2270226 0.2276441 0.2602333 0.2256819 0.2311520 0.2251093 0.2277296 0.2467412 0.2306926 0.2238282 0.2255053 0.2304220 0.2237864 0.2293216 0.2280261 0.2311272 0.2335923 0.2434517 0.2254887 0.2203028 0.2203028 0.2206672 0.2206672 0.2182803 0.2214755 0.2214755 0.2182803 0.2184597 0.2184597 0.2258096 0.2252810 0.2252810 0.2258096 0.2249677 
OM562602/KEN/cow/2014/SAT1/I-NWZ/Unknown               0.1081987 0.6501728 0.0830141 0.0847535 0.1476741 0.1095784 0.0704901 0.0748022 0.0822333 0.0837035 0.7738005 0.7738005 0.7748342 0.7740359 0.1949472 0.0000010 0.0074149 0.5152124 0.7029562 0.6468338 0.7188612 0.2051225 0.1665735 0.1051502 0.7627793 0.7620262 0.7703449 0.7726733 0.2042473 0.0828020 0.4998175 0.1860578 0.2115970 0.7275057 0.2118847 0.1987583 0.2018580 0.2042927 0.2299300 0.0000000 0.0074149 0.0816566 0.0799502 0.1366372 0.0845282 0.0822784 0.0785862 0.0773932 0.1116290 0.0814849 0.0784627 0.0778933 0.0420266 0.0213776 0.0224804 0.0819232 0.0835301 0.0869339 0.1210123 0.0852572 0.0779732 0.0779732 0.0781830 0.0781830 0.0860897 0.0858181 0.0858181 0.0860897 0.0843532 0.0843532 0.0840084 0.0839601 0.0839601 0.0842106 0.0841566 
OM562601/KEN/cow/2014/SAT1/I-NWZ/Unknown               0.1063798 0.6404920 0.0800935 0.0835767 0.1473793 0.1063435 0.0694200 0.0732841 0.0794124 0.0805660 0.7770740 0.7770740 0.7781115 0.7773103 0.1911434 0.0074149 0.0000010 0.5155270 0.6903789 0.6371916 0.7108724 0.2038385 0.1627724 0.1013474 0.7660115 0.7652553 0.7748258 0.7771671 0.2037701 0.0795851 0.4944763 0.1832452 0.2136015 0.7257569 0.2137719 0.1999807 0.2026001 0.2033348 0.2276484 0.0074149 0.0000000 0.0796711 0.0775838 0.1353411 0.0832621 0.0811570 0.0762120 0.0750755 0.1094739 0.0801342 0.0763246 0.0765523 0.0394774 0.0204619 0.0209267 0.0804227 0.0826042 0.0847705 0.1182109 0.0839472 0.0752297 0.0752297 0.0754376 0.0754376 0.0851263 0.0844573 0.0844573 0.0851263 0.0833918 0.0833918 0.0816958 0.0816491 0.0816491 0.0818971 0.0818449 
OM562591/KEN/cow/2016/SAT1/I-NWZ/Unknown               0.1094606 0.6442549 0.0756637 0.0831332 0.1486034 0.1043233 0.0733596 0.0782831 0.0685011 0.0769297 0.7573221 0.7573221 0.7582804 0.7574927 0.1917589 0.0816566 0.0796711 0.5088015 0.6917152 0.6409320 0.7000263 0.2004022 0.1707812 0.1023164 0.7508859 0.7516316 0.7543396 0.7566316 0.1935558 0.0686703 0.4961550 0.1826299 0.2197119 0.7340479 0.2137132 0.2026848 0.2025516 0.2083104 0.2270226 0.0816566 0.0796711 0.0000000 0.0251246 0.1185510 0.0620163 0.0657751 0.0220740 0.0273168 0.0633455 0.0735509 0.0720387 0.0692513 0.0784118 0.0825193 0.0854257 0.0794360 0.0798018 0.0816784 0.1114756 0.0820343 0.0264689 0.0264689 0.0266335 0.0266335 0.0632935 0.0632742 0.0632742 0.0632935 0.0627169 0.0627169 0.0777132 0.0774727 0.0774727 0.0777132 0.0776648 
OM562590/KEN/cow/2016/SAT1/I-NWZ/Unknown               0.1065662 0.6400516 0.0747057 0.0806883 0.1447880 0.1061280 0.0724277 0.0789957 0.0681295 0.0759613 0.7438004 0.7438004 0.7447453 0.7439686 0.1879697 0.0799502 0.0775838 0.5059130 0.6751614 0.6367505 0.6983215 0.1980862 0.1733923 0.1028501 0.7362604 0.7369933 0.7427071 0.7449646 0.1939319 0.0682987 0.4970885 0.1788877 0.2186293 0.7334467 0.2126378 0.2010734 0.2043775 0.2036305 0.2276441 0.0799502 0.0775838 0.0251246 0.0000000 0.1152301 0.0598621 0.0631967 0.0171345 0.0264393 0.0535667 0.0741607 0.0717797 0.0695833 0.0789825 0.0791017 0.0848424 0.0800357 0.0804795 0.0823666 0.1158610 0.0834253 0.0220406 0.0220406 0.0222011 0.0222011 0.0636821 0.0639881 0.0639881 0.0636821 0.0632919 0.0632919 0.0780293 0.0777887 0.0777887 0.0780293 0.0779807 
OM562582/KEN/cow/2016/SAT1/I-NWZ/Unknown               0.1628677 0.7256685 0.1287510 0.1325626 0.1946655 0.1562123 0.1245399 0.1276193 0.1197940 0.1299413 0.7969454 0.7969454 0.7979422 0.7971226 0.2707310 0.1366372 0.1353411 0.5373057 0.7719306 0.7219807 0.7779805 0.2415594 0.2036525 0.1561208 0.7867299 0.7875070 0.7932602 0.7939068 0.2397764 0.1199848 0.5688450 0.2269940 0.2557689 0.8332684 0.2548418 0.2328492 0.2434914 0.2392396 0.2602333 0.1366372 0.1353411 0.1185510 0.1152301 0.0000000 0.0836312 0.1068849 0.1151221 0.1157397 0.0780352 0.1318976 0.1242085 0.1262215 0.1388532 0.1374116 0.1414020 0.1208590 0.1210359 0.1237878 0.0806459 0.1239355 0.1148715 0.1148715 0.1151298 0.1151298 0.0776949 0.0776965 0.0776965 0.0776949 0.0780879 0.0780879 0.1235015 0.1231720 0.1231720 0.1235015 0.1234054 
OM562576/KEN/cow/2016/SAT1/I-NWZ/Unknown               0.1069496 0.6553115 0.0806699 0.0782924 0.1413198 0.1018950 0.0732283 0.0755709 0.0706911 0.0815670 0.7634622 0.7634622 0.7644272 0.7636339 0.1873927 0.0845282 0.0832621 0.4997008 0.7127578 0.6519341 0.7169038 0.1971841 0.1757884 0.0988206 0.7559652 0.7567160 0.7602838 0.7628965 0.1980591 0.0708603 0.4929967 0.1878941 0.2163098 0.7437643 0.2124388 0.1951558 0.2030149 0.2023934 0.2256819 0.0845282 0.0832621 0.0620163 0.0598621 0.0836312 0.0000000 0.0483185 0.0565738 0.0582722 0.0895680 0.0686103 0.0611954 0.0642129 0.0859197 0.0870484 0.0876783 0.0674439 0.0709016 0.0747303 0.1050088 0.0684869 0.0591984 0.0591984 0.0593908 0.0593908 0.0374853 0.0362405 0.0362405 0.0374853 0.0365063 0.0365063 0.0707914 0.0705608 0.0705608 0.0707914 0.0707484 
OM562571/KEN/cow/2016/SAT1/I-NWZ/Unknown               0.1064517 0.6534140 0.0778585 0.0786741 0.1504774 0.1094733 0.0687213 0.0756054 0.0659382 0.0791385 0.7509031 0.7509031 0.7518563 0.7510728 0.1945948 0.0822784 0.0811570 0.4882407 0.7101966 0.6500451 0.6882480 0.2084275 0.1734033 0.0986508 0.7457334 0.7464750 0.7531259 0.7542167 0.2013531 0.0661062 0.4984734 0.1863580 0.2164518 0.7421814 0.2171107 0.2058707 0.2108566 0.2043082 0.2311520 0.0822784 0.0811570 0.0657751 0.0631967 0.1068849 0.0483185 0.0000000 0.0616768 0.0655032 0.0967599 0.0730731 0.0673834 0.0675606 0.0796398 0.0850980 0.0888544 0.0716333 0.0746235 0.0781064 0.1108505 0.0773322 0.0629075 0.0629075 0.0631037 0.0631037 0.0530930 0.0535741 0.0535741 0.0530930 0.0520073 0.0520073 0.0754973 0.0752603 0.0752603 0.0754973 0.0754506 
OM562566/KEN/cow/2016/SAT1/I-NWZ/Unknown               0.1063805 0.6390939 0.0710194 0.0793150 0.1455910 0.1019197 0.0696608 0.0755952 0.0651793 0.0722585 0.7444258 0.7444258 0.7453724 0.7445943 0.1852215 0.0785862 0.0762120 0.5074084 0.6783680 0.6357943 0.6914508 0.1997405 0.1695403 0.1006475 0.7375622 0.7382970 0.7436230 0.7458867 0.1928014 0.0653477 0.4926343 0.1799009 0.2176287 0.7318724 0.2081931 0.1985769 0.2023905 0.2056177 0.2251093 0.0785862 0.0762120 0.0220740 0.0171345 0.1151221 0.0565738 0.0616768 0.0000000 0.0221541 0.0519770 0.0701298 0.0668428 0.0648471 0.0750703 0.0774791 0.0828624 0.0761822 0.0762965 0.0775448 0.1079342 0.0801899 0.0174653 0.0174653 0.0176221 0.0176221 0.0614951 0.0614333 0.0614333 0.0614951 0.0605621 0.0605621 0.0740119 0.0737764 0.0737764 0.0740119 0.0739663 
OM562565/KEN/cow/2016/SAT1/I-NWZ/Unknown               0.1038971 0.6361610 0.0718328 0.0780987 0.1422863 0.1035866 0.0743062 0.0770971 0.0678669 0.0726895 0.7479494 0.7479494 0.7489596 0.7481802 0.1857002 0.0773932 0.0750755 0.5059901 0.6793815 0.6328745 0.7006195 0.1970579 0.1656399 0.0955851 0.7439892 0.7447276 0.7481034 0.7518602 0.1968507 0.0680354 0.4919497 0.1760832 0.2153685 0.7260343 0.2101938 0.1987807 0.1993741 0.2021849 0.2277296 0.0773932 0.0750755 0.0273168 0.0264393 0.1157397 0.0582722 0.0655032 0.0221541 0.0000000 0.0603559 0.0743965 0.0718386 0.0686896 0.0781026 0.0785004 0.0827840 0.0766176 0.0780299 0.0802197 0.1116215 0.0823908 0.0252427 0.0252427 0.0254057 0.0254057 0.0626621 0.0631724 0.0631724 0.0626621 0.0611711 0.0611711 0.0764195 0.0761816 0.0761816 0.0764195 0.0763722 
OM562563/KEN/cow/2016/SAT1/I-NWZ/Unknown               0.1391282 0.6907967 0.1080507 0.1124388 0.1732893 0.1303552 0.1001811 0.1079501 0.0983124 0.1091147 0.7855147 0.7855147 0.7864986 0.7856896 0.2393880 0.1116290 0.1094739 0.5432997 0.7341081 0.6872773 0.7590094 0.2225759 0.1941245 0.1361594 0.7757403 0.7765071 0.7837304 0.7856000 0.2205938 0.0984956 0.5440895 0.2050714 0.2437136 0.8032186 0.2348577 0.2215666 0.2294760 0.2298975 0.2467412 0.1116290 0.1094739 0.0633455 0.0535667 0.0780352 0.0895680 0.0967599 0.0519770 0.0603559 0.0000000 0.1083222 0.1039518 0.1037353 0.1111659 0.1098724 0.1172258 0.1107849 0.1130510 0.1152698 0.0824458 0.1085557 0.0463969 0.0463969 0.0465853 0.0465853 0.0921658 0.0922430 0.0922430 0.0921658 0.0906337 0.0906337 0.1087959 0.1084975 0.1084975 0.1087959 0.1087170 
