65
MN366244/BGD/cattle/2018/Asia1/ASIA/Unknown      0.0000000 0.1137231 0.1497031 0.1403497 0.1403497 0.1483446 0.1398106 0.1417976 0.1417976 0.1488056 0.1417260 0.1417260 0.1474149 0.1504353 0.1504353 0.1400598 0.1406669 0.1398106 0.1402450 0.1459530 0.1459530 0.1469225 0.1485296 0.1064323 0.1135173 0.1033494 0.1535057 0.1469987 0.1352166 0.1418199 0.1819567 0.1465752 0.1050399 0.1458584 0.1626520 0.1474172 0.1133725 0.1211816 0.1119427 0.1186598 0.1162933 0.1144683 0.1071606 0.1111432 0.1129929 0.1409630 0.1276530 0.1045654 0.0979536 0.1059459 0.1134931 0.1206910 0.1589438 0.1205014 0.1531309 0.1593176 0.1330692 0.1333165 0.1333165 0.1468179 0.1442701 0.1562160 0.1443726 0.1100760 0.1536639 
JF749849/PAK/Unknown/2002/Asia1/ASIA/Unknown     0.1137231 0.0000000 0.1537184 0.1525068 0.1525068 0.1505499 0.1457585 0.1466099 0.1466099 0.1528296 0.1532972 0.1532972 0.1512883 0.1529845 0.1529845 0.1456488 0.1462539 0.1457585 0.1461968 0.1477765 0.1477765 0.1512385 0.1522845 0.0981640 0.1217474 0.1229096 0.1576479 0.1637319 0.1363307 0.1515284 0.1892665 0.1560943 0.0648617 0.1537712 0.1842471 0.1555824 0.1230399 0.1273397 0.1220307 0.1292929 0.1161456 0.1251989 0.1142534 0.1057477 0.1205151 0.1469125 0.1229494 0.1073306 0.0910415 0.0972482 0.1017663 0.1102758 0.1649464 0.1136753 0.1561553 0.1622369 0.1337571 0.1335057 0.1335057 0.1562064 0.1673341 0.1617882 0.1551899 0.0493268 0.1608424 
OM471680/PAK/buffalo/2012/Asia1/ASIA/Unknown     0.1497031 0.1537184 0.0000000 0.0647424 0.0647424 0.0196013 0.0157800 0.0118945 0.0118945 0.0004301 0.0649400 0.0653347 0.0071719 0.0225382 0.0225382 0.0156207 0.0159371 0.0157800 0.0162657 0.0077537 0.0077537 0.0225109 0.0070252 0.1513866 0.1819494 0.1578572 0.0327503 0.1022542 0.0469465 0.1576254 0.2028132 0.1617912 0.1467818 0.1605561 0.1888258 0.1635361 0.1616252 0.1642109 0.1593807 0.1657717 0.1611014 0.1642247 0.1518950 0.1571817 0.1599502 0.1418390 0.1685665 0.1676582 0.1647678 0.1509255 0.1561246 0.1561993 0.1692263 0.1621299 0.1623922 0.1672185 0.1579438 0.1582093 0.1582093 0.1695194 0.1637109 0.1695912 0.1599751 0.1486383 0.1651056 
OM471679/PAK/cattle/2012/Asia1/ASIA/Unknown      0.1403497 0.1525068 0.0647424 0.0000000 0.0002867 0.0620708 0.0535285 0.0560279 0.0560279 0.0641249 0.0012946 0.0012946 0.0631468 0.0618260 0.0618260 0.0548961 0.0552958 0.0535285 0.0541628 0.0617438 0.0617438 0.0617064 0.0633963 0.1544665 0.1799929 0.1429935 0.0713630 0.0809030 0.0736342 0.1577118 0.1933343 0.1618973 0.1098175 0.1594531 0.1834684 0.1613472 0.1563620 0.1599923 0.1571129 0.1632229 0.1532279 0.1628493 0.1508890 0.1440656 0.1580779 0.1315992 0.1732600 0.1647637 0.1619025 0.1545448 0.1564593 0.1493254 0.1719042 0.1566844 0.1637441 0.1682246 0.1460823 0.1463436 0.1463436 0.1633901 0.1633434 0.1606292 0.1608477 0.1473243 0.1641227 
OM471678/PAK/cattle/2012/Asia1/ASIA/Unknown      0.1403497 0.1525068 0.0647424 0.0002867 0.0000000 0.0620708 0.0535285 0.0560279 0.0560279 0.0641249 0.0012946 0.0012946 0.0631468 0.0618260 0.0618260 0.0548961 0.0552958 0.0535285 0.0541628 0.0617438 0.0617438 0.0617064 0.0633963 0.1544665 0.1806896 0.1429935 0.0717953 0.0807110 0.0736342 0.1583514 0.1933343 0.1625457 0.1098175 0.1600972 0.1834684 0.1619933 0.1563620 0.1599923 0.1571129 0.1632229 0.1532279 0.1628493 0.1508890 0.1440656 0.1580779 0.1315992 0.1725966 0.1654250 0.1619025 0.1545448 0.1558266 0.1487126 0.1712195 0.1560511 0.1630836 0.1675517 0.1460823 0.1463436 0.1463436 0.1627329 0.1633434 0.1599947 0.1614930 0.1473243 0.1647785 
OM471677/PAK/buffalo/2012/Asia1/ASIA/Unknown     0.1483446 0.1505499 0.0196013 0.0620708 0.0620708 0.0000000 0.0120087 0.0085111 0.0085111 0.0191191 0.0622660 0.0626555 0.0180104 0.0201952 0.0201952 0.0121585 0.0124674 0.0120087 0.0124799 0.0182786 0.0182786 0.0192090 0.0178532 0.1486190 0.1781341 0.1557475 0.0296030 0.0990736 0.0440878 0.1531891 0.2006393 0.1570227 0.1426388 0.1566307 0.1873976 0.1595945 0.1600460 0.1626095 0.1589288 0.1657859 0.1613169 0.1639501 0.1521913 0.1559619 0.1602467 0.1377237 0.1657800 0.1664938 0.1613911 0.1486969 0.1533551 0.1541801 0.1675294 0.1624822 0.1613335 0.1661416 0.1566843 0.1569497 0.1569497 0.1683057 0.1611646 0.1681229 0.1557879 0.1459884 0.1603216 
OM471676/PAK/cattle/2011/Asia1/ASIA/Unknown      0.1398106 0.1457585 0.0157800 0.0535285 0.0535285 0.0120087 0.0000000 0.0042030 0.0042030 0.0153082 0.0540943 0.0544714 0.0145347 0.0118785 0.0118785 0.0024538 0.0027452 0.0000010 0.0004306 0.0141806 0.0141806 0.0088209 0.0143802 0.1404686 0.1685734 0.1469635 0.0206481 0.0902693 0.0355092 0.1468394 0.1902393 0.1508692 0.1363625 0.1496739 0.1787270 0.1531472 0.1502035 0.1520670 0.1490396 0.1547335 0.1515157 0.1540240 0.1414381 0.1475323 0.1491667 0.1307214 0.1583422 0.1599302 0.1535818 0.1405456 0.1456737 0.1448318 0.1607395 0.1532727 0.1547214 0.1594075 0.1479851 0.1482466 0.1482466 0.1605378 0.1543976 0.1609813 0.1493891 0.1391518 0.1543574 
OM471675/PAK/cattle/2011/Asia1/ASIA/Unknown      0.1417976 0.1466099 0.0118945 0.0560279 0.0560279 0.0085111 0.0042030 0.0000000 0.0000010 0.0114329 0.0562187 0.0565988 0.0106733 0.0123255 0.0123255 0.0043485 0.0046429 0.0042030 0.0046474 0.0106437 0.0106437 0.0110867 0.0105216 0.1430101 0.1703791 0.1498344 0.0230907 0.0918487 0.0375917 0.1496078 0.1921622 0.1536633 0.1386159 0.1524606 0.1800418 0.1553967 0.1531414 0.1556049 0.1514795 0.1580414 0.1549951 0.1569839 0.1448838 0.1497184 0.1527512 0.1320014 0.1598200 0.1602715 0.1547679 0.1430873 0.1476436 0.1487353 0.1615791 0.1562025 0.1555491 0.1602401 0.1501050 0.1503668 0.1503668 0.1614191 0.1566581 0.1628745 0.1521723 0.1413468 0.1571809 
OM471674/PAK/cattle/2011/Asia1/ASIA/Unknown      0.1417976 0.1466099 0.0118945 0.0560279 0.0560279 0.0085111 0.0042030 0.0000010 0.0000000 0.0114329 0.0562187 0.0565988 0.0106733 0.0123255 0.0123255 0.0043485 0.0046429 0.0042030 0.0046474 0.0106437 0.0106437 0.0110867 0.0105216 0.1430101 0.1703791 0.1498344 0.0230907 0.0918487 0.0375917 0.1496078 0.1921622 0.1536633 0.1386159 0.1524606 0.1800418 0.1553967 0.1531414 0.1556049 0.1514795 0.1580414 0.1549951 0.1569839 0.1448838 0.1497184 0.1527512 0.1320014 0.1598200 0.1602715 0.1547679 0.1430873 0.1476436 0.1487353 0.1615791 0.1562025 0.1555491 0.1602401 0.1501050 0.1503668 0.1503668 0.1614191 0.1566581 0.1628745 0.1521723 0.1413468 0.1571809 
OM471673/PAK/cattle/2012/Asia1/ASIA/Unknown      0.1488056 0.1528296 0.0004301 0.0641249 0.0641249 0.0191191 0.0153082 0.0114329 0.0114329 0.0000000 0.0643221 0.0647159 0.0067237 0.0220477 0.0220477 0.0151494 0.0154649 0.0153082 0.0157923 0.0073051 0.0073051 0.0220211 0.0065773 0.1504976 0.1809519 0.1569410 0.0322328 0.1015239 0.0463876 0.1567196 0.2023930 0.1608737 0.1459002 0.1596421 0.1878131 0.1626177 0.1606850 0.1632556 0.1584438 0.1648106 0.1601701 0.1632801 0.1509767 0.1562713 0.1590097 0.1409948 0.1676342 0.1667135 0.1638289 0.1500374 0.1552199 0.1553046 0.1682611 0.1612105 0.1614568 0.1662660 0.1570508 0.1573158 0.1573158 0.1691421 0.1633440 0.1686657 0.1590629 0.1477556 0.1641762 
OM471672/PAK/cattle/2012/Asia1/ASIA/Unknown      0.1417260 0.1532972 0.0649400 0.0012946 0.0012946 0.0622660 0.0540943 0.0562187 0.0562187 0.0643221 0.0000000 0.0002867 0.0637618 0.0624346 0.0624346 0.0554649 0.0558656 0.0540943 0.0547304 0.0619390 0.0619390 0.0622905 0.0635933 0.1552579 0.1805134 0.1428728 0.0719671 0.0813716 0.0751010 0.1594049 0.1936007 0.1636084 0.1099950 0.1605969 0.1837198 0.1624930 0.1571912 0.1604973 0.1576119 0.1640729 0.1540256 0.1633492 0.1513849 0.1451580 0.1585789 0.1323367 0.1730059 0.1661588 0.1624072 0.1553362 0.1566239 0.1494920 0.1715091 0.1568490 0.1633662 0.1678377 0.1465647 0.1468261 0.1468261 0.1635538 0.1644910 0.1602406 0.1625518 0.1483880 0.1658505 
OM471671/PAK/cattle/2012/Asia1/ASIA/Unknown      0.1417260 0.1532972 0.0653347 0.0012946 0.0012946 0.0626555 0.0544714 0.0565988 0.0565988 0.0647159 0.0002867 0.0000000 0.0641552 0.0628242 0.0628242 0.0558441 0.0562454 0.0544714 0.0551088 0.0623285 0.0623285 0.0626801 0.0639868 0.1552579 0.1805134 0.1428728 0.0723706 0.0813716 0.0751010 0.1594049 0.1936007 0.1636084 0.1099950 0.1605969 0.1837198 0.1624930 0.1571912 0.1604973 0.1576119 0.1640729 0.1540256 0.1633492 0.1513849 0.1451580 0.1585789 0.1323367 0.1730059 0.1661588 0.1624072 0.1553362 0.1566239 0.1494920 0.1715091 0.1568490 0.1633662 0.1678377 0.1465647 0.1468261 0.1468261 0.1641223 0.1644910 0.1607901 0.1625518 0.1483880 0.1658505 
OM471670/PAK/buffalo/2012/Asia1/ASIA/Unknown     0.1474149 0.1512883 0.0071719 0.0631468 0.0631468 0.0180104 0.0145347 0.0106733 0.0106733 0.0067237 0.0637618 0.0641552 0.0000000 0.0210704 0.0210704 0.0146864 0.0150012 0.0145347 0.0150164 0.0070116 0.0070116 0.0215441 0.0033268 0.1500483 0.1789327 0.1553998 0.0315701 0.1010387 0.0462319 0.1539013 0.2021404 0.1580246 0.1454954 0.1568020 0.1884356 0.1597680 0.1596743 0.1628124 0.1582137 0.1646661 0.1591674 0.1628428 0.1505151 0.1566516 0.1592171 0.1405384 0.1665399 0.1641269 0.1628354 0.1495871 0.1547778 0.1537411 0.1676720 0.1608312 0.1614341 0.1655898 0.1565224 0.1567884 0.1567884 0.1670598 0.1619858 0.1679893 0.1570546 0.1481890 0.1628131 
OM471669/PAK/cattle/2012/Asia1/ASIA/Unknown      0.1504353 0.1529845 0.0225382 0.0618260 0.0618260 0.0201952 0.0118785 0.0123255 0.0123255 0.0220477 0.0624346 0.0628242 0.0210704 0.0000000 0.0000010 0.0123378 0.0126487 0.0118785 0.0123502 0.0208539 0.0208539 0.0190897 0.0214101 0.1510000 0.1786168 0.1559286 0.0311520 0.0978446 0.0434344 0.1569723 0.2031267 0.1605913 0.1449263 0.1592703 0.1927549 0.1622574 0.1602550 0.1615943 0.1578249 0.1643706 0.1603143 0.1636078 0.1516939 0.1571539 0.1592295 0.1384573 0.1680647 0.1673861 0.1656218 0.1510782 0.1564514 0.1552658 0.1696718 0.1639552 0.1633607 0.1688026 0.1560648 0.1563309 0.1563309 0.1717137 0.1627695 0.1683479 0.1587248 0.1495769 0.1648751 
OM471668/PAK/cattle/2012/Asia1/ASIA/Unknown      0.1504353 0.1529845 0.0225382 0.0618260 0.0618260 0.0201952 0.0118785 0.0123255 0.0123255 0.0220477 0.0624346 0.0628242 0.0210704 0.0000010 0.0000000 0.0123378 0.0126487 0.0118785 0.0123502 0.0208539 0.0208539 0.0190897 0.0214101 0.1510000 0.1786168 0.1559286 0.0311520 0.0978446 0.0434344 0.1569723 0.2031267 0.1605913 0.1449263 0.1592703 0.1927549 0.1622574 0.1602550 0.1615943 0.1578249 0.1643706 0.1603143 0.1636078 0.1516939 0.1571539 0.1592295 0.1384573 0.1680647 0.1673861 0.1656218 0.1510782 0.1564514 0.1552658 0.1696718 0.1639552 0.1633607 0.1688026 0.1560648 0.1563309 0.1563309 0.1717137 0.1627695 0.1683479 0.1587248 0.1495769 0.1648751 
OM471667/PAK/buffalo/2011/Asia1/ASIA/Unknown     0.1400598 0.1456488 0.0156207 0.0548961 0.0548961 0.0121585 0.0024538 0.0043485 0.0043485 0.0151494 0.0554649 0.0558441 0.0146864 0.0123378 0.0123378 0.0000000 0.0002867 0.0024538 0.0028928 0.0143316 0.0143316 0.0086740 0.0145318 0.1407157 0.1681611 0.1472162 0.0230929 0.0900189 0.0360409 0.1455457 0.1911290 0.1495547 0.1377436 0.1483655 0.1785630 0.1518275 0.1504021 0.1515416 0.1492388 0.1549344 0.1510805 0.1535817 0.1416365 0.1459309 0.1493661 0.1298273 0.1577409 0.1599370 0.1531998 0.1407927 0.1459229 0.1450243 0.1593661 0.1534678 0.1533929 0.1580515 0.1477535 0.1480146 0.1480146 0.1591948 0.1542653 0.1597217 0.1480829 0.1387474 0.1529651 
OM471666/PAK/buffalo/2011/Asia1/ASIA/Unknown     0.1406669 0.1462539 0.0159371 0.0552958 0.0552958 0.0124674 0.0027452 0.0046429 0.0046429 0.0154649 0.0558656 0.0562454 0.0150012 0.0126487 0.0126487 0.0002867 0.0000000 0.0027452 0.0031852 0.0146448 0.0146448 0.0088218 0.0148463 0.1413185 0.1681611 0.1478360 0.0234225 0.0904963 0.0360409 0.1461576 0.1918351 0.1501753 0.1383397 0.1489836 0.1792558 0.1524500 0.1510381 0.1521842 0.1498745 0.1555854 0.1517129 0.1542223 0.1422569 0.1465473 0.1500029 0.1303918 0.1583747 0.1601872 0.1531998 0.1413956 0.1465360 0.1456317 0.1600246 0.1540977 0.1540307 0.1587019 0.1483612 0.1486227 0.1486227 0.1598387 0.1542653 0.1603538 0.1487001 0.1393444 0.1535946 
OM471665/PAK/buffalo/2011/Asia1/ASIA/Unknown     0.1398106 0.1457585 0.0157800 0.0535285 0.0535285 0.0120087 0.0000010 0.0042030 0.0042030 0.0153082 0.0540943 0.0544714 0.0145347 0.0118785 0.0118785 0.0024538 0.0027452 0.0000000 0.0004306 0.0141806 0.0141806 0.0088209 0.0143802 0.1404686 0.1685734 0.1469635 0.0206481 0.0902693 0.0355092 0.1468394 0.1902393 0.1508692 0.1363625 0.1496739 0.1787270 0.1531472 0.1502035 0.1520670 0.1490396 0.1547335 0.1515157 0.1540240 0.1414381 0.1475323 0.1491667 0.1307214 0.1583422 0.1599302 0.1535818 0.1405456 0.1456737 0.1448318 0.1607395 0.1532727 0.1547214 0.1594075 0.1479851 0.1482466 0.1482466 0.1605378 0.1543976 0.1609813 0.1493891 0.1391518 0.1543574 
OM471664/PAK/buffalo/2011/Asia1/ASIA/Unknown     0.1402450 0.1461968 0.0162657 0.0541628 0.0541628 0.0124799 0.0004306 0.0046474 0.0046474 0.0157923 0.0547304 0.0551088 0.0150164 0.0123502 0.0123502 0.0028928 0.0031852 0.0004306 0.0000000 0.0146596 0.0146596 0.0089779 0.0148614 0.1405782 0.1690845 0.1474137 0.0208237 0.0910586 0.0360678 0.1472850 0.1907914 0.1513245 0.1367847 0.1501264 0.1792592 0.1536058 0.1503277 0.1525386 0.1495024 0.1552124 0.1519790 0.1544954 0.1418835 0.1479821 0.1496303 0.1308168 0.1588122 0.1604114 0.1540513 0.1406553 0.1461172 0.1452705 0.1612310 0.1537339 0.1551924 0.1598919 0.1484275 0.1486895 0.1486895 0.1610183 0.1548601 0.1615384 0.1498406 0.1395794 0.1548224 
OM471663/PAK/cattle/2012/Asia1/ASIA/Unknown      0.1459530 0.1477765 0.0077537 0.0617438 0.0617438 0.0182786 0.0141806 0.0106437 0.0106437 0.0073051 0.0619390 0.0623285 0.0070116 0.0208539 0.0208539 0.0143316 0.0146448 0.0141806 0.0146596 0.0000000 0.0000010 0.0205107 0.0064186 0.1482124 0.1764874 0.1518356 0.0318178 0.1004504 0.0446114 0.1544014 0.1977339 0.1585229 0.1424804 0.1573009 0.1852691 0.1602634 0.1558308 0.1594624 0.1538253 0.1605469 0.1580168 0.1584013 0.1457725 0.1544984 0.1548018 0.1384843 0.1649475 0.1649993 0.1608343 0.1477548 0.1528904 0.1524972 0.1658288 0.1591808 0.1596719 0.1644385 0.1551547 0.1554189 0.1554189 0.1652153 0.1612758 0.1665541 0.1570050 0.1446973 0.1627522 
OM471662/PAK/cattle/2012/Asia1/ASIA/Unknown      0.1459530 0.1477765 0.0077537 0.0617438 0.0617438 0.0182786 0.0141806 0.0106437 0.0106437 0.0073051 0.0619390 0.0623285 0.0070116 0.0208539 0.0208539 0.0143316 0.0146448 0.0141806 0.0146596 0.0000010 0.0000000 0.0205107 0.0064186 0.1482124 0.1764874 0.1518356 0.0318178 0.1004504 0.0446114 0.1544014 0.1977339 0.1585229 0.1424804 0.1573009 0.1852691 0.1602634 0.1558308 0.1594624 0.1538253 0.1605469 0.1580168 0.1584013 0.1457725 0.1544984 0.1548018 0.1384843 0.1649475 0.1649993 0.1608343 0.1477548 0.1528904 0.1524972 0.1658288 0.1591808 0.1596719 0.1644385 0.1551547 0.1554189 0.1554189 0.1652153 0.1612758 0.1665541 0.1570050 0.1446973 0.1627522 
OM471661/PAK/cattle/2012/Asia1/ASIA/Unknown      0.1469225 0.1512385 0.0225109 0.0617064 0.0617064 0.0192090 0.0088209 0.0110867 0.0110867 0.0220211 0.0622905 0.0626801 0.0215441 0.0190897 0.0190897 0.0086740 0.0088218 0.0088209 0.0089779 0.0205107 0.0205107 0.0000000 0.0213843 0.1489343 0.1752975 0.1561341 0.0285644 0.0984382 0.0424817 0.1519802 0.2024366 0.1560792 0.1449085 0.1559585 0.1858282 0.1600197 0.1592190 0.1611956 0.1563672 0.1636563 0.1590958 0.1618882 0.1502627 0.1550911 0.1581983 0.1377024 0.1671506 0.1662535 0.1614619 0.1490122 0.1522007 0.1545944 0.1683358 0.1634499 0.1620908 0.1667774 0.1555970 0.1558628 0.1558628 0.1695040 0.1599327 0.1680721 0.1551750 0.1466279 0.1604946 
OM471660/PAK/buffalo/2012/Asia1/ASIA/Unknown     0.1485296 0.1522845 0.0070252 0.0633963 0.0633963 0.0178532 0.0143802 0.0105216 0.0105216 0.0065773 0.0635933 0.0639868 0.0033268 0.0214101 0.0214101 0.0145318 0.0148463 0.0143802 0.0148614 0.0064186 0.0064186 0.0213843 0.0000000 0.1510461 0.1795657 0.1554189 0.0317606 0.1020799 0.0460703 0.1546854 0.2015945 0.1585432 0.1458673 0.1575968 0.1887074 0.1605702 0.1597767 0.1629141 0.1583174 0.1647656 0.1605585 0.1629425 0.1506247 0.1568813 0.1593204 0.1414051 0.1679108 0.1649063 0.1640840 0.1505835 0.1557973 0.1542862 0.1689869 0.1607677 0.1627167 0.1668886 0.1573033 0.1575695 0.1575695 0.1678673 0.1636190 0.1693729 0.1578493 0.1486420 0.1636311 
MF372126/IND/gayal/1994/Asia1/ASIA/Unknown       0.1064323 0.0981640 0.1513866 0.1544665 0.1544665 0.1486190 0.1404686 0.1430101 0.1430101 0.1504976 0.1552579 0.1552579 0.1500483 0.1510000 0.1510000 0.1407157 0.1413185 0.1404686 0.1405782 0.1482124 0.1482124 0.1489343 0.1510461 0.0000000 0.1218191 0.1084445 0.1559469 0.1525965 0.1422809 0.1414775 0.1745903 0.1469714 0.0957250 0.1451742 0.1658384 0.1469247 0.1090565 0.1114842 0.1058888 0.1163552 0.0996469 0.1117562 0.1019272 0.0870703 0.1068910 0.1332488 0.1214845 0.0914318 0.0819511 0.0025978 0.0427114 0.0937351 0.1464659 0.0916371 0.1394377 0.1461231 0.1113882 0.1111563 0.1111563 0.1428916 0.1473922 0.1413606 0.1438497 0.0963744 0.1505119 
MF372125/IND/gayal/2016/Asia1/ASIA/Unknown       0.1135173 0.1217474 0.1819494 0.1799929 0.1806896 0.1781341 0.1685734 0.1703791 0.1703791 0.1809519 0.1805134 0.1805134 0.1789327 0.1786168 0.1786168 0.1681611 0.1681611 0.1685734 0.1690845 0.1764874 0.1764874 0.1752975 0.1795657 0.1218191 0.0000000 0.1078622 0.1814275 0.1680149 0.1689243 0.1706839 0.2062326 0.1752091 0.1315796 0.1744193 0.2003648 0.1769335 0.1354642 0.1354088 0.1334292 0.1410760 0.1327910 0.1357233 0.1293098 0.1325988 0.1346935 0.1682687 0.1506697 0.1152071 0.0668057 0.1207431 0.1276335 0.1397302 0.1832486 0.1387806 0.1781859 0.1844882 0.1550507 0.1547768 0.1547768 0.1778848 0.1684347 0.1812792 0.1736972 0.1223327 0.1816483 
MF782478/BGD/cattle/2013/Asia1/ASIA/Unknown      0.1033494 0.1229096 0.1578572 0.1429935 0.1429935 0.1557475 0.1469635 0.1498344 0.1498344 0.1569410 0.1428728 0.1428728 0.1553998 0.1559286 0.1559286 0.1472162 0.1478360 0.1469635 0.1474137 0.1518356 0.1518356 0.1561341 0.1554189 0.1084445 0.1078622 0.0000000 0.1626699 0.1503981 0.1491206 0.1467439 0.1833352 0.1518657 0.1025757 0.1497955 0.1732634 0.1524739 0.1027351 0.1109646 0.1009911 0.1043223 0.1134968 0.1018363 0.0957228 0.1124696 0.1004226 0.1557429 0.1362542 0.0995114 0.0934549 0.1069020 0.1094254 0.1215444 0.1532833 0.1228843 0.1501091 0.1538707 0.1343827 0.1346277 0.1346277 0.1578940 0.1508350 0.1579247 0.1483724 0.1196575 0.1529223 
KM268898/TUR/cattle/2013/Asia1/ASIA/Unknown      0.1535057 0.1576479 0.0327503 0.0713630 0.0717953 0.0296030 0.0206481 0.0230907 0.0230907 0.0322328 0.0719671 0.0723706 0.0315701 0.0311520 0.0311520 0.0230929 0.0234225 0.0206481 0.0208237 0.0318178 0.0318178 0.0285644 0.0317606 0.1559469 0.1814275 0.1626699 0.0000000 0.1063841 0.0533013 0.1575927 0.2063324 0.1626946 0.1491049 0.1599821 0.1909743 0.1629746 0.1651863 0.1654583 0.1640478 0.1706800 0.1654989 0.1688806 0.1552342 0.1589265 0.1639177 0.1462109 0.1710517 0.1727894 0.1676699 0.1560252 0.1599885 0.1609395 0.1744310 0.1668307 0.1675669 0.1748264 0.1577291 0.1579967 0.1579967 0.1731856 0.1712709 0.1752079 0.1582948 0.1529548 0.1643033 
JN006720/PAK/Unknown/2009/Asia1/ASIA/Unknown     0.1469987 0.1637319 0.1022542 0.0809030 0.0807110 0.0990736 0.0902693 0.0918487 0.0918487 0.1015239 0.0813716 0.0813716 0.1010387 0.0978446 0.0978446 0.0900189 0.0904963 0.0902693 0.0910586 0.1004504 0.1004504 0.0984382 0.1020799 0.1525965 0.1680149 0.1503981 0.1063841 0.0000000 0.0827266 0.1697723 0.2001766 0.1757320 0.1307978 0.1727343 0.1995521 0.1752214 0.1624619 0.1626670 0.1598978 0.1673341 0.1585809 0.1684521 0.1583022 0.1451147 0.1624239 0.1358515 0.1738654 0.1669061 0.1513438 0.1518365 0.1572865 0.1575034 0.1743737 0.1598859 0.1661545 0.1725927 0.1513908 0.1511200 0.1511200 0.1704112 0.1711075 0.1645272 0.1735847 0.1550221 0.1799422 
JN006719/PAK/Unknown/2008/Asia1/ASIA/Unknown     0.1352166 0.1363307 0.0469465 0.0736342 0.0736342 0.0440878 0.0355092 0.0375917 0.0375917 0.0463876 0.0751010 0.0751010 0.0462319 0.0434344 0.0434344 0.0360409 0.0360409 0.0355092 0.0360678 0.0446114 0.0446114 0.0424817 0.0460703 0.1422809 0.1689243 0.1491206 0.0533013 0.0827266 0.0000000 0.1462141 0.1873305 0.1505607 0.1413521 0.1490288 0.1855226 0.1514010 0.1479617 0.1530712 0.1473325 0.1537074 0.1479664 0.1530150 0.1407308 0.1470659 0.1478585 0.1315140 0.1547533 0.1561041 0.1508030 0.1425946 0.1451809 0.1421633 0.1627356 0.1494959 0.1536154 0.1592419 0.1450402 0.1452991 0.1452991 0.1557985 0.1556303 0.1563403 0.1476729 0.1299885 0.1537107 
HQ631363/CHN/pig/2006/Asia1/ASIA/Unknown         0.1418199 0.1515284 0.1576254 0.1577118 0.1583514 0.1531891 0.1468394 0.1496078 0.1496078 0.1567196 0.1594049 0.1594049 0.1539013 0.1569723 0.1569723 0.1455457 0.1461576 0.1468394 0.1472850 0.1544014 0.1544014 0.1519802 0.1546854 0.1414775 0.1706839 0.1467439 0.1575927 0.1697723 0.1462141 0.0000000 0.1756865 0.0036196 0.1517958 0.0058223 0.1371750 0.0094163 0.1494517 0.1511287 0.1482162 0.1518506 0.1538340 0.1516118 0.1427132 0.1395723 0.1503705 0.1455146 0.1519847 0.1618752 0.1461685 0.1398137 0.1449903 0.1386433 0.1329488 0.1365804 0.1246822 0.1286949 0.1335506 0.1337988 0.1337988 0.1180172 0.1357330 0.1323005 0.0065577 0.1364718 0.0134320 
HQ632774/MYS/cattle/1999/Asia1/ASIA/Unknown      0.1819567 0.1892665 0.2028132 0.1933343 0.1933343 0.2006393 0.1902393 0.1921622 0.1921622 0.2023930 0.1936007 0.1936007 0.2021404 0.2031267 0.2031267 0.1911290 0.1918351 0.1902393 0.1907914 0.1977339 0.1977339 0.2024366 0.2015945 0.1745903 0.2062326 0.1833352 0.2063324 0.2001766 0.1873305 0.1756865 0.0000000 0.1817145 0.1904077 0.1804148 0.1237275 0.1811003 0.1888035 0.1982486 0.1900449 0.1986249 0.1844806 0.1955866 0.1817517 0.1727283 0.1937114 0.1682201 0.1807371 0.1857321 0.1826331 0.1739468 0.1661659 0.1722724 0.1617404 0.1673035 0.1518846 0.1580536 0.1679450 0.1676616 0.1676616 0.1644428 0.1687036 0.1716589 0.1765249 0.1830523 0.1807767 
FJ906802/CHN/pig/2006/Asia1/ASIA/Unknown         0.1465752 0.1560943 0.1617912 0.1618973 0.1625457 0.1570227 0.1508692 0.1536633 0.1536633 0.1608737 0.1636084 0.1636084 0.1580246 0.1605913 0.1605913 0.1495547 0.1501753 0.1508692 0.1513245 0.1585229 0.1585229 0.1560792 0.1585432 0.1469714 0.1752091 0.1518657 0.1626946 0.1757320 0.1505607 0.0036196 0.1817145 0.0000000 0.1569631 0.0092766 0.1408558 0.0129512 0.1542604 0.1562470 0.1530139 0.1567475 0.1590219 0.1564682 0.1474334 0.1442340 0.1558456 0.1507491 0.1570503 0.1667160 0.1507299 0.1452781 0.1505827 0.1440976 0.1373535 0.1414925 0.1289338 0.1327231 0.1386270 0.1388787 0.1388787 0.1224862 0.1401760 0.1359028 0.0097229 0.1402387 0.0154904 
HQ113233/AFG/cow/2009/Asia1/ASIA/Unknown         0.1050399 0.0648617 0.1467818 0.1098175 0.1098175 0.1426388 0.1363625 0.1386159 0.1386159 0.1459002 0.1099950 0.1099950 0.1454954 0.1449263 0.1449263 0.1377436 0.1383397 0.1363625 0.1367847 0.1424804 0.1424804 0.1449085 0.1458673 0.0957250 0.1315796 0.1025757 0.1491049 0.1307978 0.1413521 0.1517958 0.1904077 0.1569631 0.0000000 0.1543912 0.1744616 0.1540668 0.1110325 0.1213908 0.1106808 0.1188162 0.1148742 0.1159773 0.1053312 0.0980206 0.1114685 0.1350110 0.1242342 0.1082804 0.1033812 0.0948248 0.1005079 0.1090150 0.1546782 0.1081536 0.1490462 0.1549940 0.1257169 0.1259551 0.1259551 0.1582084 0.1534185 0.1488962 0.1548853 0.0679269 0.1584225 
GQ452295/VNM/cattle/2007/Asia1/ASIA/Unknown      0.1458584 0.1537712 0.1605561 0.1594531 0.1600972 0.1566307 0.1496739 0.1524606 0.1524606 0.1596421 0.1605969 0.1605969 0.1568020 0.1592703 0.1592703 0.1483655 0.1489836 0.1496739 0.1501264 0.1573009 0.1573009 0.1559585 0.1575968 0.1451742 0.1744193 0.1497955 0.1599821 0.1727343 0.1490288 0.0058223 0.1804148 0.0092766 0.1543912 0.0000000 0.1390066 0.0034722 0.1536456 0.1564437 0.1529344 0.1566692 0.1592320 0.1557690 0.1473508 0.1413553 0.1548788 0.1486511 0.1567339 0.1671088 0.1491756 0.1434877 0.1490826 0.1431639 0.1349465 0.1413351 0.1277530 0.1312638 0.1381428 0.1383942 0.1383942 0.1227123 0.1393878 0.1369697 0.0119977 0.1414974 0.0189593 
GU125646/VNM/buffalo/2005/Asia1/ASIA/Unknown     0.1626520 0.1842471 0.1888258 0.1834684 0.1834684 0.1873976 0.1787270 0.1800418 0.1800418 0.1878131 0.1837198 0.1837198 0.1884356 0.1927549 0.1927549 0.1785630 0.1792558 0.1787270 0.1792592 0.1852691 0.1852691 0.1858282 0.1887074 0.1658384 0.2003648 0.1732634 0.1909743 0.1995521 0.1855226 0.1371750 0.1237275 0.1408558 0.1744616 0.1390066 0.0000000 0.1438050 0.1806415 0.1859243 0.1787215 0.1835838 0.1802699 0.1827126 0.1715830 0.1698180 0.1816630 0.1719506 0.1755873 0.1868466 0.1770922 0.1642791 0.1678176 0.1714769 0.1611777 0.1672658 0.1538764 0.1611516 0.1611678 0.1614387 0.1614387 0.1629449 0.1697762 0.1661702 0.1406386 0.1685554 0.1432533 
GU125645/VNM/cattle/2007/Asia1/ASIA/Unknown      0.1474172 0.1555824 0.1635361 0.1613472 0.1619933 0.1595945 0.1531472 0.1553967 0.1553967 0.1626177 0.1624930 0.1624930 0.1597680 0.1622574 0.1622574 0.1518275 0.1524500 0.1531472 0.1536058 0.1602634 0.1602634 0.1600197 0.1605702 0.1469247 0.1769335 0.1524739 0.1629746 0.1752214 0.1514010 0.0094163 0.1811003 0.0129512 0.1540668 0.0034722 0.1438050 0.0000000 0.1564426 0.1598225 0.1557281 0.1600748 0.1600777 0.1585945 0.1500937 0.1428189 0.1582506 0.1488632 0.1574831 0.1678758 0.1515252 0.1452293 0.1508846 0.1425411 0.1373757 0.1420679 0.1301200 0.1336553 0.1403997 0.1406519 0.1406519 0.1238773 0.1398270 0.1379916 0.0154119 0.1427523 0.0228502 
DQ989323/IND/cattle/2002/Asia1/ASIA/Unknown      0.1133725 0.1230399 0.1616252 0.1563620 0.1563620 0.1600460 0.1502035 0.1531414 0.1531414 0.1606850 0.1571912 0.1571912 0.1596743 0.1602550 0.1602550 0.1504021 0.1510381 0.1502035 0.1503277 0.1558308 0.1558308 0.1592190 0.1597767 0.1090565 0.1354642 0.1027351 0.1651863 0.1624619 0.1479617 0.1494517 0.1888035 0.1542604 0.1110325 0.1536456 0.1806415 0.1564426 0.0000000 0.0264279 0.0152621 0.0176407 0.0578725 0.0182120 0.0192039 0.1035532 0.0163437 0.1562962 0.1305621 0.1227567 0.1169787 0.1075375 0.1157949 0.1169793 0.1576747 0.1151539 0.1538837 0.1590876 0.1307430 0.1304912 0.1304912 0.1498844 0.1538816 0.1468208 0.1504815 0.1228164 0.1573494 
DQ989322/IND/cattle/2002/Asia1/ASIA/Unknown      0.1211816 0.1273397 0.1642109 0.1599923 0.1599923 0.1626095 0.1520670 0.1556049 0.1556049 0.1632556 0.1604973 0.1604973 0.1628124 0.1615943 0.1615943 0.1515416 0.1521842 0.1520670 0.1525386 0.1594624 0.1594624 0.1611956 0.1629141 0.1114842 0.1354088 0.1109646 0.1654583 0.1626670 0.1530712 0.1511287 0.1982486 0.1562470 0.1213908 0.1564437 0.1859243 0.1598225 0.0264279 0.0000000 0.0234471 0.0287536 0.0580946 0.0265769 0.0270990 0.1054957 0.0237120 0.1606362 0.1400708 0.1246915 0.1204834 0.1099279 0.1168906 0.1203828 0.1613202 0.1215307 0.1560530 0.1606694 0.1343516 0.1340939 0.1340939 0.1467561 0.1566755 0.1478225 0.1538559 0.1239164 0.1593239 
DQ989321/IND/cattle/2001/Asia1/ASIA/Unknown      0.1119427 0.1220307 0.1593807 0.1571129 0.1571129 0.1589288 0.1490396 0.1514795 0.1514795 0.1584438 0.1576119 0.1576119 0.1582137 0.1578249 0.1578249 0.1492388 0.1498745 0.1490396 0.1495024 0.1538253 0.1538253 0.1563672 0.1583174 0.1058888 0.1334292 0.1009911 0.1640478 0.1598978 0.1473325 0.1482162 0.1900449 0.1530139 0.1106808 0.1529344 0.1787215 0.1557281 0.0152621 0.0234471 0.0000000 0.0187455 0.0562612 0.0152359 0.0149090 0.0991499 0.0127667 0.1547110 0.1294632 0.1196547 0.1153176 0.1048420 0.1133557 0.1147990 0.1614384 0.1141495 0.1566396 0.1609108 0.1291607 0.1289071 0.1289071 0.1486404 0.1529084 0.1454308 0.1498513 0.1199086 0.1552298 
DQ989320/IND/cattle/2002/Asia1/ASIA/Unknown      0.1186598 0.1292929 0.1657717 0.1632229 0.1632229 0.1657859 0.1547335 0.1580414 0.1580414 0.1648106 0.1640729 0.1640729 0.1646661 0.1643706 0.1643706 0.1549344 0.1555854 0.1547335 0.1552124 0.1605469 0.1605469 0.1636563 0.1647656 0.1163552 0.1410760 0.1043223 0.1706800 0.1673341 0.1537074 0.1518506 0.1986249 0.1567475 0.1188162 0.1566692 0.1835838 0.1600748 0.0176407 0.0287536 0.0187455 0.0000000 0.0620126 0.0214138 0.0219500 0.1048509 0.0191660 0.1614207 0.1375765 0.1305940 0.1217711 0.1143018 0.1220980 0.1217509 0.1632947 0.1218536 0.1588160 0.1640916 0.1391120 0.1388517 0.1388517 0.1543423 0.1557696 0.1524417 0.1535208 0.1281445 0.1601227 
DQ989319/IND/cattle/2001/Asia1/ASIA/Unknown      0.1162933 0.1161456 0.1611014 0.1532279 0.1532279 0.1613169 0.1515157 0.1549951 0.1549951 0.1601701 0.1540256 0.1540256 0.1591674 0.1603143 0.1603143 0.1510805 0.1517129 0.1515157 0.1519790 0.1580168 0.1580168 0.1590958 0.1605585 0.0996469 0.1327910 0.1134968 0.1654989 0.1585809 0.1479664 0.1538340 0.1844806 0.1590219 0.1148742 0.1592320 0.1802699 0.1600777 0.0578725 0.0580946 0.0562612 0.0620126 0.0000000 0.0592255 0.0520201 0.0873294 0.0547170 0.1474090 0.1282526 0.1182960 0.1128107 0.0979628 0.1002938 0.1039236 0.1567576 0.1082810 0.1500965 0.1552559 0.1268386 0.1265895 0.1265895 0.1487972 0.1514616 0.1482150 0.1577398 0.1164997 0.1638441 
DQ989318/IND/cattle/2002/Asia1/ASIA/Unknown      0.1144683 0.1251989 0.1642247 0.1628493 0.1628493 0.1639501 0.1540240 0.1569839 0.1569839 0.1632801 0.1633492 0.1633492 0.1628428 0.1636078 0.1636078 0.1535817 0.1542223 0.1540240 0.1544954 0.1584013 0.1584013 0.1618882 0.1629425 0.1117562 0.1357233 0.1018363 0.1688806 0.1684521 0.1530150 0.1516118 0.1955866 0.1564682 0.1159773 0.1557690 0.1827126 0.1585945 0.0182120 0.0265769 0.0152359 0.0214138 0.0592255 0.0000000 0.0193299 0.1032828 0.0156892 0.1567362 0.1311409 0.1210270 0.1176994 0.1102253 0.1175017 0.1167554 0.1715045 0.1177983 0.1633884 0.1686324 0.1307550 0.1305015 0.1305015 0.1534858 0.1567030 0.1496073 0.1528924 0.1231057 0.1589334 
DQ989317/IND/buffalo/2000/Asia1/ASIA/Unknown     0.1071606 0.1142534 0.1518950 0.1508890 0.1508890 0.1521913 0.1414381 0.1448838 0.1448838 0.1509767 0.1513849 0.1513849 0.1505151 0.1516939 0.1516939 0.1416365 0.1422569 0.1414381 0.1418835 0.1457725 0.1457725 0.1502627 0.1506247 0.1019272 0.1293098 0.0957228 0.1552342 0.1583022 0.1407308 0.1427132 0.1817517 0.1474334 0.1053312 0.1473508 0.1715830 0.1500937 0.0192039 0.0270990 0.0149090 0.0219500 0.0520201 0.0193299 0.0000000 0.0931363 0.0163449 0.1502826 0.1228665 0.1141863 0.1097124 0.1004444 0.1088446 0.1094164 0.1563269 0.1104570 0.1498143 0.1543278 0.1270944 0.1268427 0.1268427 0.1442145 0.1476748 0.1402259 0.1443198 0.1115207 0.1504015 
DQ989315/IND/cattle/1993/Asia1/ASIA/Unknown      0.1111432 0.1057477 0.1571817 0.1440656 0.1440656 0.1559619 0.1475323 0.1497184 0.1497184 0.1562713 0.1451580 0.1451580 0.1566516 0.1571539 0.1571539 0.1459309 0.1465473 0.1475323 0.1479821 0.1544984 0.1544984 0.1550911 0.1568813 0.0870703 0.1325988 0.1124696 0.1589265 0.1451147 0.1470659 0.1395723 0.1727283 0.1442340 0.0980206 0.1413553 0.1698180 0.1428189 0.1035532 0.1054957 0.0991499 0.1048509 0.0873294 0.1032828 0.0931363 0.0000000 0.0989468 0.1340506 0.1193911 0.1090821 0.0976525 0.0868327 0.0884827 0.0943506 0.1532350 0.0958209 0.1444607 0.1520684 0.1161315 0.1158908 0.1158908 0.1414833 0.1523260 0.1431768 0.1417520 0.1020778 0.1464965 
DQ989314/IND/cattle/2001/Asia1/ASIA/Unknown      0.1129929 0.1205151 0.1599502 0.1580779 0.1580779 0.1602467 0.1491667 0.1527512 0.1527512 0.1590097 0.1585789 0.1585789 0.1592171 0.1592295 0.1592295 0.1493661 0.1500029 0.1491667 0.1496303 0.1548018 0.1548018 0.1581983 0.1593204 0.1068910 0.1346935 0.1004226 0.1639177 0.1624239 0.1478585 0.1503705 0.1937114 0.1558456 0.1114685 0.1548788 0.1816630 0.1582506 0.0163437 0.0237120 0.0127667 0.0191660 0.0547170 0.0156892 0.0163449 0.0989468 0.0000000 0.1569173 0.1297914 0.1180858 0.1143970 0.1053792 0.1144610 0.1159025 0.1644135 0.1143539 0.1575599 0.1622238 0.1322914 0.1320362 0.1320362 0.1505288 0.1546699 0.1449533 0.1520252 0.1190810 0.1575560 
DQ989313/IND/buffalo/1986/Asia1/ASIA/Unknown     0.1409630 0.1469125 0.1418390 0.1315992 0.1315992 0.1377237 0.1307214 0.1320014 0.1320014 0.1409948 0.1323367 0.1323367 0.1405384 0.1384573 0.1384573 0.1298273 0.1303918 0.1307214 0.1308168 0.1384843 0.1384843 0.1377024 0.1414051 0.1332488 0.1682687 0.1557429 0.1462109 0.1358515 0.1315140 0.1455146 0.1682201 0.1507491 0.1350110 0.1486511 0.1719506 0.1488632 0.1562962 0.1606362 0.1547110 0.1614207 0.1474090 0.1567362 0.1502826 0.1340506 0.1569173 0.0000000 0.1478647 0.1449864 0.1418902 0.1340392 0.1385851 0.1163614 0.1526632 0.1211750 0.1431861 0.1504531 0.1301205 0.1298714 0.1298714 0.1458233 0.1452995 0.1406067 0.1475191 0.1390752 0.1552454 
DQ989312/IND/sheep/1990/Asia1/ASIA/Unknown       0.1276530 0.1229494 0.1685665 0.1732600 0.1725966 0.1657800 0.1583422 0.1598200 0.1598200 0.1676342 0.1730059 0.1730059 0.1665399 0.1680647 0.1680647 0.1577409 0.1583747 0.1583422 0.1588122 0.1649475 0.1649475 0.1671506 0.1679108 0.1214845 0.1506697 0.1362542 0.1710517 0.1738654 0.1547533 0.1519847 0.1807371 0.1570503 0.1242342 0.1567339 0.1755873 0.1574831 0.1305621 0.1400708 0.1294632 0.1375765 0.1282526 0.1311409 0.1228665 0.1193911 0.1297914 0.1478647 0.0000000 0.1086722 0.1204817 0.1208565 0.1178976 0.0912645 0.1547970 0.0923709 0.1447805 0.1513016 0.1329128 0.1326637 0.1326637 0.1514828 0.1586941 0.1567166 0.1543780 0.1175063 0.1580148 
DQ989311/IND/buffalo/2002/Asia1/ASIA/Unknown     0.1045654 0.1073306 0.1676582 0.1647637 0.1654250 0.1664938 0.1599302 0.1602715 0.1602715 0.1667135 0.1661588 0.1661588 0.1641269 0.1673861 0.1673861 0.1599370 0.1601872 0.1599302 0.1604114 0.1649993 0.1649993 0.1662535 0.1649063 0.0914318 0.1152071 0.0995114 0.1727894 0.1669061 0.1561041 0.1618752 0.1857321 0.1667160 0.1082804 0.1671088 0.1868466 0.1678758 0.1227567 0.1246915 0.1196547 0.1305940 0.1182960 0.1210270 0.1141863 0.1090821 0.1180858 0.1449864 0.1086722 0.0000000 0.0774610 0.0912129 0.0980463 0.1080508 0.1617688 0.1047165 0.1535791 0.1595183 0.1267182 0.1264702 0.1264702 0.1570722 0.1486329 0.1501974 0.1652741 0.1047815 0.1693457 
DQ989310/IND/cattle/1999/Asia1/ASIA/Unknown      0.0979536 0.0910415 0.1647678 0.1619025 0.1619025 0.1613911 0.1535818 0.1547679 0.1547679 0.1638289 0.1624072 0.1624072 0.1628354 0.1656218 0.1656218 0.1531998 0.1531998 0.1535818 0.1540513 0.1608343 0.1608343 0.1614619 0.1640840 0.0819511 0.0668057 0.0934549 0.1676699 0.1513438 0.1508030 0.1461685 0.1826331 0.1507299 0.1033812 0.1491756 0.1770922 0.1515252 0.1169787 0.1204834 0.1153176 0.1217711 0.1128107 0.1176994 0.1097124 0.0976525 0.1143970 0.1418902 0.1204817 0.0774610 0.0000000 0.0814776 0.0885181 0.1067438 0.1601113 0.1059501 0.1539700 0.1603143 0.1305476 0.1302965 0.1302965 0.1558502 0.1532925 0.1561948 0.1484857 0.0906230 0.1564549 
DQ989309/IND/cattle/1996/Asia1/ASIA/Unknown      0.1059459 0.0972482 0.1509255 0.1545448 0.1545448 0.1486969 0.1405456 0.1430873 0.1430873 0.1500374 0.1553362 0.1553362 0.1495871 0.1510782 0.1510782 0.1407927 0.1413956 0.1405456 0.1406553 0.1477548 0.1477548 0.1490122 0.1505835 0.0025978 0.1207431 0.1069020 0.1560252 0.1518365 0.1425946 0.1398137 0.1739468 0.1452781 0.0948248 0.1434877 0.1642791 0.1452293 0.1075375 0.1099279 0.1048420 0.1143018 0.0979628 0.1102253 0.1004444 0.0868327 0.1053792 0.1340392 0.1208565 0.0912129 0.0814776 0.0000000 0.0419886 0.0928045 0.1446734 0.0911838 0.1382175 0.1448657 0.1111096 0.1108780 0.1108780 0.1408771 0.1472399 0.1413557 0.1421732 0.0959081 0.1481985 
DQ989308/IND/cattle/1994/Asia1/ASIA/Unknown      0.1134931 0.1017663 0.1561246 0.1564593 0.1558266 0.1533551 0.1456737 0.1476436 0.1476436 0.1552199 0.1566239 0.1566239 0.1547778 0.1564514 0.1564514 0.1459229 0.1465360 0.1456737 0.1461172 0.1528904 0.1528904 0.1522007 0.1557973 0.0427114 0.1276335 0.1094254 0.1599885 0.1572865 0.1451809 0.1449903 0.1661659 0.1505827 0.1005079 0.1490826 0.1678176 0.1508846 0.1157949 0.1168906 0.1133557 0.1220980 0.1002938 0.1175017 0.1088446 0.0884827 0.1144610 0.1385851 0.1178976 0.0980463 0.0885181 0.0419886 0.0000000 0.0967876 0.1275769 0.0916770 0.1215237 0.1277753 0.1203161 0.1200768 0.1200768 0.1390488 0.1521725 0.1476488 0.1460202 0.1000825 0.1519173 
DQ989307/IND/cattle/1992/Asia1/ASIA/Unknown      0.1206910 0.1102758 0.1561993 0.1493254 0.1487126 0.1541801 0.1448318 0.1487353 0.1487353 0.1553046 0.1494920 0.1494920 0.1537411 0.1552658 0.1552658 0.1450243 0.1456317 0.1448318 0.1452705 0.1524972 0.1524972 0.1545944 0.1542862 0.0937351 0.1397302 0.1215444 0.1609395 0.1575034 0.1421633 0.1386433 0.1722724 0.1440976 0.1090150 0.1431639 0.1714769 0.1425411 0.1169793 0.1203828 0.1147990 0.1217509 0.1039236 0.1167554 0.1094164 0.0943506 0.1159025 0.1163614 0.0912645 0.1080508 0.1067438 0.0928045 0.0967876 0.0000000 0.1484003 0.0293148 0.1409262 0.1480401 0.1060073 0.1057779 0.1057779 0.1427562 0.1467174 0.1367370 0.1410052 0.1045209 0.1466074 
DQ989306/IND/cattle/1986/Asia1/ASIA/Unknown      0.1589438 0.1649464 0.1692263 0.1719042 0.1712195 0.1675294 0.1607395 0.1615791 0.1615791 0.1682611 0.1715091 0.1715091 0.1676720 0.1696718 0.1696718 0.1593661 0.1600246 0.1607395 0.1612310 0.1658288 0.1658288 0.1683358 0.1689869 0.1464659 0.1832486 0.1532833 0.1744310 0.1743737 0.1627356 0.1329488 0.1617404 0.1373535 0.1546782 0.1349465 0.1611777 0.1373757 0.1576747 0.1613202 0.1614384 0.1632947 0.1567576 0.1715045 0.1563269 0.1532350 0.1644135 0.1526632 0.1547970 0.1617688 0.1601113 0.1446734 0.1275769 0.1484003 0.0000000 0.1423728 0.0141524 0.0207250 0.1495992 0.1493282 0.1493282 0.0872967 0.1478486 0.1360502 0.1340834 0.1547795 0.1366207 
DQ989305/IND/cattle/1990/Asia1/ASIA/Unknown      0.1205014 0.1136753 0.1621299 0.1566844 0.1560511 0.1624822 0.1532727 0.1562025 0.1562025 0.1612105 0.1568490 0.1568490 0.1608312 0.1639552 0.1639552 0.1534678 0.1540977 0.1532727 0.1537339 0.1591808 0.1591808 0.1634499 0.1607677 0.0916371 0.1387806 0.1228843 0.1668307 0.1598859 0.1494959 0.1365804 0.1673035 0.1414925 0.1081536 0.1413351 0.1672658 0.1420679 0.1151539 0.1215307 0.1141495 0.1218536 0.1082810 0.1177983 0.1104570 0.0958209 0.1143539 0.1211750 0.0923709 0.1047165 0.1059501 0.0911838 0.0916770 0.0293148 0.1423728 0.0000000 0.1372226 0.1471627 0.1079350 0.1077029 0.1077029 0.1405742 0.1431294 0.1384816 0.1380864 0.1034782 0.1456632 
DQ989304/IND/cattle/2000/Asia1/ASIA/Unknown      0.1531309 0.1561553 0.1623922 0.1637441 0.1630836 0.1613335 0.1547214 0.1555491 0.1555491 0.1614568 0.1633662 0.1633662 0.1614341 0.1633607 0.1633607 0.1533929 0.1540307 0.1547214 0.1551924 0.1596719 0.1596719 0.1620908 0.1627167 0.1394377 0.1781859 0.1501091 0.1675669 0.1661545 0.1536154 0.1246822 0.1518846 0.1289338 0.1490462 0.1277530 0.1538764 0.1301200 0.1538837 0.1560530 0.1566396 0.1588160 0.1500965 0.1633884 0.1498143 0.1444607 0.1575599 0.1431861 0.1447805 0.1535791 0.1539700 0.1382175 0.1215237 0.1409262 0.0141524 0.1372226 0.0000000 0.0110885 0.1390812 0.1388202 0.1388202 0.0787324 0.1404449 0.1272093 0.1259549 0.1453424 0.1279071 
DQ989303/IND/cattle/1993/Asia1/ASIA/Unknown      0.1593176 0.1622369 0.1672185 0.1682246 0.1675517 0.1661416 0.1594075 0.1602401 0.1602401 0.1662660 0.1678377 0.1678377 0.1655898 0.1688026 0.1688026 0.1580515 0.1587019 0.1594075 0.1598919 0.1644385 0.1644385 0.1667774 0.1668886 0.1461231 0.1844882 0.1538707 0.1748264 0.1725927 0.1592419 0.1286949 0.1580536 0.1327231 0.1549940 0.1312638 0.1611516 0.1336553 0.1590876 0.1606694 0.1609108 0.1640916 0.1552559 0.1686324 0.1543278 0.1520684 0.1622238 0.1504531 0.1513016 0.1595183 0.1603143 0.1448657 0.1277753 0.1480401 0.0207250 0.1471627 0.0110885 0.0000000 0.1438440 0.1435780 0.1435780 0.0828930 0.1450356 0.1311795 0.1299941 0.1511944 0.1315397 
AY593800/LBN/Unknown/1983/Asia1/ASIA/Unknown     0.1330692 0.1337571 0.1579438 0.1460823 0.1460823 0.1566843 0.1479851 0.1501050 0.1501050 0.1570508 0.1465647 0.1465647 0.1565224 0.1560648 0.1560648 0.1477535 0.1483612 0.1479851 0.1484275 0.1551547 0.1551547 0.1555970 0.1573033 0.1113882 0.1550507 0.1343827 0.1577291 0.1513908 0.1450402 0.1335506 0.1679450 0.1386270 0.1257169 0.1381428 0.1611678 0.1403997 0.1307430 0.1343516 0.1291607 0.1391120 0.1268386 0.1307550 0.1270944 0.1161315 0.1322914 0.1301205 0.1329128 0.1267182 0.1305476 0.1111096 0.1203161 0.1060073 0.1495992 0.1079350 0.1390812 0.1438440 0.0000000 0.0001430 0.0001430 0.1420528 0.1454000 0.1313938 0.1374259 0.1202871 0.1389477 
