16
MH053310/UGA/cattle/1970/C/AFRICA/Unknown   0.0000000 0.1089410 0.1134258 0.1113916 0.1734867 0.2094696 0.1909326 0.1737660 0.2007600 0.1745034 0.1997134 0.1924873 0.1913834 0.2010957 0.1884951 0.1899003 
MH053309/KEN/cattle/1967/C/AFRICA/Unknown   0.1089410 0.0000000 0.0751641 0.0018726 0.1718191 0.2102116 0.1807725 0.1710987 0.1987278 0.1728422 0.1968305 0.1933713 0.1805977 0.1878489 0.1904983 0.1925612 
MH053308/ETH/Unknown/1971/C/AFRICA/Unknown  0.1134258 0.0751641 0.0000000 0.0763467 0.1621673 0.1934044 0.1784904 0.1624455 0.1871242 0.1631471 0.1896941 0.1766391 0.1783134 0.1867745 0.1717077 0.1722942 
KM268897/KEN/cattle/2004/C/AFRICA/Unknown   0.1113916 0.0018726 0.0763467 0.0000000 0.1743677 0.2131697 0.1810577 0.1733488 0.2015744 0.1754035 0.1971203 0.1952259 0.1808833 0.1881394 0.1932560 0.1941490 
AY593810/GBR/Unknown/1970/C/V-EA/Unknown    0.1734867 0.1718191 0.1621673 0.1743677 0.0000000 0.1537546 0.1279926 0.0004298 0.1454334 0.0002867 0.1371960 0.1319271 0.1281539 0.1489888 0.1360269 0.1363715 
X74812/AZE/Unknown/1965/C/EURO-SA/Unknown   0.2094696 0.2102116 0.1934044 0.2131697 0.1537546 0.0000000 0.1273020 0.1543649 0.0273685 0.1546846 0.1365218 0.0717313 0.1274609 0.1514320 0.0170196 0.0183027 
OQ383267/BRA/cow/1963/C/EURO-SA/Unknown     0.1909326 0.1807725 0.1784904 0.1810577 0.1279926 0.1273020 0.0000000 0.1277321 0.1218214 0.1287955 0.0131669 0.1131507 0.0002864 0.1157311 0.1102111 0.1105920 
OQ383266/GBR/Unknown/2002/C/V-EA/Unknown    0.1737660 0.1710987 0.1624455 0.1733488 0.0004298 0.1543649 0.1277321 0.0000000 0.1454883 0.0007178 0.1369270 0.1322799 0.1278929 0.1487130 0.1360769 0.1364217 
OQ383265/NLD/cow/2000/C/EURO-SA/Unknown     0.2007600 0.1987278 0.1871242 0.2015744 0.1454334 0.0273685 0.1218214 0.1454883 0.0000000 0.1463188 0.1283378 0.0632157 0.1219696 0.1464150 0.0102346 0.0117743 
OQ356339/GBR/cow/1987/C/V-EA/Unknown        0.1745034 0.1728422 0.1631471 0.1754035 0.0002867 0.1546846 0.1287955 0.0007178 0.1463188 0.0000000 0.1380477 0.1327371 0.1289586 0.1498929 0.1368656 0.1372121 
AY593809/ARG/Unknown/1969/C/EURO-SA/Unknown 0.1997134 0.1968305 0.1896941 0.1971203 0.1371960 0.1365218 0.0131669 0.1369270 0.1283378 0.1380477 0.0000000 0.1197911 0.0134851 0.1282884 0.1180157 0.1189149 
AY593808/ARG/Unknown/1966/C/EURO-SA/Unknown 0.1924873 0.1933713 0.1766391 0.1952259 0.1319271 0.0717313 0.1131507 0.1322799 0.0632157 0.1327371 0.1197911 0.0000000 0.1137645 0.1335042 0.0532892 0.0539109 
AY593807/BRA/Unknown/1955/C/EURO-SA/Unknown 0.1913834 0.1805977 0.1783134 0.1808833 0.1281539 0.1274609 0.0002864 0.1278929 0.1219696 0.1289586 0.0134851 0.1137645 0.0000000 0.1160355 0.1103388 0.1107205 
AY593806/BRA/Unknown/1971/C/EURO-SA/Unknown 0.2010957 0.1878489 0.1867745 0.1881394 0.1489888 0.1514320 0.1157311 0.1487130 0.1464150 0.1498929 0.1282884 0.1335042 0.1160355 0.0000000 0.1341789 0.1335799 
AY593805/DEU/Unknown/1960/C/EURO-SA/Unknown 0.1884951 0.1904983 0.1717077 0.1932560 0.1360269 0.0170196 0.1102111 0.1360769 0.0102346 0.1368656 0.1180157 0.0532892 0.1103388 0.1341789 0.0000000 0.0014380 
AY593804/CHE/Unknown/1965/C/EURO-SA/Unknown 0.1899003 0.1925612 0.1722942 0.1941490 0.1363715 0.0183027 0.1105920 0.1364217 0.0117743 0.1372121 0.1189149 0.0539109 0.1107205 0.1335799 0.0014380 0.0000000 
