18
ON557390/ZMB/cow/2015/SAT3/I-SEZ/Unknown               0.0000000 0.1914277 0.1907512 0.2070758 0.0843059 0.1872994 0.1937066 0.1973494 0.1925734 0.1987864 0.1974042 0.1004293 0.7435696 0.2047164 0.0950181 0.0992226 0.1002912 0.1896684 
MW355677/ZAF/cattle/1979/SAT3/I-SEZ/Unknown            0.1914277 0.0000000 0.1209481 0.1795161 0.1879773 0.0861301 0.1232858 0.0891241 0.1213797 0.1263016 0.1530917 0.1973580 0.7378035 0.1079024 0.1919846 0.1963170 0.1965047 0.0936810 
MW355676/ZWE/cattle/1976/SAT3/I-SEZ/Unknown            0.1907512 0.1209481 0.0000000 0.1791684 0.1860381 0.1143707 0.0031753 0.1252582 0.0015794 0.1206796 0.1637302 0.2087757 0.7465273 0.1259263 0.2011026 0.1988092 0.2003632 0.1101921 
MH053352/ZWE/african-buffalo/1990/SAT3/III-NWZ/Unknown 0.2070758 0.1795161 0.1791684 0.0000000 0.1942498 0.1690831 0.1819484 0.1724510 0.1809548 0.1896942 0.1843300 0.2157389 0.8139943 0.1879834 0.2095503 0.2138471 0.2153885 0.1819345 
MH053351/ZWE/cattle/1984/SAT3/II-WZ/Unknown            0.0843059 0.1879773 0.1860381 0.1942498 0.0000000 0.1749980 0.1890811 0.1897611 0.1882297 0.1937354 0.1948188 0.0966335 0.7835776 0.1945432 0.0895427 0.0925711 0.0939882 0.1817503 
MH053350/ZWE/african-buffalo/1983/SAT3/I-SEZ/Unknown   0.1872994 0.0861301 0.1143707 0.1690831 0.1749980 0.0000000 0.1170489 0.0643813 0.1150690 0.1222066 0.1589670 0.2012898 0.7320906 0.0914695 0.1928108 0.1889731 0.1900523 0.0945049 
MH053348/ZWE/cattle/1977/SAT3/I-SEZ/Unknown            0.1937066 0.1232858 0.0031753 0.1819484 0.1890811 0.1170489 0.0000000 0.1280586 0.0044954 0.1240922 0.1655554 0.2147137 0.7577030 0.1289689 0.2063431 0.2030591 0.2046293 0.1125109 
MH053347/ZWE/cattle/1976/SAT3/I-SEZ/Unknown            0.1973494 0.0891241 0.1252582 0.1724510 0.1897611 0.0643813 0.1280586 0.0000000 0.1266927 0.1297724 0.1554092 0.2118447 0.7253696 0.0923292 0.2053678 0.2010624 0.2018805 0.1031581 
MH053346/ZWE/cattle/1976/SAT3/I-SEZ/Unknown            0.1925734 0.1213797 0.0015794 0.1809548 0.1882297 0.1150690 0.0044954 0.1266927 0.0000000 0.1220694 0.1652825 0.2101353 0.7489922 0.1273384 0.2030545 0.1993818 0.2009389 0.1110613 
MH053344/ZWE/cattle/1974/SAT3/I-SEZ/Unknown            0.1987864 0.1263016 0.1206796 0.1896942 0.1937354 0.1222066 0.1240922 0.1297724 0.1220694 0.0000000 0.1702805 0.2163706 0.7862122 0.1365548 0.2089915 0.2111290 0.2124026 0.1191599 
MH053343/ZWE/cattle/1934/SAT3/III-NWZ/Unknown          0.1974042 0.1530917 0.1637302 0.1843300 0.1948188 0.1589670 0.1655554 0.1554092 0.1652825 0.1702805 0.0000000 0.2135835 0.7670058 0.1617808 0.2074236 0.2106804 0.2127535 0.1674581 
MH053338/BWA/cattle/1966/SAT3/II-WZ/Unknown            0.1004293 0.1973580 0.2087757 0.2157389 0.0966335 0.2012898 0.2147137 0.2118447 0.2101353 0.2163706 0.2135835 0.0000000 0.8368620 0.2054774 0.0155481 0.1037935 0.1046082 0.1944516 
KJ820999/UGA/cattle/2013/SAT3/V-EA/Unknown             0.7435696 0.7378035 0.7465273 0.8139943 0.7835776 0.7320906 0.7577030 0.7253696 0.7489922 0.7862122 0.7670058 0.8368620 0.0000000 0.7794291 0.8222189 0.7972946 0.8009770 0.7782299 
KM268901/ZWE/cattle/1991/SAT3/I-SEZ/Unknown            0.2047164 0.1079024 0.1259263 0.1879834 0.1945432 0.0914695 0.1289689 0.0923292 0.1273384 0.1365548 0.1617808 0.2054774 0.7794291 0.0000000 0.1989204 0.2089692 0.2102331 0.1079946 
AY593853/BWA/Unknown/1965/SAT3/II-WZ/Unknown           0.0950181 0.1919846 0.2011026 0.2095503 0.0895427 0.1928108 0.2063431 0.2053678 0.2030545 0.2089915 0.2074236 0.0155481 0.8222189 0.1989204 0.0000000 0.0983322 0.0991279 0.1903933 
AY593852/KEN/Unknown/1960/SAT3/II-WZ/Unknown           0.0992226 0.1963170 0.1988092 0.2138471 0.0925711 0.1889731 0.2030591 0.2010624 0.1993818 0.2111290 0.2106804 0.1037935 0.7972946 0.2089692 0.0983322 0.0000000 0.0010007 0.2018352 
AY593851/BWA/Unknown/1961/SAT3/II-WZ/Unknown           0.1002912 0.1965047 0.2003632 0.2153885 0.0939882 0.1900523 0.2046293 0.2018805 0.2009389 0.2124026 0.2127535 0.1046082 0.8009770 0.2102331 0.0991279 0.0010007 0.0000000 0.2023192 
AY593850/ZAF/Unknown/1959/SAT3/I-SEZ/Unknown           0.1896684 0.0936810 0.1101921 0.1819345 0.1817503 0.0945049 0.1125109 0.1031581 0.1110613 0.1191599 0.1674581 0.1944516 0.7782299 0.1079946 0.1903933 0.2018352 0.2023192 0.0000000 
