74
KC440883/EGY/Unknown/2011/O/ME-SA/PanAsia-2     0.0000000 0.2700184 0.2773148 0.0546639 0.0523058 0.0483065 0.0524083 0.0503946 0.1423628 0.3655085 0.3486659 0.2594741 0.2045658 0.3172152 0.2049486 0.2139021 0.2158122 0.2255707 0.1138993 0.2659246 0.2038523 0.3697356 0.2152847 0.3088070 0.2756044 0.1948554 0.1899166 0.2017282 0.1847165 0.2038977 0.2134763 0.1896426 0.1911678 0.3295823 0.2782264 0.2823756 0.2823756 0.2847249 0.2966942 0.2932829 0.2860784 0.2754951 0.2103088 0.1850474 0.3673223 0.2118995 0.3499376 0.2282292 0.3152740 0.0666226 0.0926622 0.2185003 0.2425983 0.2783446 0.2037933 0.0906957 0.2948815 0.2664725 0.2263850 0.2400669 0.3633745 0.2175043 0.3254631 0.3664367 0.2231096 0.2239569 0.3212688 0.2261723 0.2301552 0.3392273 0.3397585 0.3177485 0.2646910 0.2231096 
HM229661/HKG/pig/2010/O/SEA/Unknown             0.2700184 0.0000000 0.0065720 0.2360650 0.2186337 0.2180920 0.2238232 0.2149941 0.2226412 0.0943220 0.0923498 0.2415048 0.1814504 0.2994869 0.1753564 0.1907036 0.2062694 0.2241969 0.2748131 0.0048591 0.1906451 0.3260850 0.1819306 0.0465103 0.2978811 0.1944186 0.1782809 0.1895808 0.1871905 0.1870735 0.1615220 0.1927273 0.1900241 0.0562599 0.0115567 0.0098671 0.0098671 0.0133132 0.0134140 0.0133204 0.0115487 0.2361967 0.2099681 0.1816996 0.0771023 0.1995909 0.2859828 0.1978454 0.2920271 0.2364495 0.2705044 0.1840027 0.2389066 0.0238631 0.2060599 0.2592246 0.2601161 0.0098605 0.2215583 0.2363607 0.3491284 0.2425348 0.3372394 0.3597847 0.2182386 0.2281473 0.2721253 0.2180963 0.2253718 0.3612891 0.3525007 0.3008556 0.2379892 0.2182386 
JQ900581/CHN/pig/2010/O/SEA/Unknown             0.2773148 0.0065720 0.0000000 0.2426327 0.2247449 0.2241811 0.2258303 0.2210256 0.2287574 0.0929606 0.0909763 0.2483213 0.1865552 0.3080102 0.1803405 0.1959831 0.2056126 0.2237159 0.2821158 0.0049179 0.1959335 0.3299125 0.1869036 0.0449795 0.3059822 0.1997995 0.1832534 0.1948125 0.1923319 0.1922697 0.1718625 0.1980270 0.1952902 0.0547685 0.0099582 0.0082662 0.0082662 0.0117109 0.0118008 0.0117174 0.0099517 0.2383912 0.2157518 0.1867492 0.0756502 0.2051309 0.2862012 0.2032955 0.2952291 0.2428963 0.2778755 0.1831864 0.2455701 0.0204048 0.2054019 0.2616976 0.2627263 0.0082606 0.2279015 0.2430138 0.3535706 0.2489148 0.3463479 0.3556825 0.2245157 0.2346911 0.2795836 0.2243372 0.2318022 0.3653920 0.3564760 0.3087861 0.2520555 0.2245157 
OQ211400/ISR/cattle/2007/O/ME-SA/PanAsia-2      0.0546639 0.2360650 0.2426327 0.0000000 0.0132537 0.0166471 0.0098376 0.0132353 0.1342989 0.3474269 0.3421439 0.2462591 0.1665261 0.2846980 0.1668208 0.1808389 0.1751916 0.1833644 0.0776101 0.2399161 0.1713947 0.3346085 0.1661594 0.2835850 0.2625995 0.1581335 0.1538569 0.1732132 0.1489584 0.1773093 0.1741510 0.1531280 0.1548266 0.3186086 0.2438198 0.2477275 0.2477275 0.2496881 0.2606691 0.2577648 0.2512579 0.2634368 0.1894754 0.1492088 0.3630452 0.1991108 0.3046528 0.1945115 0.2524844 0.0418286 0.0566387 0.1822237 0.2462012 0.2585136 0.1622719 0.0740312 0.2548442 0.2395362 0.2198182 0.2437227 0.2880043 0.1967936 0.2839732 0.3564619 0.2166261 0.2247600 0.2979488 0.2195363 0.2234809 0.3207572 0.3212628 0.3022080 0.2594804 0.2166261 
OQ211386/ISR/cattle/2007/O/ME-SA/PanAsia-2      0.0523058 0.2186337 0.2247449 0.0132537 0.0000000 0.0097896 0.0065044 0.0081514 0.1230385 0.3246662 0.3195935 0.2391707 0.1476999 0.2635976 0.1479508 0.1613539 0.1722734 0.1803642 0.0686296 0.2223035 0.1578703 0.3325352 0.1584334 0.2639942 0.2666140 0.1400111 0.1360956 0.1542314 0.1313938 0.1580534 0.1666234 0.1351763 0.1369226 0.2974932 0.2260422 0.2297684 0.2297684 0.2315111 0.2418260 0.2392164 0.2331575 0.2401712 0.1692111 0.1316046 0.3362263 0.1874452 0.2912408 0.1744853 0.2504169 0.0341365 0.0482544 0.1688907 0.2393205 0.2398366 0.1594435 0.0651789 0.2434898 0.2219810 0.2073739 0.2368653 0.2963917 0.1950409 0.2841444 0.3462949 0.2042856 0.2120512 0.2905946 0.2069628 0.2108966 0.3044048 0.3048766 0.2865952 0.2476706 0.2042856 
OQ211372/ISR/goat/2007/O/ME-SA/PanAsia-2        0.0483065 0.2180920 0.2241811 0.0166471 0.0097896 0.0000000 0.0098034 0.0114665 0.1180443 0.3238152 0.3187563 0.2317680 0.1528247 0.2755574 0.1530852 0.1665772 0.1718743 0.1799371 0.0726738 0.2217508 0.1630638 0.3235791 0.1635680 0.2633207 0.2613992 0.1397156 0.1358126 0.1538969 0.1362696 0.1632349 0.1606593 0.1348921 0.1366359 0.2967288 0.2254789 0.2291941 0.2291941 0.2309285 0.2412069 0.2386099 0.2325740 0.2420530 0.1745902 0.1364899 0.3353257 0.1870041 0.2948734 0.1797770 0.2524558 0.0340856 0.0520754 0.1685162 0.2321284 0.2392257 0.1590826 0.0650710 0.2331387 0.2214304 0.2068761 0.2296608 0.2955293 0.1943016 0.2756876 0.3544814 0.2037955 0.2115363 0.2971271 0.2064604 0.2103884 0.3195143 0.3200090 0.3013194 0.2539665 0.2037955 
OQ211369/ISR/cattle/2007/O/ME-SA/PanAsia-2      0.0524083 0.2238232 0.2258303 0.0098376 0.0065044 0.0098034 0.0000000 0.0081628 0.1233959 0.3317720 0.3266182 0.2404146 0.1537057 0.2735821 0.1539698 0.1675754 0.1708727 0.1788514 0.0729610 0.2275563 0.1640307 0.3266741 0.1590021 0.2699516 0.2708030 0.1457929 0.1417631 0.1602893 0.1369981 0.1642007 0.1672513 0.1409017 0.1426351 0.3040107 0.2313539 0.2351433 0.2351433 0.2369558 0.2474961 0.2447924 0.2385835 0.2438925 0.1756799 0.1372213 0.3466249 0.1882346 0.2930365 0.1808878 0.2471834 0.0341942 0.0483462 0.1752184 0.2405284 0.2385183 0.1581948 0.0613040 0.2378411 0.2272161 0.2146650 0.2380600 0.2900463 0.1981989 0.2859199 0.3499505 0.2115257 0.2194821 0.2996791 0.2143302 0.2182591 0.3148524 0.3153452 0.3038877 0.2533987 0.2115257 
OQ211354/PSE/cattle/2007/O/ME-SA/PanAsia-2      0.0503946 0.2149941 0.2210256 0.0132353 0.0081514 0.0114665 0.0081628 0.0000000 0.1256164 0.3202017 0.3151587 0.2362066 0.1561613 0.2735131 0.1564298 0.1700437 0.1755281 0.1837255 0.0749933 0.2186337 0.1664945 0.3244737 0.1614297 0.2600099 0.2580284 0.1481958 0.1441374 0.1627317 0.1393680 0.1666579 0.1697278 0.1433049 0.1450242 0.2932823 0.2223457 0.2260422 0.2260422 0.2277460 0.2379463 0.2353900 0.2294092 0.2455690 0.1782005 0.1395955 0.3315862 0.1908121 0.2928529 0.1833510 0.2499713 0.0359897 0.0502565 0.1776857 0.2364416 0.2359867 0.1625757 0.0672733 0.2448507 0.2183221 0.2108966 0.2339750 0.2898654 0.1946517 0.2780455 0.3521863 0.2077879 0.2156340 0.2948084 0.2105220 0.2144475 0.3086652 0.3177230 0.2990360 0.2516194 0.2077879 
OP957418/BGD/cattle/2021/O/ME-SA/PanAsia-2      0.1423628 0.2226412 0.2287574 0.1342989 0.1230385 0.1180443 0.1233959 0.1256164 0.0000000 0.2801231 0.2682178 0.2020897 0.1252429 0.2403137 0.1305973 0.1577420 0.1875877 0.1996918 0.1673485 0.2262940 0.1653186 0.3379995 0.1500018 0.2578986 0.2559922 0.1342374 0.1200519 0.1561486 0.1304994 0.1544993 0.1804343 0.1342346 0.1383918 0.2782779 0.2300094 0.2337166 0.2337166 0.2354786 0.2457640 0.2431377 0.2370822 0.2202773 0.1774456 0.1307067 0.3081929 0.1736070 0.2778088 0.1707086 0.2954076 0.1151701 0.1213218 0.1601605 0.2154813 0.2546173 0.1908743 0.1258331 0.2359320 0.2259640 0.1975303 0.2130329 0.3138429 0.2027668 0.3452839 0.3608046 0.1945502 0.2062115 0.3033932 0.2031700 0.2009128 0.3404133 0.3322069 0.3246410 0.2425908 0.1945502 
ON868614/VNM/pig/2019/O/SEA/Unknown             0.3655085 0.0943220 0.0929606 0.3474269 0.3246662 0.3238152 0.3317720 0.3202017 0.2801231 0.0000000 0.0098366 0.3301401 0.2255851 0.3602404 0.2188128 0.2419274 0.2758846 0.3015699 0.3761978 0.0921673 0.2682928 0.4221009 0.2540766 0.0607736 0.3834732 0.2641302 0.2376693 0.2532372 0.2478643 0.2452242 0.2485615 0.2473421 0.2520670 0.0832091 0.0921409 0.0897670 0.0897670 0.0902271 0.0958373 0.0950611 0.0920374 0.2991661 0.2929259 0.2483485 0.0972909 0.2481196 0.3588584 0.2571924 0.3805233 0.3472650 0.3586978 0.2381665 0.3002593 0.0925758 0.2839572 0.3570276 0.3391000 0.0944289 0.2814088 0.2978758 0.4858623 0.3154915 0.4253741 0.4439985 0.2852139 0.2969905 0.3539768 0.2846203 0.2846056 0.4283043 0.4238075 0.3493281 0.3246427 0.2852139 
ON868606/VNM/pig/2019/O/SEA/Unknown             0.3486659 0.0923498 0.0909763 0.3421439 0.3195935 0.3187563 0.3266182 0.3151587 0.2682178 0.0098366 0.0000000 0.3215551 0.2292928 0.3460952 0.2224873 0.2429656 0.2609651 0.2860170 0.3628190 0.0902004 0.2693546 0.4038186 0.2579281 0.0589464 0.3745351 0.2612224 0.2348826 0.2542791 0.2450349 0.2462648 0.2457359 0.2445329 0.2492200 0.0857038 0.0901746 0.0878119 0.0878119 0.0882605 0.0938302 0.0930712 0.0900738 0.3013709 0.2940159 0.2455127 0.0952463 0.2505638 0.3452346 0.2582490 0.3626803 0.3420869 0.3533790 0.2428576 0.2922071 0.0905990 0.2761463 0.3438249 0.3259104 0.0924540 0.2734715 0.2897855 0.4560527 0.3033300 0.4124621 0.4312178 0.2772425 0.2888374 0.3423053 0.2767100 0.2766520 0.4159086 0.4114442 0.3457713 0.3161693 0.2772425 
ON868552/VNM/pig/2019/O/ME-SA/Unknown           0.2594741 0.2415048 0.2483213 0.2462591 0.2391707 0.2317680 0.2404146 0.2362066 0.2020897 0.3301401 0.3215551 0.0000000 0.1907601 0.2281183 0.1911202 0.1766748 0.1317528 0.1502540 0.2684584 0.2454728 0.1788728 0.3076592 0.1704722 0.2850144 0.0861315 0.1922090 0.1593165 0.1806961 0.1618588 0.1753415 0.1738208 0.1869913 0.1954919 0.2988169 0.2453888 0.2493868 0.2493868 0.2596121 0.2626646 0.2596725 0.2529972 0.2052416 0.1978463 0.1679528 0.3345572 0.1748998 0.2978025 0.1715832 0.2299340 0.2333095 0.2688699 0.1919858 0.1040728 0.2751823 0.1456721 0.2344413 0.2589054 0.2560879 0.0992468 0.1019188 0.3090331 0.1937307 0.3195504 0.3354144 0.0969612 0.1096978 0.2413433 0.0919475 0.1017006 0.3380904 0.3295138 0.2792359 0.1138168 0.0969612 
OP751924/IDN/cattle/2022/O/ME-SA/Unknown        0.2045658 0.1814504 0.1865552 0.1665261 0.1476999 0.1528247 0.1537057 0.1561613 0.1252429 0.2255851 0.2292928 0.1907601 0.0000000 0.2342488 0.0032320 0.0797803 0.1198661 0.1209946 0.1808410 0.1846864 0.0886525 0.3075140 0.0860691 0.2335296 0.2266087 0.0479934 0.0441005 0.0840890 0.0459461 0.0817347 0.1040046 0.0400788 0.0481642 0.2443792 0.1846281 0.1878900 0.1878900 0.1891569 0.1978458 0.1959008 0.1909070 0.1853149 0.1089610 0.0383515 0.2819282 0.1420825 0.2390544 0.0888464 0.2450259 0.1526954 0.1550411 0.0848701 0.1685500 0.2036390 0.1309412 0.1687515 0.2214982 0.1850890 0.1512591 0.1661083 0.2687238 0.1713885 0.2838185 0.2816223 0.1485036 0.1587608 0.2101964 0.1486257 0.1543125 0.2505964 0.2432344 0.2321117 0.1824725 0.1485036 
ON736860/UGA/cow/2015/O/EA-2/Unknown            0.3172152 0.2994869 0.3080102 0.2846980 0.2635976 0.2755574 0.2735821 0.2735131 0.2403137 0.3602404 0.3460952 0.2281183 0.2342488 0.0000000 0.2338515 0.2267489 0.2075064 0.2265875 0.2934886 0.3041044 0.2259235 0.4142792 0.2365845 0.3458292 0.2916246 0.2459367 0.2062738 0.2340254 0.2033326 0.2339542 0.2258905 0.2332005 0.2511402 0.3738800 0.2947667 0.2993507 0.2993507 0.3115024 0.3155265 0.3115590 0.3034218 0.2450946 0.2689286 0.2101845 0.4140672 0.2173220 0.1249074 0.2250095 0.3620350 0.2522038 0.2884237 0.2267177 0.2373760 0.3152577 0.2174096 0.2460665 0.1162785 0.3080885 0.2497346 0.2425766 0.3789025 0.2241552 0.2965123 0.4364787 0.2463347 0.2633154 0.3325909 0.2392084 0.2536859 0.4247788 0.4148172 0.3582775 0.2702310 0.2463347 
OP585403/IDN/cattle/2022/O/ME-SA/Unknown        0.2049486 0.1753564 0.1803405 0.1668208 0.1479508 0.1530852 0.1539698 0.1564298 0.1305973 0.2188128 0.2224873 0.1911202 0.0032320 0.2338515 0.0000000 0.0754063 0.1146158 0.1156844 0.1811657 0.1785456 0.0841526 0.2993243 0.0816243 0.2267341 0.2196352 0.0519407 0.0479897 0.0839985 0.0498548 0.0773465 0.0993295 0.0438903 0.0521245 0.2374319 0.1784893 0.1817045 0.1817045 0.1829153 0.1914314 0.1895637 0.1846864 0.1792096 0.1040973 0.0421540 0.2742674 0.1366554 0.2317840 0.0843347 0.2374950 0.1529559 0.1610196 0.0847777 0.1625652 0.1971764 0.1255119 0.1690438 0.2145358 0.1789377 0.1454997 0.1601315 0.2603331 0.1656160 0.2756954 0.2765764 0.1427800 0.1528370 0.2059393 0.1429141 0.1485036 0.2458810 0.2385831 0.2289769 0.1761500 0.1427800 
OM160611/TUN/cattle/2014/O/ME-SA/Ind-2001d      0.2139021 0.1907036 0.1959831 0.1808389 0.1613539 0.1665772 0.1675754 0.1700437 0.1577420 0.2419274 0.2429656 0.1766748 0.0797803 0.2267489 0.0754063 0.0000000 0.1368898 0.1322237 0.1720321 0.1940044 0.0307705 0.3110309 0.0743307 0.2291597 0.2301671 0.0777100 0.0684651 0.0362635 0.0704327 0.0115126 0.0683017 0.0730078 0.0779781 0.2529685 0.1939432 0.1972695 0.1972695 0.1986207 0.2075541 0.2054948 0.2003335 0.1747440 0.0462731 0.0622944 0.2756664 0.1571771 0.2503276 0.0132301 0.2443744 0.1640021 0.1604935 0.0521452 0.1870249 0.2204720 0.1425158 0.1827546 0.2272132 0.1969870 0.1726253 0.1846108 0.2769631 0.1547010 0.2791117 0.2964496 0.1697881 0.1831343 0.2133266 0.1641690 0.1758048 0.2741699 0.2735783 0.2437947 0.1952380 0.1697881 
OM456150/PAK/buffalo/2010/O/ME-SA/PanAsia-2     0.2158122 0.2062694 0.2056126 0.1751916 0.1722734 0.1718743 0.1708727 0.1755281 0.1875877 0.2758846 0.2609651 0.1317528 0.1198661 0.2075064 0.1146158 0.1368898 0.0000000 0.0328919 0.2065631 0.2033861 0.1451406 0.2852233 0.1386577 0.2591671 0.1503634 0.1427821 0.1193483 0.1416795 0.1220264 0.1358843 0.1635759 0.1386432 0.1456633 0.2569329 0.2098232 0.2134770 0.2134770 0.2150748 0.2250550 0.2226364 0.2168222 0.1811466 0.1650494 0.1273945 0.3013870 0.1659195 0.2366775 0.1356995 0.2294859 0.1672030 0.1898491 0.1569081 0.1205237 0.2352950 0.0201406 0.1966942 0.2210133 0.2131452 0.0963522 0.1182946 0.2627308 0.1403016 0.2795271 0.2766770 0.0940488 0.1042042 0.2097656 0.0982159 0.0988210 0.2636953 0.2560025 0.2208350 0.1185989 0.0940488 
OM456135/PAK/cattle/2012/O/ME-SA/PanAsia-2      0.2255707 0.2241969 0.2237159 0.1833644 0.1803642 0.1799371 0.1788514 0.1837255 0.1996918 0.3015699 0.2860170 0.1502540 0.1209946 0.2265875 0.1156844 0.1322237 0.0328919 0.0000000 0.2157608 0.2212295 0.1404318 0.3024446 0.1403241 0.2853509 0.1738352 0.1402167 0.1302283 0.1423307 0.1221909 0.1312465 0.1644077 0.1308018 0.1376348 0.2891045 0.2211545 0.2249332 0.2249332 0.2266676 0.2370955 0.2344879 0.2283774 0.2083191 0.1601678 0.1275746 0.3377790 0.1860241 0.2656068 0.1367117 0.2454327 0.1751572 0.1999694 0.1462104 0.1430030 0.2516522 0.0365715 0.2054204 0.2487499 0.2178458 0.1221788 0.1406937 0.2649321 0.1526042 0.2844009 0.3051213 0.1196927 0.1309021 0.2400796 0.1240649 0.1248862 0.2834686 0.2754506 0.2392221 0.1410577 0.1196927 
OK019689/IRN/cow/2016/O/ME-SA/PanAsia-2         0.1138993 0.2748131 0.2821158 0.0776101 0.0686296 0.0726738 0.0729610 0.0749933 0.1673485 0.3761978 0.3628190 0.2684584 0.1808410 0.2934886 0.1811657 0.1720321 0.2065631 0.2157608 0.0000000 0.2788912 0.1684391 0.3358928 0.1751041 0.3264851 0.3036202 0.1626979 0.1511315 0.1702609 0.1409522 0.1685990 0.1711661 0.1558520 0.1575317 0.3567772 0.2829750 0.2871020 0.2871020 0.2894745 0.3014154 0.2979815 0.2907789 0.2481311 0.1869070 0.1465147 0.3966632 0.2193727 0.3086373 0.1854895 0.2712954 0.0767362 0.1086336 0.1791791 0.2607763 0.3006342 0.1993704 0.1087547 0.2587115 0.2866332 0.2372034 0.2583517 0.3171877 0.2267804 0.3353238 0.3854294 0.2338928 0.2502796 0.3147319 0.2336678 0.2410313 0.3381752 0.3387046 0.3071422 0.2619783 0.2338928 
MN389541/CHN/pig/2010/O/SEA/Unknown             0.2659246 0.0048591 0.0049179 0.2399161 0.2223035 0.2217508 0.2275563 0.2186337 0.2262940 0.0921673 0.0902004 0.2454728 0.1846864 0.3041044 0.1785456 0.1940044 0.2033861 0.2212295 0.2788912 0.0000000 0.1939515 0.3309279 0.1787893 0.0446228 0.2934816 0.1977642 0.1814488 0.1928572 0.1904221 0.1903398 0.1701922 0.1960308 0.1933196 0.0543313 0.0098839 0.0082043 0.0082043 0.0116229 0.0117101 0.0116291 0.0098762 0.2323467 0.2134841 0.1848998 0.0750132 0.1961833 0.2827243 0.2012170 0.2965554 0.2402287 0.2746411 0.1813583 0.2427993 0.0221091 0.2031805 0.2631763 0.2642704 0.0081988 0.2253503 0.2402600 0.3543777 0.2388280 0.3419717 0.3468344 0.2220082 0.2320242 0.2679523 0.2218453 0.2291961 0.3565851 0.3478329 0.2965607 0.2491221 0.2220082 
MN095359/IND/cattle/2013/O/ME-SA/Ind-2001d      0.2038523 0.1906451 0.1959335 0.1713947 0.1578703 0.1630638 0.1640307 0.1664945 0.1653186 0.2682928 0.2693546 0.1788728 0.0886525 0.2259235 0.0841526 0.0307705 0.1451406 0.1404318 0.1684391 0.1939515 0.0000000 0.3126415 0.0782736 0.2402041 0.2209463 0.0819496 0.0682336 0.0398404 0.0620084 0.0288556 0.0521174 0.0771684 0.0822301 0.2578465 0.1938903 0.1972225 0.1972225 0.1985759 0.2075272 0.2054637 0.2002923 0.1752167 0.0311138 0.0620858 0.2893786 0.1575611 0.2332518 0.0381842 0.2408853 0.1495532 0.1626152 0.0559169 0.1833294 0.2204758 0.1508918 0.1791690 0.2092852 0.1969396 0.1633263 0.1809139 0.2801213 0.1416398 0.2688537 0.3077102 0.1605366 0.1735644 0.2235447 0.1606275 0.1664377 0.2919333 0.2842886 0.2405709 0.1952191 0.1605366 
NC_039210/GBR/Unknown/1965/O/EURO-SA/Unknown    0.3697356 0.3260850 0.3299125 0.3346085 0.3325352 0.3235791 0.3266741 0.3244737 0.3379995 0.4221009 0.4038186 0.3076592 0.3075140 0.4142792 0.2993243 0.3110309 0.2852233 0.3024446 0.3358928 0.3309279 0.3126415 0.0000000 0.3119350 0.3993118 0.3602804 0.3378820 0.3060038 0.3241096 0.3102187 0.3147866 0.2815849 0.3234111 0.3238630 0.3979301 0.3224757 0.3273075 0.3273075 0.3403546 0.3448885 0.3404071 0.3315627 0.3449741 0.3136872 0.3184495 0.4500806 0.2905684 0.3875981 0.3182458 0.2299227 0.3394818 0.3382418 0.3330295 0.3137850 0.3524380 0.2689039 0.3196962 0.3393988 0.3350679 0.2993119 0.3114244 0.2230071 0.2858508 0.3617345 0.4536477 0.2955063 0.3106362 0.3414170 0.2931417 0.2948630 0.4698846 0.4486361 0.4089160 0.3053562 0.2955063 
MK071699/BGD/cattle/2013/O/ME-SA/Unknown        0.2152847 0.1819306 0.1869036 0.1661594 0.1584334 0.1635680 0.1590021 0.1614297 0.1500018 0.2540766 0.2579281 0.1704722 0.0860691 0.2365845 0.0816243 0.0743307 0.1386577 0.1403241 0.1751041 0.1787893 0.0782736 0.3119350 0.0000000 0.2235977 0.2053252 0.0911750 0.0682479 0.0717224 0.0703666 0.0677864 0.0963676 0.0816461 0.0914832 0.2332340 0.1850249 0.1882002 0.1882002 0.1894349 0.1941610 0.1959947 0.1911360 0.1841281 0.0973449 0.0704571 0.2616175 0.1355990 0.2274815 0.0768216 0.2097112 0.1502062 0.1757087 0.0781618 0.1677984 0.2102578 0.1442748 0.1683597 0.2184341 0.1879414 0.1539602 0.1654037 0.2314947 0.1363140 0.2569547 0.2840000 0.1512379 0.1608845 0.2044819 0.1568592 0.1569805 0.2774568 0.2768635 0.2341459 0.1810982 0.1512379 
MH845413/VNM/pig/2014/O/SEA/Unknown             0.3088070 0.0465103 0.0449795 0.2835850 0.2639942 0.2633207 0.2699516 0.2600099 0.2578986 0.0607736 0.0589464 0.2850144 0.2335296 0.3458292 0.2267341 0.2291597 0.2591671 0.2853509 0.3264851 0.0446228 0.2402041 0.3993118 0.2235977 0.0000000 0.3472218 0.2445367 0.2162060 0.2335922 0.2258441 0.2323113 0.2126425 0.2421951 0.2394293 0.0389465 0.0446109 0.0426430 0.0426430 0.0428323 0.0471751 0.0468249 0.0445704 0.2823392 0.2548285 0.2262693 0.0458000 0.2330857 0.3204432 0.2371151 0.3363251 0.2846098 0.3230369 0.2226720 0.2696193 0.0507143 0.2508829 0.3032087 0.3003088 0.0504576 0.2443216 0.2671300 0.4208166 0.2837377 0.3841018 0.3981764 0.2479238 0.2587224 0.3173894 0.2476016 0.2555133 0.4104714 0.4061486 0.3377735 0.2770154 0.2479238 
MF947132/VNM/buffalo/2015/O/ME-SA/Unknown       0.2756044 0.2978811 0.3059822 0.2625995 0.2666140 0.2613992 0.2708030 0.2580284 0.2559922 0.3834732 0.3745351 0.0861315 0.2266087 0.2916246 0.2196352 0.2301671 0.1503634 0.1738352 0.3036202 0.2934816 0.2209463 0.3602804 0.2053252 0.3472218 0.0000000 0.2289273 0.1996255 0.2430354 0.2023337 0.2298076 0.2164409 0.2303267 0.2401048 0.3453449 0.3021776 0.3066033 0.3066033 0.3093082 0.3223100 0.3184262 0.3105227 0.2464325 0.2168345 0.2090835 0.3873677 0.2057646 0.3290372 0.2311477 0.2763643 0.2549679 0.2731621 0.2411313 0.1220983 0.3355509 0.1589834 0.2553377 0.3250266 0.3048740 0.1169814 0.1198711 0.3311507 0.1937197 0.3401456 0.3318458 0.1145701 0.1253911 0.2330220 0.1091897 0.1195989 0.3236946 0.3151359 0.2944206 0.1380353 0.1145701 
MH891503/VNM/cow/2017/O/ME-SA/Unknown           0.1948554 0.1944186 0.1997995 0.1581335 0.1400111 0.1397156 0.1457929 0.1481958 0.1342374 0.2641302 0.2612224 0.1922090 0.0479934 0.2459367 0.0519407 0.0777100 0.1427821 0.1402167 0.1626979 0.1977642 0.0819496 0.3378820 0.0911750 0.2445367 0.2289273 0.0000000 0.0309562 0.0776783 0.0327359 0.0796610 0.1015745 0.0166196 0.0167573 0.2647579 0.1977015 0.2010729 0.2010729 0.2024669 0.2115552 0.2094354 0.2041738 0.1891684 0.0968243 0.0219596 0.3002247 0.1566319 0.2599050 0.0914088 0.2827175 0.1396195 0.1524193 0.0871810 0.1902007 0.2246322 0.1486255 0.1659373 0.2413771 0.2007819 0.1618350 0.1877361 0.3012829 0.1744310 0.2920585 0.3021763 0.1590348 0.1695814 0.2380869 0.1725758 0.1649557 0.2758911 0.2763122 0.2458878 0.1963756 0.1590348 
MG983728/SAU/cattle/2016/O/ME-SA/Unknown        0.1899166 0.1782809 0.1832534 0.1538569 0.1360956 0.1358126 0.1417631 0.1441374 0.1200519 0.2376693 0.2348826 0.1593165 0.0441005 0.2062738 0.0479897 0.0684651 0.1193483 0.1302283 0.1511315 0.1814488 0.0682336 0.3060038 0.0682479 0.2162060 0.1996255 0.0309562 0.0000000 0.0640412 0.0148488 0.0660898 0.0826150 0.0236184 0.0310693 0.2376764 0.1813924 0.1845855 0.1845855 0.1858054 0.1942810 0.1924053 0.1875428 0.1777528 0.0866891 0.0114901 0.2669185 0.1405263 0.2254560 0.0771043 0.2527754 0.1357259 0.1427715 0.0646088 0.1576449 0.2129234 0.1299420 0.1562714 0.2023284 0.1901726 0.1439890 0.1552444 0.2690692 0.1603310 0.2486405 0.3069525 0.1413048 0.1568248 0.2177625 0.1414405 0.1469508 0.2740306 0.2744405 0.2397995 0.1682749 0.1413048 
MG983705/NPL/cattle/2010/O/ME-SA/Ind-2001d      0.2017282 0.1895808 0.1948125 0.1732132 0.1542314 0.1538969 0.1602893 0.1627317 0.1561486 0.2532372 0.2542791 0.1806961 0.0840890 0.2340254 0.0839985 0.0362635 0.1416795 0.1423307 0.1702609 0.1928572 0.0398404 0.3241096 0.0717224 0.2335922 0.2430354 0.0776783 0.0640412 0.0000000 0.0619219 0.0342892 0.0768055 0.0686327 0.0779461 0.2508780 0.1927967 0.1960984 0.1960984 0.1974321 0.2062888 0.2042549 0.1991411 0.1769683 0.0559291 0.0540136 0.2814747 0.1535391 0.2693959 0.0438353 0.2547577 0.1684108 0.1644868 0.0420974 0.1850947 0.2191163 0.1473457 0.1929501 0.2440226 0.1958194 0.1708415 0.1826972 0.2782265 0.1572892 0.2675952 0.3041595 0.1680337 0.1812223 0.2267286 0.1624786 0.1739852 0.2738032 0.2732164 0.2511361 0.1992653 0.1680337 
MG983700/MUS/cattle/2016/O/ME-SA/Unknown        0.1847165 0.1871905 0.1923319 0.1489584 0.1313938 0.1362696 0.1369981 0.1393680 0.1304994 0.2478643 0.2450349 0.1618588 0.0459461 0.2033326 0.0498548 0.0704327 0.1220264 0.1221909 0.1409522 0.1904221 0.0620084 0.3102187 0.0703666 0.2258441 0.2023337 0.0327359 0.0148488 0.0619219 0.0000000 0.0680381 0.0803584 0.0253517 0.0328549 0.2412125 0.1903629 0.1936194 0.1936194 0.1949196 0.2036344 0.2016490 0.1966237 0.1775573 0.0799823 0.0098067 0.2707943 0.1403489 0.2158098 0.0791143 0.2495875 0.1259652 0.1432672 0.0665658 0.1606290 0.2163002 0.1274670 0.1567941 0.1994183 0.1933473 0.1414301 0.1582228 0.2673313 0.1525199 0.2424321 0.3037472 0.1387568 0.1541849 0.2212299 0.1388975 0.1443755 0.2778766 0.2782931 0.2302430 0.1655497 0.1387568 
MG983697/LBY/cattle/2013/O/ME-SA/Ind-2001d      0.2038977 0.1870735 0.1922697 0.1773093 0.1580534 0.1632349 0.1642007 0.1666579 0.1544993 0.2452242 0.2462648 0.1753415 0.0817347 0.2339542 0.0773465 0.0115126 0.1358843 0.1312465 0.1685990 0.1903398 0.0288556 0.3147866 0.0677864 0.2323113 0.2298076 0.0796610 0.0660898 0.0342892 0.0680381 0.0000000 0.0701984 0.0749337 0.0799341 0.2562246 0.1902799 0.1935717 0.1935717 0.1948857 0.2036967 0.2016889 0.1966086 0.1796388 0.0441585 0.0599914 0.2873791 0.1598440 0.2563086 0.0183590 0.2439459 0.1606872 0.1627921 0.0499638 0.1798260 0.2102325 0.1414678 0.1849873 0.2329642 0.1873537 0.1713466 0.1774215 0.2627921 0.1545577 0.2816560 0.2999679 0.1685289 0.1817700 0.2235049 0.1629527 0.1745023 0.2845134 0.2839008 0.2470562 0.1937708 0.1685289 
MG983686/BHR/cattle/2015/O/ME-SA/Ind-2001d      0.2134763 0.1615220 0.1718625 0.1741510 0.1666234 0.1606593 0.1672513 0.1697278 0.1804343 0.2485615 0.2457359 0.1738208 0.1040046 0.2258905 0.0993295 0.0683017 0.1635759 0.1644077 0.1711661 0.1701922 0.0521174 0.2815849 0.0963676 0.2126425 0.2164409 0.1015745 0.0826150 0.0768055 0.0803584 0.0701984 0.0000000 0.0964390 0.1019095 0.2298645 0.1758228 0.1789655 0.1789655 0.1801323 0.1884279 0.1866269 0.1818830 0.1937442 0.0694019 0.0804644 0.2504362 0.1777844 0.2428917 0.0726941 0.2147796 0.1495296 0.1747921 0.0834318 0.1758649 0.2007317 0.1753761 0.1773426 0.2042312 0.1787205 0.1731174 0.1776139 0.2657347 0.1722490 0.2603543 0.3200917 0.1702611 0.1837070 0.2339733 0.1646037 0.1763198 0.3027360 0.2949812 0.2438730 0.1936019 0.1702611 
MF461724/CHN/cattle/2017/O/ME-SA/Unknown        0.1896426 0.1927273 0.1980270 0.1531280 0.1351763 0.1348921 0.1409017 0.1433049 0.1342346 0.2473421 0.2445329 0.1869913 0.0400788 0.2332005 0.0438903 0.0730078 0.1386432 0.1308018 0.1558520 0.1960308 0.0771684 0.3234111 0.0816461 0.2421951 0.2303267 0.0166196 0.0236184 0.0686327 0.0253517 0.0749337 0.0964390 0.0000000 0.0065500 0.2649400 0.1959692 0.1992981 0.1992981 0.2006631 0.2096191 0.2075421 0.2023619 0.1940841 0.0964530 0.0149182 0.2969818 0.1475090 0.2451942 0.0864092 0.2694899 0.1400377 0.1529190 0.0734703 0.1851356 0.2225341 0.1443717 0.1664931 0.2208216 0.1990129 0.1648665 0.1826948 0.2865741 0.1826698 0.2772574 0.2977707 0.1620405 0.1786368 0.2333756 0.1678459 0.1680213 0.2660873 0.2664885 0.2562707 0.1972460 0.1620405 
LC320038/MNG/cow/2015/O/ME-SA/Unknown           0.1911678 0.1900241 0.1952902 0.1548266 0.1369226 0.1366359 0.1426351 0.1450242 0.1383918 0.2520670 0.2492200 0.1954919 0.0481642 0.2511402 0.0521245 0.0779781 0.1456633 0.1376348 0.1575317 0.1933196 0.0822301 0.3238630 0.0914832 0.2394293 0.2401048 0.0167573 0.0310693 0.0779461 0.0328549 0.0799341 0.1019095 0.0065500 0.0000000 0.2621778 0.1932587 0.1965800 0.1965800 0.1979249 0.2068416 0.2047904 0.1996406 0.1957347 0.1020684 0.0220410 0.2941537 0.1605319 0.2565532 0.0917191 0.2622274 0.1385743 0.1512473 0.0830465 0.1933975 0.2197529 0.1515490 0.1647134 0.2254616 0.1962988 0.1726391 0.1909345 0.2967322 0.1847526 0.2979064 0.3104777 0.1697436 0.1868463 0.2506337 0.1756676 0.1758853 0.2777318 0.2781575 0.2612235 0.1997009 0.1697436 
KX534089/KOR/pig/2016/O/SEA/Unknown             0.3295823 0.0562599 0.0547685 0.3186086 0.2974932 0.2967288 0.3040107 0.2932823 0.2782779 0.0832091 0.0857038 0.2988169 0.2443792 0.3738800 0.2374319 0.2529685 0.2569329 0.2891045 0.3567772 0.0543313 0.2578465 0.3979301 0.2332340 0.0389465 0.3453449 0.2647579 0.2376764 0.2508780 0.2412125 0.2562246 0.2298645 0.2649400 0.2621778 0.0000000 0.0543166 0.0522830 0.0522830 0.0525204 0.0570773 0.0566497 0.0542652 0.2791512 0.2732812 0.2481745 0.0296369 0.2415814 0.3323168 0.2690976 0.3798170 0.3025289 0.3585723 0.2462865 0.2736790 0.0691678 0.2566452 0.3218540 0.3239431 0.0603242 0.2532929 0.2711921 0.4484339 0.2807083 0.4147739 0.3899417 0.2569666 0.2680699 0.3232932 0.2596036 0.2647157 0.4094212 0.3981624 0.3452396 0.2977282 0.2569666 
LC149704/JPN/cow/2010/O/SEA/Unknown             0.2782264 0.0115567 0.0099582 0.2438198 0.2260422 0.2254789 0.2313539 0.2223457 0.2300094 0.0921409 0.0901746 0.2453888 0.1846281 0.2947667 0.1784893 0.1939432 0.2098232 0.2211545 0.2829750 0.0098839 0.1938903 0.3224757 0.1850249 0.0446109 0.3021776 0.1977015 0.1813924 0.1927967 0.1903629 0.1902799 0.1758228 0.1959692 0.1932587 0.0543166 0.0000000 0.0016172 0.0016172 0.0049104 0.0049466 0.0049130 0.0032460 0.2370859 0.2134152 0.1848421 0.0749919 0.2003165 0.2826253 0.2011532 0.2964497 0.2440579 0.2787904 0.1813012 0.2358221 0.0221034 0.2031124 0.2671532 0.2641790 0.0115659 0.2185110 0.2332652 0.3542439 0.2461682 0.3466210 0.3467162 0.2152009 0.2250489 0.2688974 0.2150744 0.2223084 0.3564662 0.3477164 0.2976027 0.2418987 0.2152009 
LC149690/JPN/pig/2010/O/SEA/Unknown             0.2823756 0.0098671 0.0082662 0.2477275 0.2297684 0.2291941 0.2351433 0.2260422 0.2337166 0.0897670 0.0878119 0.2493868 0.1878900 0.2993507 0.1817045 0.1972695 0.2134770 0.2249332 0.2871020 0.0082043 0.1972225 0.3273075 0.1882002 0.0426430 0.3066033 0.2010729 0.1845855 0.1960984 0.1936194 0.1935717 0.1789655 0.1992981 0.1965800 0.0522830 0.0016172 0.0000000 0.0000010 0.0032607 0.0032849 0.0032625 0.0016159 0.2409582 0.2169577 0.1880675 0.0727362 0.2037469 0.2870021 0.2045507 0.3010076 0.2478920 0.2829803 0.1845368 0.2397006 0.0203197 0.2067154 0.2711568 0.2683631 0.0098735 0.2222872 0.2371495 0.3595206 0.2499050 0.3513972 0.3514663 0.2189543 0.2289101 0.2730623 0.2188078 0.2261170 0.3611390 0.3523532 0.3018868 0.2459229 0.2189543 
LC149677/JPN/cow/2010/O/SEA/Unknown             0.2823756 0.0098671 0.0082662 0.2477275 0.2297684 0.2291941 0.2351433 0.2260422 0.2337166 0.0897670 0.0878119 0.2493868 0.1878900 0.2993507 0.1817045 0.1972695 0.2134770 0.2249332 0.2871020 0.0082043 0.1972225 0.3273075 0.1882002 0.0426430 0.3066033 0.2010729 0.1845855 0.1960984 0.1936194 0.1935717 0.1789655 0.1992981 0.1965800 0.0522830 0.0016172 0.0000010 0.0000000 0.0032607 0.0032849 0.0032625 0.0016159 0.2409582 0.2169577 0.1880675 0.0727362 0.2037469 0.2870021 0.2045507 0.3010076 0.2478920 0.2829803 0.1845368 0.2397006 0.0203197 0.2067154 0.2711568 0.2683631 0.0098735 0.2222872 0.2371495 0.3595206 0.2499050 0.3513972 0.3514663 0.2189543 0.2289101 0.2730623 0.2188078 0.2261170 0.3611390 0.3523532 0.3018868 0.2459229 0.2189543 
LC149659/JPN/cow/2010/O/SEA/Unknown             0.2847249 0.0133132 0.0117109 0.2496881 0.2315111 0.2309285 0.2369558 0.2277460 0.2354786 0.0902271 0.0882605 0.2596121 0.1891569 0.3115024 0.1829153 0.1986207 0.2150748 0.2266676 0.2894745 0.0116229 0.1985759 0.3403546 0.1894349 0.0428323 0.3093082 0.2024669 0.1858054 0.1974321 0.1949196 0.1948857 0.1801323 0.2006631 0.1979249 0.0525204 0.0049104 0.0032607 0.0032607 0.0000000 0.0032699 0.0066023 0.0049069 0.2428519 0.2185292 0.1893212 0.0730955 0.2051829 0.2984974 0.2059769 0.3130997 0.2498165 0.2853580 0.1857728 0.2415883 0.0239999 0.2082450 0.2815462 0.2792115 0.0133235 0.2240018 0.2390217 0.3740774 0.2517938 0.3547101 0.3547618 0.2206351 0.2307114 0.2753495 0.2204783 0.2278738 0.3644610 0.3555757 0.3044667 0.2479294 0.2206351 
LC149656/JPN/cow/2010/O/SEA/Unknown             0.2966942 0.0134140 0.0118008 0.2606691 0.2418260 0.2412069 0.2474961 0.2379463 0.2457640 0.0958373 0.0938302 0.2626646 0.1978458 0.3155265 0.1914314 0.2075541 0.2250550 0.2370955 0.3014154 0.0117101 0.2075272 0.3448885 0.1941610 0.0471751 0.3223100 0.2115552 0.1942810 0.2062888 0.2036344 0.2036967 0.1884279 0.2096191 0.2068416 0.0570773 0.0049466 0.0032849 0.0032849 0.0032699 0.0000000 0.0066515 0.0049428 0.2491641 0.2282176 0.1979102 0.0783077 0.2144568 0.3022108 0.2151636 0.3171143 0.2605836 0.2974583 0.1943646 0.2524180 0.0241849 0.2180298 0.2847898 0.2825876 0.0134243 0.2344030 0.2498505 0.3794022 0.2622891 0.3638185 0.3691560 0.2309455 0.2414089 0.2872900 0.2307274 0.2383979 0.3786965 0.3696221 0.3170001 0.2592362 0.2309455 
LC149639/JPN/pig/2010/O/SEA/Unknown             0.2932829 0.0133204 0.0117174 0.2577648 0.2392164 0.2386099 0.2447924 0.2353900 0.2431377 0.0950611 0.0930712 0.2596725 0.1959008 0.3115590 0.1895637 0.2054948 0.2226364 0.2344879 0.2979815 0.0116291 0.2054637 0.3404071 0.1959947 0.0468249 0.3184262 0.2094354 0.1924053 0.2042549 0.2016490 0.2016889 0.1866269 0.2075421 0.2047904 0.0566497 0.0049130 0.0032625 0.0032625 0.0066023 0.0066515 0.0000000 0.0049095 0.2508580 0.2258510 0.1959875 0.0776848 0.2122753 0.2985544 0.2129985 0.3131557 0.2577369 0.2940038 0.1924625 0.2496076 0.0240124 0.2157036 0.2816009 0.2792705 0.0133305 0.2318194 0.2470560 0.3741262 0.2595049 0.3645300 0.3645225 0.2284071 0.2387042 0.2839482 0.2282059 0.2357572 0.3740511 0.3650979 0.3132914 0.2562545 0.2284071 
LC149625/JPN/cow/2010/O/SEA/Unknown             0.2860784 0.0115487 0.0099517 0.2512579 0.2331575 0.2325740 0.2385835 0.2294092 0.2370822 0.0920374 0.0900738 0.2529972 0.1909070 0.3034218 0.1846864 0.2003335 0.2168222 0.2283774 0.2907789 0.0098762 0.2002923 0.3315627 0.1911360 0.0445704 0.3105227 0.2041738 0.1875428 0.1991411 0.1966237 0.1966086 0.1818830 0.2023619 0.1996406 0.0542652 0.0032460 0.0016159 0.0016159 0.0049069 0.0049428 0.0049095 0.0000000 0.2444654 0.2201952 0.1910502 0.0749122 0.2068988 0.2909034 0.2076708 0.3050530 0.2513550 0.2867195 0.1875338 0.2432151 0.0220857 0.2100234 0.2747434 0.2721162 0.0115567 0.2257330 0.2406732 0.3641280 0.2532766 0.3555750 0.3556206 0.2223841 0.2324244 0.2767912 0.2222189 0.2295871 0.3652147 0.3564068 0.3056860 0.2495619 0.2223841 
KY446903/PAK/water-buffalo/2005/O/ME-SA/Unknown 0.2754951 0.2361967 0.2383912 0.2634368 0.2401712 0.2420530 0.2438925 0.2455690 0.2202773 0.2991661 0.3013709 0.2052416 0.1853149 0.2450946 0.1792096 0.1747440 0.1811466 0.2083191 0.2481311 0.2323467 0.1752167 0.3449741 0.1841281 0.2823392 0.2464325 0.1891684 0.1777528 0.1769683 0.1775573 0.1796388 0.1937442 0.1940841 0.1957347 0.2791512 0.2370859 0.2409582 0.2409582 0.2428519 0.2491641 0.2508580 0.2444654 0.0000000 0.1843111 0.1778705 0.3190738 0.1367740 0.3031301 0.1854262 0.2733624 0.2397231 0.2609619 0.1884804 0.1913692 0.2459904 0.1880973 0.2317614 0.2842750 0.2434701 0.1654878 0.1889657 0.4132113 0.1883392 0.3382584 0.3479312 0.1626977 0.1757486 0.2623293 0.1627824 0.1686030 0.3156859 0.3074086 0.2881177 0.1967587 0.1626977 
KY657269/VNM/pig/2015/O/ME-SA/Ind-2001d         0.2103088 0.2099681 0.2157518 0.1894754 0.1692111 0.1745902 0.1756799 0.1782005 0.1774456 0.2929259 0.2940159 0.1978463 0.1089610 0.2689286 0.1040973 0.0462731 0.1650494 0.1601678 0.1869070 0.2134841 0.0311138 0.3136872 0.0973449 0.2548285 0.2168345 0.0968243 0.0866891 0.0559291 0.0799823 0.0441585 0.0694019 0.0964530 0.1020684 0.2732812 0.2134152 0.2169577 0.2169577 0.2185292 0.2282176 0.2258510 0.2201952 0.1843111 0.0000000 0.0800903 0.3069744 0.1778382 0.2692977 0.0503042 0.2501549 0.1605255 0.1702442 0.0692025 0.1869767 0.2343394 0.1649061 0.1819904 0.2562957 0.2095696 0.1781792 0.1845099 0.2909191 0.1660904 0.2730513 0.3088695 0.1752553 0.1890814 0.2276271 0.1694466 0.1814669 0.2927890 0.2850089 0.2482276 0.2056646 0.1752553 
KX712091/BGD/pig/2015/O/ME-SA/Unknown           0.1850474 0.1816996 0.1867492 0.1492088 0.1316046 0.1364899 0.1372213 0.1395955 0.1307067 0.2483485 0.2455127 0.1679528 0.0383515 0.2101845 0.0421540 0.0622944 0.1273945 0.1275746 0.1465147 0.1848998 0.0620858 0.3184495 0.0704571 0.2262693 0.2090835 0.0219596 0.0114901 0.0540136 0.0098067 0.0599914 0.0804644 0.0149182 0.0220410 0.2481745 0.1848421 0.1880675 0.1880675 0.1893212 0.1979102 0.1959875 0.1910502 0.1778705 0.0800903 0.0000000 0.2783976 0.1405760 0.2295698 0.0707552 0.2501083 0.1312542 0.1435088 0.0584913 0.1665779 0.2104913 0.1329211 0.1570551 0.2126170 0.1878047 0.1526520 0.1641630 0.2728838 0.1634664 0.2429425 0.2959866 0.1499133 0.1658506 0.2145322 0.1500312 0.1556887 0.2636274 0.2640204 0.2364291 0.1776736 0.1499133 
KX162590/KOR/pig/2014/O/SEA/Unknown             0.3673223 0.0771023 0.0756502 0.3630452 0.3362263 0.3353257 0.3466249 0.3315862 0.3081929 0.0972909 0.0952463 0.3345572 0.2819282 0.4140672 0.2742674 0.2756664 0.3013870 0.3377790 0.3966632 0.0750132 0.2893786 0.4500806 0.2616175 0.0458000 0.3873677 0.3002247 0.2669185 0.2814747 0.2707943 0.2873791 0.2504362 0.2969818 0.2941537 0.0296369 0.0749919 0.0727362 0.0727362 0.0730955 0.0783077 0.0776848 0.0749122 0.3190738 0.3069744 0.2783976 0.0000000 0.2599066 0.3680741 0.2932816 0.4123645 0.3515546 0.4063181 0.2766353 0.3140614 0.0867466 0.3010198 0.3650966 0.3591936 0.0815838 0.2861783 0.3116328 0.4982381 0.3182635 0.4534586 0.4374185 0.2901963 0.3026990 0.3684664 0.2895319 0.2987065 0.4571713 0.4449674 0.3919527 0.3419037 0.2901963 
KU726614/GRC/sheep/1994/O/ME-SA/Unknown         0.2118995 0.1995909 0.2051309 0.1991108 0.1874452 0.1870041 0.1882346 0.1908121 0.1736070 0.2481196 0.2505638 0.1748998 0.1420825 0.2173220 0.1366554 0.1571771 0.1659195 0.1860241 0.2193727 0.1961833 0.1575611 0.2905684 0.1355990 0.2330857 0.2057646 0.1566319 0.1405263 0.1535391 0.1403489 0.1598440 0.1777844 0.1475090 0.1605319 0.2415814 0.2003165 0.2037469 0.2037469 0.2051829 0.2144568 0.2122753 0.2068988 0.1367740 0.1778382 0.1405760 0.2599066 0.0000000 0.2572165 0.1675355 0.2410763 0.1992961 0.1955848 0.1688652 0.1478263 0.2131590 0.1725777 0.2160681 0.2365381 0.2060847 0.1351861 0.1513164 0.3243806 0.1655781 0.2613513 0.3035843 0.1326133 0.1420060 0.2203700 0.1327606 0.1380099 0.2855566 0.2778911 0.2664615 0.1695175 0.1326133 
KU821591/ZMB/cow/2010/O/EA-2/Unknown            0.3499376 0.2859828 0.2862012 0.3046528 0.2912408 0.2948734 0.2930365 0.2928529 0.2778088 0.3588584 0.3452346 0.2978025 0.2390544 0.1249074 0.2317840 0.2503276 0.2366775 0.2656068 0.3086373 0.2827243 0.2332518 0.3875981 0.2274815 0.3204432 0.3290372 0.2599050 0.2254560 0.2693959 0.2158098 0.2563086 0.2428917 0.2451942 0.2565532 0.3323168 0.2826253 0.2870021 0.2870021 0.2984974 0.3022108 0.2985544 0.2909034 0.3031301 0.2692977 0.2295698 0.3680741 0.2572165 0.0000000 0.2512033 0.3333047 0.2730531 0.3166848 0.2629644 0.2634404 0.3038321 0.2433519 0.2978483 0.0482699 0.2865051 0.2621967 0.2609097 0.3451942 0.2308587 0.3295462 0.3818910 0.2586086 0.2724928 0.3105491 0.2510122 0.2663890 0.3937814 0.3793103 0.3486319 0.2853121 0.2586086 
KU291242/MAR/cow/2015/O/ME-SA/Ind-2001d         0.2282292 0.1978454 0.2032955 0.1945115 0.1744853 0.1797770 0.1808878 0.1833510 0.1707086 0.2571924 0.2582490 0.1715832 0.0888464 0.2250095 0.0843347 0.0132301 0.1356995 0.1367117 0.1854895 0.2012170 0.0381842 0.3182458 0.0768216 0.2371151 0.2311477 0.0914088 0.0771043 0.0438353 0.0791143 0.0183590 0.0726941 0.0864092 0.0917191 0.2690976 0.2011532 0.2045507 0.2045507 0.2059769 0.2151636 0.2129985 0.2076708 0.1854262 0.0503042 0.0707552 0.2932816 0.1675355 0.2512033 0.0000000 0.2443967 0.1771397 0.1739533 0.0585255 0.1851809 0.2283168 0.1470172 0.1961051 0.2254811 0.2042531 0.1709679 0.1827911 0.2686906 0.1648576 0.2925416 0.2928789 0.1681672 0.1813213 0.2180271 0.1626247 0.1741036 0.2709771 0.2703990 0.2410769 0.1932320 0.1681672 
KP940473/EGY/cattle/2014/O/ME-SA/Unknown        0.3152740 0.2920271 0.2952291 0.2524844 0.2504169 0.2524558 0.2471834 0.2499713 0.2954076 0.3805233 0.3626803 0.2299340 0.2450259 0.3620350 0.2374950 0.2443744 0.2294859 0.2454327 0.2712954 0.2965554 0.2408853 0.2299227 0.2097112 0.3363251 0.2763643 0.2827175 0.2527754 0.2547577 0.2495875 0.2439459 0.2147796 0.2694899 0.2622274 0.3798170 0.2964497 0.3010076 0.3010076 0.3130997 0.3171143 0.3131557 0.3050530 0.2733624 0.2501549 0.2501083 0.4123645 0.2410763 0.3333047 0.2443967 0.0000000 0.2469822 0.2552182 0.2504807 0.2370760 0.3257662 0.2415322 0.2361424 0.2914505 0.3004734 0.2178908 0.2345037 0.1088936 0.1736880 0.3162511 0.4202211 0.2145470 0.2270584 0.3176507 0.2197860 0.2217263 0.3970647 0.3870282 0.3462357 0.2539396 0.2145470 
HQ268524/BTN/Unknown/2004/O/ME-SA/PanAsia-2     0.0666226 0.2364495 0.2428963 0.0418286 0.0341365 0.0340856 0.0341942 0.0359897 0.1151701 0.3472650 0.3420869 0.2333095 0.1526954 0.2522038 0.1529559 0.1640021 0.1672030 0.1751572 0.0767362 0.2402287 0.1495532 0.3394818 0.1502062 0.2846098 0.2549679 0.1396195 0.1357259 0.1684108 0.1259652 0.1606872 0.1495296 0.1400377 0.1385743 0.3025289 0.2440579 0.2478920 0.2478920 0.2498165 0.2605836 0.2577369 0.2513550 0.2397231 0.1605255 0.1312542 0.3515546 0.1992961 0.2730531 0.1771397 0.2469822 0.0000000 0.0520971 0.1715439 0.2336258 0.2599757 0.1545191 0.0492943 0.2349005 0.2398552 0.2082522 0.2311575 0.3057447 0.1849623 0.2912605 0.3532062 0.2051592 0.2129439 0.2827495 0.2142319 0.2117818 0.3181847 0.3186793 0.2783995 0.2486372 0.2051592 
