72
KC440883/EGY/Unknown/2011/O/ME-SA/PanAsia-2     0.0000000 0.1505138 0.1514601 0.0543079 0.0447054 0.0499795 0.0499551 0.0484762 0.1045262 0.2049072 0.2000174 0.1260809 0.1176062 0.1322888 0.1087365 0.1091093 0.1172794 0.0750223 0.1100400 0.1527094 0.1008583 0.1557545 0.1055713 0.1793524 0.1591046 0.1118032 0.1142574 0.0948090 0.1040530 0.1043272 0.0987600 0.1107966 0.1186141 0.1898996 0.1523940 0.1505182 0.1505182 0.1517654 0.1533359 0.1207284 0.0989246 0.1039922 0.1823810 0.1373753 0.1199990 0.1140870 0.1330258 0.0582016 0.0669413 0.0964939 0.1263642 0.1469150 0.1111467 0.0993391 0.1195456 0.1452084 0.1155349 0.1326334 0.1368136 0.1371355 0.1494126 0.2962597 0.1144875 0.1224541 0.3671914 0.1246694 0.1156458 0.2827432 0.2825606 0.3347180 0.1461098 0.1145680 
HM229661/HKG/pig/2010/O/SEA/Unknown             0.1505138 0.0000000 0.0028748 0.1286738 0.1179838 0.1305608 0.1291708 0.1226369 0.1246528 0.0621344 0.0575096 0.1461224 0.1299062 0.1478911 0.1236784 0.1383560 0.1228291 0.1320297 0.1244108 0.0034556 0.1339460 0.1738513 0.1140647 0.0338844 0.1533276 0.1178940 0.1164492 0.1323246 0.1095275 0.1358649 0.1187790 0.1149161 0.1190283 0.0436672 0.0100391 0.0094094 0.0094094 0.0100166 0.0106342 0.1167735 0.1363369 0.1038738 0.0372601 0.1281042 0.1237542 0.1467355 0.1201149 0.1185249 0.1293265 0.1133589 0.1246190 0.0069841 0.1149754 0.1440389 0.1334772 0.0069636 0.1182771 0.1300426 0.1405947 0.1171316 0.1467474 0.2683580 0.1151874 0.1226023 0.3594782 0.1233436 0.1161959 0.2727199 0.2681074 0.3170841 0.1418470 0.1172624 
JQ900581/CHN/pig/2010/O/SEA/Unknown             0.1514601 0.0028748 0.0000000 0.1315088 0.1206735 0.1334395 0.1320240 0.1253999 0.1265002 0.0624181 0.0577688 0.1504999 0.1283707 0.1500555 0.1221538 0.1392001 0.1235393 0.1361118 0.1249076 0.0040490 0.1324020 0.1696743 0.1175699 0.0340251 0.1578629 0.1163779 0.1149376 0.1352207 0.1080302 0.1366875 0.1194599 0.1134124 0.1175237 0.0438542 0.0106772 0.0100420 0.0100420 0.0106532 0.0112752 0.1173558 0.1347924 0.1023776 0.0374162 0.1319980 0.1267529 0.1476587 0.1229417 0.1212322 0.1277750 0.1138006 0.1265001 0.0075993 0.1156222 0.1483864 0.1365935 0.0075769 0.1200696 0.1320032 0.1390669 0.1177929 0.1488703 0.2740094 0.1169451 0.1244455 0.3664792 0.1272788 0.1179646 0.2784454 0.2738115 0.3234498 0.1439574 0.1190438 
OQ211400/ISR/cattle/2007/O/ME-SA/PanAsia-2      0.0543079 0.1286738 0.1315088 0.0000000 0.0160035 0.0179149 0.0069566 0.0154206 0.1023903 0.1776821 0.1780757 0.1042311 0.1078381 0.1198961 0.1013571 0.0913033 0.0962471 0.0614076 0.0958781 0.1307306 0.0816838 0.1330648 0.0924611 0.1583961 0.1390243 0.0985431 0.0971713 0.0805482 0.0876827 0.0851796 0.0834811 0.0959179 0.1013492 0.1664525 0.1299377 0.1282894 0.1282894 0.1294384 0.1308325 0.1044916 0.0801513 0.0859132 0.1616123 0.1237679 0.1007950 0.0995919 0.1212406 0.0368307 0.0540105 0.0870229 0.1108539 0.1273820 0.0887704 0.0803066 0.1076669 0.1218169 0.1005808 0.1147169 0.1326409 0.1183446 0.1467637 0.2753854 0.0996030 0.1070945 0.3244286 0.1090391 0.1006729 0.2579760 0.2576950 0.3122694 0.1240134 0.0996691 
OQ211386/ISR/cattle/2007/O/ME-SA/PanAsia-2      0.0447054 0.1179838 0.1206735 0.0160035 0.0000000 0.0099421 0.0123433 0.0087375 0.0959426 0.1678364 0.1655837 0.0966450 0.0962409 0.1126338 0.0901026 0.0852625 0.0909927 0.0545027 0.0896564 0.1199789 0.0742190 0.1339845 0.0869833 0.1512463 0.1325687 0.0910366 0.0879933 0.0730405 0.0788604 0.0791494 0.0748143 0.0866820 0.0938333 0.1614170 0.1191022 0.1175530 0.1175530 0.1186591 0.1199778 0.0986473 0.0742251 0.0771492 0.1544158 0.1136939 0.0970357 0.0914326 0.1112269 0.0307282 0.0437016 0.0800622 0.1068187 0.1167511 0.0818211 0.0736736 0.1045511 0.1133476 0.0948322 0.1124954 0.1223727 0.1083270 0.1335745 0.2644168 0.0938780 0.1012105 0.3199995 0.1030613 0.0949176 0.2413313 0.2409833 0.3042022 0.1195091 0.0939390 
OQ211372/ISR/goat/2007/O/ME-SA/PanAsia-2        0.0499795 0.1305608 0.1334395 0.0179149 0.0099421 0.0000000 0.0142115 0.0105623 0.1031243 0.1802382 0.1830269 0.1078327 0.1043652 0.1206861 0.0979591 0.0867690 0.0936913 0.0585097 0.0982699 0.1326412 0.0788815 0.1403850 0.0919561 0.1655592 0.1409696 0.0989243 0.0957509 0.0742775 0.0862743 0.0822452 0.0827981 0.0943560 0.1017415 0.1761312 0.1297582 0.1281000 0.1281000 0.1292564 0.1306592 0.1060177 0.0772355 0.0845062 0.1688429 0.1233024 0.1042489 0.0947966 0.1167172 0.0368906 0.0474949 0.0866309 0.1105700 0.1271323 0.0853014 0.0798901 0.1119113 0.1256519 0.1002478 0.1163895 0.1292223 0.1149750 0.1465237 0.2752155 0.0992657 0.1067954 0.3416749 0.1087475 0.1003395 0.2545986 0.2522819 0.3219129 0.1278296 0.0993317 
OQ211369/ISR/cattle/2007/O/ME-SA/PanAsia-2      0.0499551 0.1291708 0.1320240 0.0069566 0.0123433 0.0142115 0.0000000 0.0117624 0.1047412 0.1781424 0.1785384 0.1027302 0.1061647 0.1193574 0.0997145 0.0919385 0.0985123 0.0599812 0.0944528 0.1312387 0.0789049 0.1369226 0.0929571 0.1590758 0.1398064 0.0988692 0.0974894 0.0790234 0.0879572 0.0858168 0.0827554 0.0943047 0.1016845 0.1671803 0.1304467 0.1287872 0.1287872 0.1299427 0.1313461 0.1066818 0.0786184 0.0861802 0.1623104 0.1263831 0.1001222 0.1002304 0.1184337 0.0355229 0.0496273 0.0874250 0.1083134 0.1278711 0.0909393 0.0806650 0.1050165 0.1222748 0.0992741 0.1121055 0.1333755 0.1166374 0.1461553 0.2769435 0.0983047 0.1057367 0.3264345 0.1076534 0.0993644 0.2565202 0.2562317 0.3141614 0.1224635 0.0983695 
OQ211354/PSE/cattle/2007/O/ME-SA/PanAsia-2      0.0484762 0.1226369 0.1253999 0.0154206 0.0087375 0.0105623 0.0117624 0.0000000 0.0989674 0.1758597 0.1735659 0.1037817 0.1004928 0.1151983 0.0942017 0.0863690 0.0949610 0.0561814 0.0944890 0.1246665 0.0769956 0.1353001 0.0926466 0.1565930 0.1359848 0.0950048 0.0938069 0.0732346 0.0835404 0.0819927 0.0775892 0.0905400 0.0978144 0.1695422 0.1238222 0.1222242 0.1222242 0.1233532 0.1247095 0.1028894 0.0736294 0.0808413 0.1623759 0.1221169 0.0991918 0.0925944 0.1176696 0.0341529 0.0467027 0.0837827 0.1080720 0.1213739 0.0874788 0.0772611 0.1067617 0.1178938 0.0978601 0.1137983 0.1258046 0.1145675 0.1417783 0.2736691 0.0968914 0.1043243 0.3345580 0.1062290 0.0979492 0.2518184 0.2515107 0.3128405 0.1229968 0.0969552 
OP957418/BGD/cattle/2021/O/ME-SA/PanAsia-2      0.1045262 0.1246528 0.1265002 0.1023903 0.0959426 0.1031243 0.1047412 0.0989674 0.0000000 0.1662976 0.1614854 0.1162786 0.1079776 0.1190104 0.1033138 0.1074391 0.1030466 0.0974370 0.1064688 0.1279305 0.1043337 0.1607795 0.0935571 0.1491384 0.1316071 0.0989347 0.0997051 0.1036372 0.0936548 0.1045926 0.0916968 0.0984350 0.1047148 0.1570217 0.1260753 0.1244720 0.1244720 0.1246014 0.1257665 0.0922542 0.1045136 0.0900964 0.1512154 0.1110912 0.1099326 0.1145819 0.1193235 0.0897368 0.0953500 0.0828920 0.1207607 0.1213901 0.1025390 0.1097477 0.1117112 0.1199216 0.1070680 0.1269012 0.1254594 0.1078489 0.1292927 0.2720707 0.1060507 0.1117422 0.3528706 0.1159019 0.1051362 0.2724862 0.2786225 0.3229719 0.1336007 0.1040998 
ON868614/VNM/pig/2019/O/SEA/Unknown             0.2049072 0.0621344 0.0624181 0.1776821 0.1678364 0.1802382 0.1781424 0.1758597 0.1662976 0.0000000 0.0069659 0.2016248 0.1946934 0.1884138 0.1866388 0.1852013 0.1813738 0.1749381 0.1663333 0.0639609 0.1922579 0.2360087 0.1670039 0.0463538 0.2157512 0.1770094 0.1701931 0.1847348 0.1653167 0.1919134 0.1700669 0.1729143 0.1732375 0.0616261 0.0676692 0.0666411 0.0666411 0.0674734 0.0683890 0.1556640 0.1890567 0.1621488 0.0538478 0.1780868 0.1679599 0.2008346 0.1698030 0.1657200 0.1777482 0.1638444 0.1948928 0.0614896 0.1738981 0.1863690 0.1797579 0.0628589 0.1840792 0.2022002 0.1880986 0.1638351 0.2039019 0.2988830 0.1830635 0.1897393 0.3771363 0.1936256 0.1842827 0.3214015 0.3238285 0.3496074 0.2091849 0.1856090 
ON868606/VNM/pig/2019/O/SEA/Unknown             0.2000174 0.0575096 0.0577688 0.1780757 0.1655837 0.1830269 0.1785384 0.1735659 0.1614854 0.0069659 0.0000000 0.1995820 0.1899125 0.1806054 0.1819655 0.1852567 0.1787360 0.1729661 0.1641205 0.0592831 0.1846805 0.2303745 0.1673661 0.0420824 0.2106614 0.1698147 0.1702407 0.1851480 0.1631214 0.1895452 0.1651952 0.1658429 0.1684131 0.0570478 0.0628850 0.0618914 0.0618914 0.0627062 0.0635964 0.1510897 0.1839485 0.1574481 0.0494243 0.1732601 0.1629666 0.1983945 0.1653328 0.1664022 0.1778004 0.1593773 0.1925016 0.0568652 0.1739475 0.1843468 0.1746887 0.0582235 0.1790250 0.1997606 0.1806127 0.1613217 0.1961853 0.2982379 0.1780146 0.1846206 0.3727005 0.1908644 0.1792227 0.3168992 0.3192932 0.3464577 0.2037747 0.1805347 
ON868552/VNM/pig/2019/O/ME-SA/Unknown           0.1260809 0.1461224 0.1504999 0.1042311 0.0966450 0.1078327 0.1027302 0.1037817 0.1162786 0.2016248 0.1995820 0.0000000 0.1248923 0.1423530 0.1214258 0.1207846 0.1084250 0.1069925 0.1078923 0.1461130 0.1168813 0.1613778 0.0934453 0.1777780 0.0756390 0.1135162 0.1196945 0.1147025 0.1107057 0.1175852 0.1192509 0.1180152 0.1230955 0.1865754 0.1479480 0.1460925 0.1460925 0.1462508 0.1488940 0.0975084 0.1202509 0.1090160 0.1815349 0.1236355 0.1261805 0.1307529 0.1214377 0.0958973 0.1123778 0.1037862 0.0870460 0.1403620 0.1023663 0.1133904 0.1330245 0.1386907 0.0775315 0.0903076 0.1301539 0.1179340 0.1533458 0.2910486 0.0750588 0.0799596 0.3499627 0.0763144 0.0725663 0.2837787 0.2878882 0.3485046 0.0928807 0.0733969 
OP751924/IDN/cattle/2022/O/ME-SA/Unknown        0.1176062 0.1299062 0.1283707 0.1078381 0.0962409 0.1043652 0.1061647 0.1004928 0.1079776 0.1946934 0.1899125 0.1248923 0.0000000 0.1189068 0.0069720 0.1217534 0.1129898 0.0938171 0.1004717 0.1297511 0.1111080 0.1705709 0.0852708 0.1579585 0.1447301 0.0459814 0.0446409 0.1076206 0.0402934 0.1146243 0.1061337 0.0423417 0.0487963 0.1689264 0.1296568 0.1292947 0.1292947 0.1304487 0.1318513 0.1169349 0.1120557 0.0359727 0.1628920 0.1287901 0.1151288 0.1294199 0.1125971 0.0954072 0.0973902 0.0718933 0.1123988 0.1242931 0.1076502 0.1138193 0.1195676 0.1248089 0.1068423 0.1183648 0.1202637 0.1125778 0.1289136 0.3068775 0.1058180 0.1115504 0.3476976 0.1176863 0.1069439 0.2785596 0.2777939 0.3369172 0.1380849 0.1058912 
ON736860/UGA/cow/2015/O/EA-2/Unknown            0.1322888 0.1478911 0.1500555 0.1198961 0.1126338 0.1206861 0.1193574 0.1151983 0.1190104 0.1884138 0.1806054 0.1423530 0.1189068 0.0000000 0.1138054 0.1240022 0.1225965 0.1190304 0.1210531 0.1525187 0.1152633 0.1661955 0.1156407 0.1772059 0.1535957 0.1205299 0.1214171 0.1133672 0.1150811 0.1216795 0.1082944 0.1144203 0.1228324 0.1879254 0.1495215 0.1475859 0.1475859 0.1477515 0.1505035 0.0974300 0.1141832 0.1061091 0.1810498 0.1298326 0.0596729 0.1334119 0.1226254 0.1151777 0.1142764 0.1194377 0.1263479 0.1464148 0.1176705 0.1302659 0.0552826 0.1468903 0.1225798 0.1320045 0.1392308 0.1240026 0.1372323 0.2711496 0.1193843 0.1269821 0.3229055 0.1304549 0.1183772 0.2634617 0.2709330 0.3059867 0.1554044 0.1194746 
OP585403/IDN/cattle/2022/O/ME-SA/Unknown        0.1087365 0.1236784 0.1221538 0.1013571 0.0901026 0.0979591 0.0997145 0.0942017 0.1033138 0.1866388 0.1819655 0.1214258 0.0069720 0.1138054 0.0000000 0.1158663 0.1053141 0.0858544 0.0942940 0.1255177 0.1054634 0.1654046 0.0821475 0.1509163 0.1401423 0.0430398 0.0415321 0.1020903 0.0359074 0.1089147 0.0996265 0.0392881 0.0442092 0.1615970 0.1233915 0.1230573 0.1230573 0.1241784 0.1255271 0.1101802 0.1063898 0.0317087 0.1557152 0.1236094 0.1091759 0.1232754 0.1096664 0.0892871 0.0921453 0.0690286 0.1091039 0.1182213 0.1003340 0.1081203 0.1135842 0.1187490 0.1036671 0.1149648 0.1171860 0.1069269 0.1235861 0.2982016 0.1026575 0.1083194 0.3355252 0.1143450 0.1037647 0.2684821 0.2676984 0.3251723 0.1320559 0.1027277 
OM160611/TUN/cattle/2014/O/ME-SA/Ind-2001d      0.1091093 0.1383560 0.1392001 0.0913033 0.0852625 0.0867690 0.0919385 0.0863690 0.1074391 0.1852013 0.1852567 0.1207846 0.1217534 0.1240022 0.1158663 0.0000000 0.1032770 0.0923698 0.1090782 0.1405647 0.0335781 0.1592756 0.0947647 0.1744151 0.1480586 0.1135870 0.1130378 0.0455471 0.1092283 0.0159681 0.0947439 0.1135258 0.1163657 0.1875864 0.1408244 0.1404121 0.1404121 0.1416179 0.1431109 0.1035069 0.0421622 0.1027458 0.1801133 0.1355885 0.1213690 0.0130053 0.1239999 0.0825592 0.0943705 0.0965628 0.1169058 0.1348937 0.0972993 0.1176481 0.1136976 0.1353827 0.1082765 0.1228618 0.1233414 0.1206376 0.1409916 0.2732905 0.1072677 0.1130884 0.3465917 0.1151310 0.1083776 0.2629534 0.2597645 0.2960209 0.1375739 0.1073413 
OM456150/PAK/buffalo/2010/O/ME-SA/PanAsia-2     0.1172794 0.1228291 0.1235393 0.0962471 0.0909927 0.0936913 0.0985123 0.0949610 0.1030466 0.1813738 0.1787360 0.1084250 0.1129898 0.1225965 0.1053141 0.1032770 0.0000000 0.1000776 0.0996749 0.1238525 0.0924311 0.1250614 0.0951414 0.1585786 0.1270202 0.1006519 0.1023875 0.0990757 0.0949777 0.0993538 0.1033607 0.0990920 0.1036455 0.1651548 0.1229693 0.1226358 0.1226358 0.1227634 0.1251081 0.1043025 0.0946667 0.0906022 0.1592402 0.1217551 0.1168349 0.1162782 0.1168796 0.0930337 0.0728820 0.0824094 0.0940282 0.1167345 0.0179427 0.0900543 0.1166804 0.1161487 0.0888063 0.0993360 0.1080130 0.1116540 0.1238351 0.2645101 0.0878727 0.0933049 0.3205041 0.0913465 0.0870199 0.2552303 0.2529301 0.3082758 0.1156835 0.0879287 
OM456135/PAK/cattle/2012/O/ME-SA/PanAsia-2      0.0750223 0.1320297 0.1361118 0.0614076 0.0545027 0.0585097 0.0599812 0.0561814 0.0974370 0.1749381 0.1729661 0.1069925 0.0938171 0.1190304 0.0858544 0.0923698 0.1000776 0.0000000 0.1015493 0.1341233 0.0919726 0.1602731 0.0828791 0.1649822 0.1423820 0.0911284 0.0943808 0.0800124 0.0819174 0.0897143 0.0797268 0.0860570 0.0913190 0.1755721 0.1299282 0.1295618 0.1295618 0.1307267 0.1321433 0.1079712 0.0937333 0.0814308 0.1682719 0.1328192 0.1024240 0.0969065 0.1164319 0.0530105 0.0730165 0.0794736 0.1112994 0.1286329 0.0941949 0.0772874 0.1063810 0.1270811 0.1071223 0.1161748 0.1242118 0.1113900 0.1339569 0.2791673 0.1061121 0.1119465 0.3486750 0.1137950 0.1052041 0.2656037 0.2688819 0.3276901 0.1367130 0.1061846 
OK019689/IRN/cow/2016/O/ME-SA/PanAsia-2         0.1100400 0.1244108 0.1249076 0.0958781 0.0896564 0.0982699 0.0944528 0.0944890 0.1064688 0.1663333 0.1641205 0.1078923 0.1004717 0.1210531 0.0942940 0.1090782 0.0996749 0.1015493 0.0000000 0.1272179 0.1043101 0.1447165 0.0893845 0.1550906 0.1366519 0.0871217 0.0858173 0.0999599 0.0771631 0.1079345 0.1178465 0.0838972 0.0881170 0.1617842 0.1235771 0.1220108 0.1220108 0.1231180 0.1244475 0.0988849 0.1000503 0.0752178 0.1559716 0.1257115 0.1141238 0.1149868 0.1148634 0.0881375 0.0930205 0.0848641 0.1124224 0.1189283 0.0974160 0.1098591 0.1149253 0.1156164 0.1012167 0.1163078 0.1172525 0.1123416 0.1193010 0.2599364 0.1002388 0.1030919 0.3335226 0.1058043 0.0993554 0.2477988 0.2503540 0.3204164 0.1275063 0.1003053 
MN389541/CHN/pig/2010/O/SEA/Unknown             0.1527094 0.0034556 0.0040490 0.1307306 0.1199789 0.1326412 0.1312387 0.1246665 0.1279305 0.0639609 0.0592831 0.1461130 0.1297511 0.1525187 0.1255177 0.1405647 0.1238525 0.1341233 0.1272179 0.0000000 0.1347163 0.1709808 0.1167766 0.0353791 0.1566841 0.1196537 0.1162083 0.1354221 0.1111700 0.1380557 0.1217477 0.1146677 0.1207878 0.0452674 0.0112907 0.0106518 0.0106518 0.0112653 0.0118901 0.1183215 0.1371084 0.1054541 0.0387882 0.1340696 0.1278026 0.1490179 0.1230899 0.1205307 0.1310553 0.1180250 0.1247679 0.0081982 0.1159711 0.1462282 0.1376691 0.0081739 0.1184672 0.1301543 0.1403390 0.1188856 0.1500529 0.2762677 0.1153977 0.1227637 0.3694685 0.1255356 0.1163996 0.2807406 0.2760907 0.3260847 0.1418709 0.1174592 
MN095359/IND/cattle/2013/O/ME-SA/Ind-2001d      0.1008583 0.1339460 0.1324020 0.0816838 0.0742190 0.0788815 0.0789049 0.0769956 0.1043337 0.1922579 0.1846805 0.1168813 0.1111080 0.1152633 0.1054634 0.0335781 0.0924311 0.0919726 0.1043101 0.1347163 0.0000000 0.1475264 0.0931476 0.1665903 0.1405269 0.0990828 0.1024505 0.0413322 0.0925164 0.0288556 0.0816067 0.0973328 0.1038788 0.1748647 0.1352954 0.1335833 0.1335833 0.1324085 0.1362074 0.0950898 0.0178620 0.0907824 0.1675776 0.1217119 0.1119408 0.0407893 0.1200132 0.0783444 0.0827136 0.0878112 0.1125143 0.1282232 0.0884805 0.1150524 0.1044868 0.1266763 0.1077085 0.1183859 0.1173431 0.1149305 0.1369988 0.2857251 0.1066987 0.1144089 0.3540231 0.1145711 0.1078093 0.2653889 0.2651364 0.3290578 0.1350837 0.1067714 
NC_039210/GBR/Unknown/1965/O/EURO-SA/Unknown    0.1557545 0.1738513 0.1696743 0.1330648 0.1339845 0.1403850 0.1369226 0.1353001 0.1607795 0.2360087 0.2303745 0.1613778 0.1705709 0.1661955 0.1654046 0.1592756 0.1250614 0.1602731 0.1447165 0.1709808 0.1475264 0.0000000 0.1353268 0.2054412 0.1688818 0.1497423 0.1567002 0.1494026 0.1549382 0.1524153 0.1488587 0.1567365 0.1600441 0.2140914 0.1757299 0.1751494 0.1751494 0.1753405 0.1770301 0.1487374 0.1439565 0.1460812 0.2081763 0.1600738 0.1513635 0.1684001 0.1568337 0.1337343 0.1356515 0.1420105 0.1477826 0.1698816 0.1151233 0.1497285 0.1574594 0.1703527 0.1390755 0.1548113 0.1376779 0.1479352 0.1779433 0.2876533 0.1379109 0.1445581 0.3407935 0.1469439 0.1368906 0.2894023 0.2953762 0.3429505 0.1584074 0.1380158 
MK071699/BGD/cattle/2013/O/ME-SA/Unknown        0.1055713 0.1140647 0.1175699 0.0924611 0.0869833 0.0919561 0.0929571 0.0926466 0.0935571 0.1670039 0.1673661 0.0934453 0.0852708 0.1156407 0.0821475 0.0947647 0.0951414 0.0828791 0.0893845 0.1167766 0.0931476 0.1353268 0.0000000 0.1470776 0.1108798 0.0807810 0.0804350 0.0906623 0.0754034 0.0866698 0.0924210 0.0793448 0.0834403 0.1581702 0.1107550 0.1104702 0.1104702 0.1115389 0.1127983 0.0883014 0.0912523 0.0702050 0.1523774 0.1042295 0.0993609 0.1011458 0.0986334 0.0827107 0.0894473 0.0506881 0.0869975 0.1088047 0.0855309 0.0945283 0.0937945 0.1093531 0.0843120 0.0921445 0.1158402 0.0941825 0.1216874 0.2750794 0.0833954 0.0886041 0.3261836 0.0866429 0.0807390 0.2701152 0.2698862 0.3149367 0.1083917 0.0816248 
MH845413/VNM/pig/2014/O/SEA/Unknown             0.1793524 0.0338844 0.0340251 0.1583961 0.1512463 0.1655592 0.1590758 0.1565930 0.1491384 0.0463538 0.0420824 0.1777780 0.1579585 0.1772059 0.1509163 0.1744151 0.1585786 0.1649822 0.1550906 0.0353791 0.1665903 0.2054412 0.1470776 0.0000000 0.1808080 0.1476232 0.1462119 0.1671295 0.1383170 0.1735821 0.1533087 0.1443522 0.1443531 0.0295857 0.0370289 0.0362237 0.0362237 0.0369349 0.0376841 0.1497470 0.1669507 0.1341812 0.0229815 0.1557908 0.1573565 0.1827140 0.1502939 0.1542044 0.1601905 0.1406296 0.1632066 0.0346562 0.1520502 0.1706805 0.1642214 0.0345370 0.1557161 0.1696702 0.1638291 0.1444911 0.1881460 0.2874341 0.1547486 0.1585664 0.3716549 0.1654116 0.1558833 0.2993912 0.2985018 0.3450941 0.1803571 0.1571048 
MF947132/VNM/buffalo/2015/O/ME-SA/Unknown       0.1591046 0.1533276 0.1578629 0.1390243 0.1325687 0.1409696 0.1398064 0.1359848 0.1316071 0.2157512 0.2106614 0.0756390 0.1447301 0.1535957 0.1401423 0.1480586 0.1270202 0.1423820 0.1366519 0.1566841 0.1405269 0.1688818 0.1108798 0.1808080 0.0000000 0.1310694 0.1391830 0.1456036 0.1315637 0.1358120 0.1344359 0.1362220 0.1369868 0.1951526 0.1589703 0.1569953 0.1569953 0.1571675 0.1599412 0.1157685 0.1442313 0.1225023 0.1899821 0.1333151 0.1419972 0.1598191 0.1488560 0.1298748 0.1368380 0.1264238 0.1113767 0.1496305 0.1231960 0.1365291 0.1407847 0.1500826 0.1003380 0.1169936 0.1469263 0.1354753 0.1606434 0.3034422 0.0976562 0.0975702 0.3545059 0.0991626 0.0949369 0.2887680 0.2922185 0.3522661 0.1171016 0.0958452 
MH891503/VNM/cow/2017/O/ME-SA/Unknown           0.1118032 0.1178940 0.1163779 0.0985431 0.0910366 0.0989243 0.0988692 0.0950048 0.0989347 0.1770094 0.1698147 0.1135162 0.0459814 0.1205299 0.0430398 0.1135870 0.1006519 0.0911284 0.0871217 0.1196537 0.0990828 0.1497423 0.0807810 0.1476232 0.1310694 0.0000000 0.0270214 0.0969242 0.0211731 0.0989516 0.0917042 0.0210770 0.0255659 0.1589952 0.1167544 0.1164472 0.1164472 0.1175386 0.1168784 0.0982684 0.1019960 0.0166819 0.1531971 0.1159231 0.1028517 0.1187267 0.1112261 0.0864643 0.0882171 0.0599281 0.1086791 0.1106347 0.0956050 0.1035344 0.1064029 0.1092566 0.1015009 0.1125216 0.1196803 0.1051562 0.1125213 0.2832616 0.1005118 0.1060658 0.3263333 0.1100634 0.1015948 0.2576735 0.2568691 0.3189130 0.1294489 0.1005792 
MG983728/SAU/cattle/2016/O/ME-SA/Unknown        0.1142574 0.1164492 0.1149376 0.0971713 0.0879933 0.0957509 0.0974894 0.0938069 0.0997051 0.1701931 0.1702407 0.1196945 0.0446409 0.1214171 0.0415321 0.1130378 0.1023875 0.0943808 0.0858173 0.1162083 0.1024505 0.1567002 0.0804350 0.1462119 0.1391830 0.0270214 0.0000000 0.0982837 0.0167316 0.1021488 0.0917129 0.0198358 0.0255912 0.1550487 0.1153060 0.1150052 0.1150052 0.1160878 0.1173732 0.1037686 0.1035282 0.0117695 0.1517594 0.1176692 0.1133840 0.1203003 0.1118322 0.0887843 0.0827415 0.0628178 0.1143493 0.1111681 0.0953580 0.1051955 0.1081829 0.1097905 0.1056149 0.1203099 0.1194213 0.1111832 0.1221082 0.2886098 0.1046067 0.1102529 0.3316182 0.1143633 0.1057139 0.2655613 0.2613374 0.3287914 0.1342217 0.1046780 
MG983705/NPL/cattle/2010/O/ME-SA/Ind-2001d      0.0948090 0.1323246 0.1352207 0.0805482 0.0730405 0.0742775 0.0790234 0.0732346 0.1036372 0.1847348 0.1851480 0.1147025 0.1076206 0.1133672 0.1020903 0.0455471 0.0990757 0.0800124 0.0999599 0.1354221 0.0413322 0.1494026 0.0906623 0.1671295 0.1456036 0.0969242 0.0982837 0.0000000 0.0894656 0.0419650 0.0786106 0.0970065 0.1016875 0.1803834 0.1325702 0.1321943 0.1321943 0.1333649 0.1347947 0.0962391 0.0428319 0.0887305 0.1730492 0.1205454 0.1133412 0.0532956 0.1136887 0.0689999 0.0798565 0.0897045 0.1109449 0.1268826 0.0930721 0.1034255 0.1058139 0.1273930 0.1108313 0.1157970 0.1206721 0.1086287 0.1371184 0.2856522 0.1098081 0.1176077 0.3458423 0.1199328 0.1109359 0.2682588 0.2708356 0.3215227 0.1398004 0.1098838 
MG983700/MUS/cattle/2016/O/ME-SA/Unknown        0.1040530 0.1095275 0.1080302 0.0876827 0.0788604 0.0862743 0.0879572 0.0835404 0.0936548 0.1653167 0.1631214 0.1107057 0.0402934 0.1150811 0.0359074 0.1092283 0.0949777 0.0819174 0.0771631 0.1111700 0.0925164 0.1549382 0.0754034 0.1383170 0.1315637 0.0211731 0.0167316 0.0894656 0.0000000 0.0949625 0.0854068 0.0172921 0.0216975 0.1471768 0.1083624 0.1080897 0.1080897 0.1091368 0.1103659 0.0938101 0.0916151 0.0081514 0.1415969 0.1090795 0.1064316 0.1163077 0.1072610 0.0778456 0.0761950 0.0565810 0.1063072 0.1044160 0.0864761 0.0957613 0.1033348 0.1031013 0.0990791 0.1119969 0.1112363 0.1028826 0.1105766 0.2777959 0.0981038 0.1035914 0.3182271 0.1075145 0.0991701 0.2564755 0.2556655 0.3220441 0.1265843 0.0981683 
MG983697/LBY/cattle/2013/O/ME-SA/Ind-2001d      0.1043272 0.1358649 0.1366875 0.0851796 0.0791494 0.0822452 0.0858168 0.0819927 0.1045926 0.1919134 0.1895452 0.1175852 0.1146243 0.1216795 0.1089147 0.0159681 0.0993538 0.0897143 0.1079345 0.1380557 0.0288556 0.1524153 0.0866698 0.1735821 0.1358120 0.0989516 0.1021488 0.0419650 0.0949625 0.0000000 0.0848676 0.1008380 0.1035731 0.1846714 0.1382872 0.1378864 0.1378864 0.1390809 0.1405537 0.1005627 0.0372036 0.0905250 0.1772501 0.1277764 0.1191202 0.0210832 0.1188593 0.0747873 0.0870185 0.0909275 0.1150802 0.1324342 0.0934724 0.1145143 0.1057631 0.1329297 0.1056211 0.1209976 0.1162620 0.1157137 0.1399259 0.2770826 0.1046201 0.1122667 0.3435515 0.1142993 0.1057193 0.2632881 0.2630279 0.3057248 0.1336742 0.1046905 
MG983686/BHR/cattle/2015/O/ME-SA/Ind-2001d      0.0987600 0.1187790 0.1194599 0.0834811 0.0748143 0.0827981 0.0827554 0.0775892 0.0916968 0.1700669 0.1651952 0.1192509 0.1061337 0.1082944 0.0996265 0.0947439 0.1033607 0.0797268 0.1178465 0.1217477 0.0816067 0.1488587 0.0924210 0.1533087 0.1344359 0.0917042 0.0917129 0.0786106 0.0854068 0.0848676 0.0000000 0.0884604 0.0983429 0.1593128 0.1188773 0.1185590 0.1185590 0.1196688 0.1209942 0.0914922 0.0826039 0.0804641 0.1534245 0.1103164 0.0940306 0.1003519 0.1186954 0.0749527 0.0731839 0.0922038 0.1136790 0.1155644 0.0954189 0.0953740 0.0937979 0.1121810 0.1108425 0.1196413 0.1121471 0.1128285 0.1194847 0.2862005 0.1098107 0.1176776 0.3231249 0.1138223 0.1088862 0.2711115 0.2743693 0.3183659 0.1375823 0.1098870 
MF461724/CHN/cattle/2017/O/ME-SA/Unknown        0.1107966 0.1149161 0.1134124 0.0959179 0.0866820 0.0943560 0.0943047 0.0905400 0.0984350 0.1729143 0.1658429 0.1180152 0.0423417 0.1144203 0.0392881 0.1135258 0.0990920 0.0860570 0.0838972 0.1146677 0.0973328 0.1567365 0.0793448 0.1443522 0.1362220 0.0210770 0.0198358 0.0970065 0.0172921 0.1008380 0.0884604 0.0000000 0.0111025 0.1512139 0.1137723 0.1134778 0.1134778 0.1145501 0.1158186 0.0985504 0.0982251 0.0099086 0.1455583 0.1149497 0.1077044 0.1186178 0.1087783 0.0856217 0.0831782 0.0587519 0.1104599 0.1096904 0.0941071 0.1008970 0.1045741 0.1064396 0.1059506 0.1143348 0.1137904 0.1097958 0.1133369 0.2704527 0.1049471 0.1087073 0.3184129 0.1127592 0.1060494 0.2508450 0.2500262 0.3217775 0.1321194 0.1050184 
LC320038/MNG/cow/2015/O/ME-SA/Unknown           0.1186141 0.1190283 0.1175237 0.1013492 0.0938333 0.1017415 0.1016845 0.0978144 0.1047148 0.1732375 0.1684131 0.1230955 0.0487963 0.1228324 0.0442092 0.1163657 0.1036455 0.0913190 0.0881170 0.1207878 0.1038788 0.1600441 0.0834403 0.1443531 0.1369868 0.0255659 0.0255912 0.1016875 0.0216975 0.1035731 0.0983429 0.0111025 0.0000000 0.1533778 0.1179030 0.1175938 0.1175938 0.1186812 0.1199774 0.1050064 0.1047877 0.0141371 0.1476958 0.1177610 0.1136383 0.1215257 0.1134229 0.0909882 0.0885660 0.0656819 0.1171251 0.1117971 0.1003828 0.1066652 0.1125123 0.1085157 0.1105650 0.1211287 0.1185593 0.1107210 0.1244859 0.2701465 0.1095461 0.1133535 0.3180551 0.1173101 0.1106690 0.2562316 0.2554273 0.3177194 0.1395655 0.1096213 
KX534089/KOR/pig/2016/O/SEA/Unknown             0.1898996 0.0436672 0.0438542 0.1664525 0.1614170 0.1761312 0.1671803 0.1695422 0.1570217 0.0616261 0.0570478 0.1865754 0.1689264 0.1879254 0.1615970 0.1875864 0.1651548 0.1755721 0.1617842 0.0452674 0.1748647 0.2140914 0.1581702 0.0295857 0.1951526 0.1589952 0.1550487 0.1803834 0.1471768 0.1846714 0.1593128 0.1512139 0.1533778 0.0000000 0.0485192 0.0476369 0.0476369 0.0468868 0.0491963 0.1573891 0.1725746 0.1429510 0.0075759 0.1624719 0.1595132 0.1861439 0.1526029 0.1596455 0.1660591 0.1540518 0.1656692 0.0445026 0.1585125 0.1827601 0.1713539 0.0443420 0.1581113 0.1721941 0.1684627 0.1516167 0.1919917 0.2844555 0.1571404 0.1633403 0.3583201 0.1690858 0.1582814 0.3068519 0.3022946 0.3439504 0.1821324 0.1595110 
LC149704/JPN/cow/2010/O/SEA/Unknown             0.1523940 0.0100391 0.0106772 0.1299377 0.1191022 0.1297582 0.1304467 0.1238222 0.1260753 0.0676692 0.0628850 0.1479480 0.1296568 0.1495215 0.1233915 0.1408244 0.1229693 0.1299282 0.1235771 0.0112907 0.1352954 0.1757299 0.1107550 0.0370289 0.1589703 0.1167544 0.1153060 0.1325702 0.1083624 0.1382872 0.1188773 0.1137723 0.1179030 0.0485192 0.0000000 0.0005704 0.0005704 0.0011428 0.0017197 0.1169202 0.1355813 0.1026844 0.0418944 0.1316035 0.1228759 0.1493786 0.1234096 0.1186211 0.1306159 0.1108106 0.1281581 0.0076230 0.1150344 0.1419546 0.1326881 0.0076004 0.1216495 0.1337321 0.1385426 0.1183652 0.1484637 0.2771736 0.1184946 0.1260698 0.3590634 0.1312814 0.1195238 0.2804314 0.2757592 0.3300500 0.1458216 0.1206139 
LC149690/JPN/pig/2010/O/SEA/Unknown             0.1505182 0.0094094 0.0100420 0.1282894 0.1175530 0.1281000 0.1287872 0.1222242 0.1244720 0.0666411 0.0618914 0.1460925 0.1292947 0.1475859 0.1230573 0.1404121 0.1226358 0.1295618 0.1220108 0.0106518 0.1335833 0.1751494 0.1104702 0.0362237 0.1569953 0.1164472 0.1150052 0.1321943 0.1080897 0.1378864 0.1185590 0.1134778 0.1175938 0.0476369 0.0005704 0.0000000 0.0000010 0.0005691 0.0011412 0.1154188 0.1338638 0.1024316 0.0410585 0.1299746 0.1212431 0.1489235 0.1230761 0.1183021 0.1289401 0.1105253 0.1265073 0.0070078 0.1147333 0.1415311 0.1309787 0.0069871 0.1200717 0.1320155 0.1381431 0.1180504 0.1480191 0.2737659 0.1169450 0.1244509 0.3572672 0.1296037 0.1179652 0.2770156 0.2723631 0.3260945 0.1439825 0.1190451 
LC149677/JPN/cow/2010/O/SEA/Unknown             0.1505182 0.0094094 0.0100420 0.1282894 0.1175530 0.1281000 0.1287872 0.1222242 0.1244720 0.0666411 0.0618914 0.1460925 0.1292947 0.1475859 0.1230573 0.1404121 0.1226358 0.1295618 0.1220108 0.0106518 0.1335833 0.1751494 0.1104702 0.0362237 0.1569953 0.1164472 0.1150052 0.1321943 0.1080897 0.1378864 0.1185590 0.1134778 0.1175938 0.0476369 0.0005704 0.0000010 0.0000000 0.0005691 0.0011412 0.1154188 0.1338638 0.1024316 0.0410585 0.1299746 0.1212431 0.1489235 0.1230761 0.1183021 0.1289401 0.1105253 0.1265073 0.0070078 0.1147333 0.1415311 0.1309787 0.0069871 0.1200717 0.1320155 0.1381431 0.1180504 0.1480191 0.2737659 0.1169450 0.1244509 0.3572672 0.1296037 0.1179652 0.2770156 0.2723631 0.3260945 0.1439825 0.1190451 
LC149665/JPN/cow/2010/O/SEA/Unknown             0.1517654 0.0100166 0.0106532 0.1294384 0.1186591 0.1292564 0.1299427 0.1233532 0.1246014 0.0674734 0.0627062 0.1462508 0.1304487 0.1477515 0.1241784 0.1416179 0.1227634 0.1307267 0.1231180 0.0112653 0.1324085 0.1753405 0.1115389 0.0369349 0.1571675 0.1175386 0.1160878 0.1333649 0.1091368 0.1390809 0.1196688 0.1145501 0.1186812 0.0468868 0.0011428 0.0005691 0.0005691 0.0000000 0.0017160 0.1155364 0.1326860 0.1034581 0.0403340 0.1301082 0.1213735 0.1501751 0.1232035 0.1171919 0.1301065 0.1115955 0.1266413 0.0076062 0.1148514 0.1416842 0.1311192 0.0075837 0.1201972 0.1321570 0.1382078 0.1181726 0.1481768 0.2740894 0.1170670 0.1245815 0.3576689 0.1297411 0.1180883 0.2773410 0.2726856 0.3264704 0.1441386 0.1191695 
LC149639/JPN/pig/2010/O/SEA/Unknown             0.1533359 0.0106342 0.0112752 0.1308325 0.1199778 0.1306592 0.1313461 0.1247095 0.1257665 0.0683890 0.0635964 0.1488940 0.1318513 0.1505035 0.1255271 0.1431109 0.1251081 0.1321433 0.1244475 0.0118901 0.1362074 0.1770301 0.1127983 0.0376841 0.1599412 0.1168784 0.1173732 0.1347947 0.1103659 0.1405537 0.1209942 0.1158186 0.1199774 0.0491963 0.0017197 0.0011412 0.0011412 0.0017160 0.0000000 0.1166410 0.1364952 0.1046522 0.0425576 0.1324824 0.1216748 0.1495118 0.1243582 0.1207481 0.1315235 0.1128568 0.1290602 0.0082129 0.1171088 0.1420791 0.1336072 0.0081885 0.1225328 0.1346516 0.1407965 0.1184780 0.1507924 0.2752624 0.1193725 0.1269612 0.3589141 0.1321880 0.1204032 0.2754466 0.2738582 0.3276924 0.1467661 0.1214956 
KY446903/PAK/water-buffalo/2005/O/ME-SA/Unknown 0.1207284 0.1167735 0.1173558 0.1044916 0.0986473 0.1060177 0.1066818 0.1028894 0.0922542 0.1556640 0.1510897 0.0975084 0.1169349 0.0974300 0.1101802 0.1035069 0.1043025 0.1079712 0.0988849 0.1183215 0.0950898 0.1487374 0.0883014 0.1497470 0.1157685 0.0982684 0.1037686 0.0962391 0.0938101 0.1005627 0.0914922 0.0985504 0.1050064 0.1573891 0.1169202 0.1154188 0.1154188 0.1155364 0.1166410 0.0000000 0.0971991 0.0920819 0.1517167 0.1074190 0.0942764 0.1123275 0.0966798 0.0917792 0.1037812 0.0967470 0.0995828 0.1106131 0.0963308 0.1041842 0.0942339 0.1111516 0.0925651 0.1050931 0.1258068 0.0963902 0.1185663 0.2401734 0.0898635 0.0971371 0.3161929 0.0953296 0.0908892 0.2411089 0.2452851 0.2828304 0.1151729 0.0899214 
KY657269/VNM/pig/2015/O/ME-SA/Ind-2001d         0.0989246 0.1363369 0.1347924 0.0801513 0.0742251 0.0772355 0.0786184 0.0736294 0.1045136 0.1890567 0.1839485 0.1202509 0.1120557 0.1141832 0.1063898 0.0421622 0.0946667 0.0937333 0.1000503 0.1371084 0.0178620 0.1439565 0.0912523 0.1669507 0.1442313 0.1019960 0.1035282 0.0428319 0.0916151 0.0372036 0.0826039 0.0982251 0.1047877 0.1725746 0.1355813 0.1338638 0.1338638 0.1326860 0.1364952 0.0971991 0.0000000 0.0898858 0.1653197 0.1192475 0.1140130 0.0482850 0.1204197 0.0735661 0.0783526 0.0959082 0.1173898 0.1284885 0.0906607 0.1133258 0.1043423 0.1289968 0.1105119 0.1234352 0.1156672 0.1103109 0.1341357 0.2841525 0.1094839 0.1173228 0.3504821 0.1175167 0.1106168 0.2667660 0.2700164 0.3278276 0.1408220 0.1095597 
KX712091/BGD/pig/2015/O/ME-SA/Unknown           0.1039922 0.1038738 0.1023776 0.0859132 0.0771492 0.0845062 0.0861802 0.0808413 0.0900964 0.1621488 0.1574481 0.1090160 0.0359727 0.1061091 0.0317087 0.1027458 0.0906022 0.0814308 0.0752178 0.1054541 0.0907824 0.1460812 0.0702050 0.1341812 0.1225023 0.0166819 0.0117695 0.0887305 0.0081514 0.0905250 0.0804641 0.0099086 0.0141371 0.1429510 0.1026844 0.1024316 0.1024316 0.1034581 0.1046522 0.0920819 0.0898858 0.0000000 0.1374265 0.1042641 0.0997014 0.1096208 0.1036870 0.0744943 0.0736691 0.0518682 0.0998797 0.0988600 0.0858012 0.0934203 0.0967392 0.0975861 0.0937476 0.1054129 0.1074186 0.0991480 0.1083839 0.2677608 0.0927906 0.0981931 0.3104001 0.1019995 0.0938325 0.2452955 0.2444650 0.3108197 0.1206092 0.0928511 
KX162590/KOR/pig/2014/O/SEA/Unknown             0.1823810 0.0372601 0.0374162 0.1616123 0.1544158 0.1688429 0.1623104 0.1623759 0.1512154 0.0538478 0.0494243 0.1815349 0.1628920 0.1810498 0.1557152 0.1801133 0.1592402 0.1682719 0.1559716 0.0387882 0.1675776 0.2081763 0.1523774 0.0229815 0.1899821 0.1531971 0.1517594 0.1730492 0.1415969 0.1772501 0.1534245 0.1455583 0.1476958 0.0075759 0.0418944 0.0410585 0.0410585 0.0403340 0.0425576 0.1517167 0.1653197 0.1374265 0.0000000 0.1567233 0.1534829 0.1785973 0.1515023 0.1537435 0.1600113 0.1482976 0.1619064 0.0380521 0.1527134 0.1764185 0.1652107 0.0379192 0.1544521 0.1683374 0.1624462 0.1483585 0.1844781 0.2907381 0.1534865 0.1596257 0.3661559 0.1652957 0.1546178 0.3103608 0.3057657 0.3473597 0.1754326 0.1558349 
KU726614/GRC/sheep/1994/O/ME-SA/Unknown         0.1373753 0.1281042 0.1319980 0.1237679 0.1136939 0.1233024 0.1263831 0.1221169 0.1110912 0.1780868 0.1732601 0.1236355 0.1287901 0.1298326 0.1236094 0.1355885 0.1217551 0.1328192 0.1257115 0.1340696 0.1217119 0.1600738 0.1042295 0.1557908 0.1333151 0.1159231 0.1176692 0.1205454 0.1090795 0.1277764 0.1103164 0.1149497 0.1177610 0.1624719 0.1316035 0.1299746 0.1299746 0.1301082 0.1324824 0.1074190 0.1192475 0.1042641 0.1567233 0.0000000 0.1250579 0.1425619 0.1257368 0.1075096 0.1202880 0.1084889 0.1335086 0.1236957 0.1120704 0.1307495 0.1288237 0.1253509 0.1216629 0.1400491 0.1372020 0.1164303 0.1492583 0.2802135 0.1167041 0.1245902 0.3349980 0.1228795 0.1176858 0.2732384 0.2714467 0.3167703 0.1379924 0.1165911 
KU821591/ZMB/cow/2010/O/EA-2/Unknown            0.1199990 0.1237542 0.1267529 0.1007950 0.0970357 0.1042489 0.1001222 0.0991918 0.1099326 0.1679599 0.1629666 0.1261805 0.1151288 0.0596729 0.1091759 0.1213690 0.1168349 0.1024240 0.1141238 0.1278026 0.1119408 0.1513635 0.0993609 0.1573565 0.1419972 0.1028517 0.1133840 0.1133412 0.1064316 0.1191202 0.0940306 0.1077044 0.1136383 0.1595132 0.1228759 0.1212431 0.1212431 0.1213735 0.1216748 0.0942764 0.1140130 0.0997014 0.1534829 0.1250579 0.0000000 0.1281255 0.1145414 0.0984981 0.0961782 0.1057291 0.1120138 0.1203797 0.1082213 0.1085674 0.0296987 0.1209205 0.1080702 0.1181789 0.1356042 0.1188649 0.1420995 0.2600062 0.1050779 0.1121835 0.3289864 0.1129044 0.1041299 0.2547477 0.2619739 0.3048191 0.1345943 0.1051528 
KU291242/MAR/cow/2015/O/ME-SA/Ind-2001d         0.1140870 0.1467355 0.1476587 0.0995919 0.0914326 0.0947966 0.1002304 0.0925944 0.1145819 0.2008346 0.1983945 0.1307529 0.1294199 0.1334119 0.1232754 0.0130053 0.1162782 0.0969065 0.1149868 0.1490179 0.0407893 0.1684001 0.1011458 0.1827140 0.1598191 0.1187267 0.1203003 0.0532956 0.1163077 0.0210832 0.1003519 0.1186178 0.1215257 0.1861439 0.1493786 0.1489235 0.1489235 0.1501751 0.1495118 0.1123275 0.0482850 0.1096208 0.1785973 0.1425619 0.1281255 0.0000000 0.1349436 0.0867905 0.0999621 0.1061210 0.1230560 0.1431449 0.1099320 0.1220915 0.1201299 0.1436137 0.1140907 0.1282432 0.1331372 0.1317571 0.1475449 0.2782498 0.1130519 0.1190353 0.3520232 0.1231436 0.1141995 0.2649141 0.2646564 0.3100792 0.1479535 0.1131308 
KP940473/EGY/cattle/2014/O/ME-SA/Unknown        0.1330258 0.1201149 0.1229417 0.1212406 0.1112269 0.1167172 0.1184337 0.1176696 0.1193235 0.1698030 0.1653328 0.1214377 0.1125971 0.1226254 0.1096664 0.1239999 0.1168796 0.1164319 0.1148634 0.1230899 0.1200132 0.1568337 0.0986334 0.1502939 0.1488560 0.1112261 0.1118322 0.1136887 0.1072610 0.1188593 0.1186954 0.1087783 0.1134229 0.1526029 0.1234096 0.1230761 0.1230761 0.1232035 0.1243582 0.0966798 0.1204197 0.1036870 0.1515023 0.1257368 0.1145414 0.1349436 0.0000000 0.1137667 0.1247669 0.1098924 0.1238950 0.1176744 0.1082726 0.1245934 0.1152689 0.1174396 0.1083304 0.1301174 0.1314913 0.0573779 0.1456196 0.2336353 0.1073056 0.1132217 0.2968194 0.1131837 0.1063854 0.2241002 0.2238755 0.2814529 0.1402508 0.1073798 
HQ268524/BTN/Unknown/2004/O/ME-SA/PanAsia-2     0.0582016 0.1185249 0.1212322 0.0368307 0.0307282 0.0368906 0.0355229 0.0341529 0.0897368 0.1657200 0.1664022 0.0958973 0.0954072 0.1151777 0.0892871 0.0825592 0.0930337 0.0530105 0.0881375 0.1205307 0.0783444 0.1337343 0.0827107 0.1542044 0.1298748 0.0864643 0.0887843 0.0689999 0.0778456 0.0747873 0.0749527 0.0856217 0.0909882 0.1596455 0.1186211 0.1183021 0.1183021 0.1171919 0.1207481 0.0917792 0.0735661 0.0744943 0.1537435 0.1075096 0.0984981 0.0867905 0.1137667 0.0000000 0.0502179 0.0773893 0.1031562 0.1152953 0.0837718 0.0687047 0.1078915 0.1118967 0.0962252 0.1087455 0.1165782 0.1048539 0.1345448 0.2810190 0.0952615 0.1006915 0.3365775 0.1045440 0.0963126 0.2639284 0.2636712 0.3262543 0.1221527 0.0953240 
KM268895/TUR/cattle/2013/O/ME-SA/PanAsia-2      0.0669413 0.1293265 0.1277750 0.0540105 0.0437016 0.0474949 0.0496273 0.0467027 0.0953500 0.1777482 0.1778004 0.1123778 0.0973902 0.1142764 0.0921453 0.0943705 0.0728820 0.0730165 0.0930205 0.1310553 0.0827136 0.1356515 0.0894473 0.1601905 0.1368380 0.0882171 0.0827415 0.0798565 0.0761950 0.0870185 0.0731839 0.0831782 0.0885660 0.1660591 0.1306159 0.1289401 0.1289401 0.1301065 0.1315235 0.1037812 0.0783526 0.0736691 0.1600113 0.1202880 0.0961782 0.0999621 0.1247669 0.0502179 0.0000000 0.0721241 0.1025351 0.1236665 0.0659504 0.0699199 0.1009321 0.1181040 0.1023128 0.1081790 0.1225131 0.1133217 0.1412831 0.2932439 0.1013118 0.1089768 0.3552562 0.1090848 0.1024085 0.2733782 0.2731567 0.3372407 0.1284377 0.1013806 
KF985189/BGD/cattle/2013/O/ME-SA/Unknown        0.0964939 0.1133589 0.1138006 0.0870229 0.0800622 0.0866309 0.0874250 0.0837827 0.0828920 0.1638444 0.1593773 0.1037862 0.0718933 0.1194377 0.0690286 0.0965628 0.0824094 0.0794736 0.0848641 0.1180250 0.0878112 0.1420105 0.0506881 0.1406296 0.1264238 0.0599281 0.0628178 0.0897045 0.0565810 0.0909275 0.0922038 0.0587519 0.0656819 0.1540518 0.1108106 0.1105253 0.1105253 0.1115955 0.1128568 0.0967470 0.0959082 0.0518682 0.1482976 0.1084889 0.1057291 0.1061210 0.1098924 0.0773893 0.0721241 0.0000000 0.1017529 0.1100269 0.0776688 0.0852924 0.1043568 0.1067328 0.0958007 0.1073883 0.1100765 0.1080816 0.1348450 0.2913726 0.0948243 0.1023269 0.3426214 0.0985110 0.0939379 0.2717359 0.2744416 0.3170573 0.1244385 0.0948873 
KF694743/KOR/pig/2002/O/ME-SA/PanAsia           0.1263642 0.1246190 0.1265001 0.1108539 0.1068187 0.1105700 0.1083134 0.1080720 0.1207607 0.1948928 0.1925016 0.0870460 0.1123988 0.1263479 0.1091039 0.1169058 0.0940282 0.1112994 0.1124224 0.1247679 0.1125143 0.1477826 0.0869975 0.1632066 0.1113767 0.1086791 0.1143493 0.1109449 0.1063072 0.1150802 0.1136790 0.1104599 0.1171251 0.1656692 0.1281581 0.1265073 0.1265073 0.1266413 0.1290602 0.0995828 0.1173898 0.0998797 0.1619064 0.1335086 0.1120138 0.1230560 0.1238950 0.1031562 0.1025351 0.1017529 0.0000000 0.1233360 0.0881857 0.1140235 0.1168570 0.1218263 0.0251300 0.0040348 0.1355806 0.1153051 0.1347060 0.2776831 0.0244687 0.0297448 0.3717919 0.0292417 0.0238257 0.2768468 0.2766346 0.3303443 0.0458269 0.0244795 
KF112886/KOR/cattle/2010/O/SEA/Unknown          0.1469150 0.0069841 0.0075993 0.1273820 0.1167511 0.1271323 0.1278711 0.1213739 0.1213901 0.0614896 0.0568652 0.1403620 0.1242931 0.1464148 0.1182213 0.1348937 0.1167345 0.1286329 0.1189283 0.0081982 0.1282232 0.1698816 0.1088047 0.0346562 0.1496305 0.1106347 0.1111681 0.1268826 0.1044160 0.1324342 0.1155644 0.1096904 0.1117971 0.0445026 0.0076230 0.0070078 0.0070078 0.0076062 0.0082129 0.1106131 0.1284885 0.0988600 0.0380521 0.1236957 0.1203797 0.1431449 0.1176744 0.1152953 0.1236665 0.1100269 0.1233360 0.0000000 0.1091163 0.1404637 0.1300242 0.0046106 0.1170394 0.1287186 0.1315046 0.1120035 0.1399570 0.2727903 0.1139666 0.1213401 0.3575423 0.1263807 0.1149698 0.2772340 0.2705744 0.3223609 0.1404511 0.1160300 
