76
KC440883/EGY/Unknown/2011/O/ME-SA/PanAsia-2     0.0000000 0.1194191 0.1157683 0.0343965 0.0368034 0.0391564 0.0349923 0.0410266 0.0957117 0.1612763 0.1677273 0.1102163 0.1371765 0.1310018 0.1378596 0.1028032 0.1210148 0.0635992 0.1234925 0.1195165 0.0981680 0.1382148 0.1006276 0.1438177 0.1466782 0.1410860 0.1411027 0.1082511 0.1378033 0.1004491 0.1158668 0.1418868 0.1419249 0.1611071 0.1263173 0.1228125 0.1219570 0.1219407 0.1228125 0.1228125 0.1209809 0.1228288 0.1202186 0.1015881 0.1029584 0.1360471 0.1520231 0.1109967 0.1255442 0.1169747 0.1389056 0.0426769 0.1247726 0.1382998 0.1180898 0.1200321 0.1218216 0.0559365 0.1334518 0.1209032 0.1060956 0.1179818 0.1168696 0.1193779 0.1640795 0.2373945 0.1060956 0.1096084 0.2248468 0.1098691 0.1069853 0.2401826 0.2363634 0.2096556 0.1299008 0.1053722 
HM229661/HKG/pig/2010/O/SEA/Unknown             0.1194191 0.0000000 0.0078600 0.1115943 0.1080431 0.1112665 0.1108595 0.1154652 0.1158190 0.0522139 0.0555263 0.1193806 0.1543325 0.1251222 0.1523019 0.1056696 0.1273754 0.1198253 0.1185868 0.0038734 0.1128751 0.1380265 0.1226300 0.0373221 0.1601973 0.1448569 0.1563250 0.1211216 0.1449778 0.1064075 0.1151934 0.1527360 0.1548883 0.0498209 0.0103844 0.0093693 0.0088654 0.0078594 0.0083617 0.0083617 0.0093754 0.0093704 0.0088644 0.0979013 0.1132086 0.1418313 0.0405566 0.1202108 0.1253628 0.1216988 0.1189999 0.1028133 0.1331628 0.1410273 0.1427797 0.0083448 0.1215298 0.1135281 0.1281306 0.0088933 0.1326623 0.1447787 0.1118482 0.1068653 0.1421577 0.2562025 0.1344604 0.1349725 0.2293253 0.1322195 0.1336906 0.2512206 0.2432381 0.2080375 0.1517616 0.1317680 
JQ900581/CHN/pig/2010/O/SEA/Unknown             0.1157683 0.0078600 0.0000000 0.1132191 0.1113219 0.1128946 0.1124777 0.1171491 0.1209168 0.0588761 0.0623136 0.1227852 0.1542487 0.1287104 0.1522067 0.1115869 0.1322163 0.1198206 0.1211975 0.0088689 0.1155718 0.1363280 0.1223176 0.0422619 0.1603949 0.1470326 0.1525476 0.1248595 0.1451628 0.1123374 0.1197123 0.1529857 0.1572143 0.0564230 0.0166543 0.0145572 0.0150794 0.0140363 0.0145572 0.0145572 0.0156117 0.0156030 0.0150777 0.1033722 0.1176328 0.1439696 0.0480679 0.1240405 0.1250667 0.1281198 0.1205810 0.1026994 0.1362530 0.1437142 0.1447110 0.0134902 0.1244248 0.1134816 0.1296216 0.0140834 0.1344757 0.1467326 0.1188714 0.1083159 0.1455217 0.2600622 0.1362928 0.1368154 0.2311799 0.1358296 0.1355164 0.2534414 0.2453654 0.2078358 0.1561347 0.1336543 
OQ211400/ISR/cattle/2007/O/ME-SA/PanAsia-2      0.0343965 0.1115943 0.1132191 0.0000000 0.0068602 0.0088687 0.0033931 0.0109340 0.0926650 0.1493678 0.1575241 0.0944092 0.1274264 0.1260340 0.1281004 0.0813709 0.1056041 0.0425700 0.1081994 0.1116837 0.0808574 0.1347651 0.0933273 0.1407864 0.1279473 0.1373735 0.1300902 0.0892199 0.1271739 0.0791862 0.0980389 0.1327954 0.1381519 0.1521806 0.1183010 0.1165649 0.1157230 0.1157075 0.1165649 0.1165649 0.1147681 0.1165805 0.1157075 0.0911019 0.0867858 0.1288920 0.1414653 0.1019034 0.1202686 0.0948058 0.1184223 0.0226068 0.1152119 0.1338000 0.1031956 0.1118701 0.1038911 0.0427751 0.1287345 0.1146499 0.0919234 0.1031041 0.1079629 0.1050884 0.1496129 0.2274990 0.0919234 0.0944039 0.2210564 0.0938802 0.0927670 0.2335207 0.2297649 0.1899261 0.1115231 0.0912255 
OQ211386/ISR/cattle/2007/O/ME-SA/PanAsia-2      0.0368034 0.1080431 0.1113219 0.0068602 0.0000000 0.0078736 0.0073635 0.0099279 0.0930028 0.1512131 0.1575324 0.0964996 0.1279624 0.1247961 0.1286393 0.0787995 0.1047271 0.0414903 0.1086256 0.1097973 0.0812710 0.1373748 0.0936750 0.1407099 0.1322040 0.1379559 0.1326543 0.0880620 0.1277008 0.0766264 0.0999648 0.1351412 0.1405607 0.1502042 0.1147000 0.1129709 0.1121320 0.1121169 0.1129709 0.1129709 0.1111838 0.1129861 0.1121169 0.0929358 0.0872380 0.1294310 0.1394820 0.1022929 0.1190470 0.0936368 0.1223059 0.0237584 0.1166817 0.1343641 0.1033973 0.1099800 0.1052583 0.0440974 0.1292691 0.1127421 0.0937987 0.1033054 0.1067719 0.1089368 0.1567739 0.2342034 0.0937987 0.0945835 0.2228295 0.0957656 0.0946515 0.2403054 0.2364375 0.1913560 0.1136459 0.0930950 
OQ211372/ISR/goat/2007/O/ME-SA/PanAsia-2        0.0391564 0.1112665 0.1128946 0.0088687 0.0078736 0.0000000 0.0083697 0.0099314 0.0952899 0.1519224 0.1582439 0.0988560 0.1306151 0.1268440 0.1312933 0.0830053 0.1087969 0.0438654 0.1094449 0.1113559 0.0826312 0.1364797 0.0944509 0.1362489 0.1348215 0.1427194 0.1335303 0.0902692 0.1303132 0.0808031 0.1038893 0.1399045 0.1454150 0.1493545 0.1162834 0.1162521 0.1154073 0.1153918 0.1145486 0.1145486 0.1146729 0.1145641 0.1153918 0.0952015 0.0886201 0.1320689 0.1404712 0.1030876 0.1216879 0.0980972 0.1249461 0.0270440 0.1191803 0.1370261 0.1057765 0.1115424 0.1076738 0.0476861 0.1302146 0.1143285 0.0961125 0.1056820 0.1075675 0.1098146 0.1557439 0.2355707 0.0961125 0.0969025 0.2266254 0.0980827 0.0969726 0.2416837 0.2377964 0.1948192 0.1161679 0.0954047 
OQ211369/ISR/cattle/2007/O/ME-SA/PanAsia-2      0.0349923 0.1108595 0.1124777 0.0033931 0.0073635 0.0083697 0.0000000 0.0104293 0.0919831 0.1482710 0.1563995 0.0937128 0.1254832 0.1252696 0.1261554 0.0791702 0.1065059 0.0419969 0.1064071 0.1109482 0.0802068 0.1349139 0.0926291 0.1379232 0.1291778 0.1353996 0.1301553 0.0869433 0.1252600 0.0770035 0.0971715 0.1308324 0.1361488 0.1492305 0.1175545 0.1158203 0.1149791 0.1149637 0.1158203 0.1158203 0.1140258 0.1158358 0.1149637 0.0904280 0.0877328 0.1269576 0.1385921 0.1011949 0.1195238 0.0924633 0.1176852 0.0231640 0.1144877 0.1318423 0.1007332 0.1111330 0.1031825 0.0434000 0.1279838 0.1139027 0.0895556 0.1006444 0.1062806 0.1061813 0.1518102 0.2276382 0.0895556 0.0920126 0.2182613 0.0915065 0.0903907 0.2306889 0.2269744 0.1874032 0.1089215 0.0888626 
OQ211354/PSE/cattle/2007/O/ME-SA/PanAsia-2      0.0410266 0.1154652 0.1171491 0.0109340 0.0099279 0.0099314 0.0104293 0.0000000 0.0966159 0.1560183 0.1635772 0.0982885 0.1265992 0.1270197 0.1272775 0.0789568 0.1084339 0.0471145 0.1141008 0.1155595 0.0799985 0.1454585 0.0964359 0.1416261 0.1294340 0.1366079 0.1313072 0.0882460 0.1263575 0.0767778 0.1044866 0.1355746 0.1410172 0.1549583 0.1223334 0.1205619 0.1197033 0.1196871 0.1205619 0.1205619 0.1187258 0.1205782 0.1196871 0.0931942 0.0859539 0.1280795 0.1440729 0.1051590 0.1238223 0.0938387 0.1254588 0.0305555 0.1169468 0.1376912 0.1062423 0.1157576 0.1056893 0.0504126 0.1314789 0.1186322 0.0980870 0.1061468 0.1120663 0.1152000 0.1572864 0.2321470 0.0980870 0.0988850 0.2256803 0.1000685 0.0989573 0.2381803 0.2343748 0.1929026 0.1145665 0.0973728 
OP957418/BGD/cattle/2021/O/ME-SA/PanAsia-2      0.0957117 0.1158190 0.1209168 0.0926650 0.0930028 0.0952899 0.0919831 0.0966159 0.0000000 0.1421298 0.1495019 0.0892321 0.1035018 0.1241702 0.1041570 0.0969836 0.0889937 0.0985404 0.0866482 0.1176324 0.0967568 0.1109693 0.0765599 0.1396168 0.1189589 0.1021180 0.1043167 0.1014588 0.0961715 0.0978734 0.0945420 0.1062140 0.1043905 0.1484610 0.1178504 0.1143803 0.1135329 0.1135175 0.1143803 0.1143803 0.1162229 0.1143958 0.1135175 0.0801520 0.0971755 0.0952715 0.1437701 0.0791437 0.1145566 0.1131266 0.1230902 0.0805309 0.0898599 0.0942241 0.0904688 0.1146969 0.0837302 0.0912346 0.1227752 0.1118541 0.0820280 0.0920633 0.0965431 0.1057022 0.1389806 0.2258546 0.0805649 0.0858748 0.2148789 0.0824255 0.0828300 0.2243778 0.2185335 0.1601871 0.1026511 0.0835718 
ON868614/VNM/pig/2019/O/SEA/Unknown             0.1612763 0.0522139 0.0588761 0.1493678 0.1512131 0.1519224 0.1482710 0.1560183 0.1421298 0.0000000 0.0053608 0.1430382 0.1841717 0.1548518 0.1819672 0.1311524 0.1491921 0.1591603 0.1514694 0.0522438 0.1394535 0.1666671 0.1514595 0.0400086 0.1951178 0.1789758 0.1876205 0.1475280 0.1680105 0.1326976 0.1442138 0.1812918 0.1825271 0.0554017 0.0568915 0.0581511 0.0575172 0.0562398 0.0568778 0.0568778 0.0581998 0.0568847 0.0562398 0.1226916 0.1438828 0.1709816 0.0457592 0.1529436 0.1593801 0.1442377 0.1436006 0.1405378 0.1586972 0.1764640 0.1733339 0.0523268 0.1400959 0.1527563 0.1602488 0.0551984 0.1683890 0.1755318 0.1389522 0.1357245 0.1831979 0.2985935 0.1703721 0.1710368 0.2500496 0.1645361 0.1695535 0.2898561 0.2834863 0.2420878 0.1908123 0.1673964 
ON868606/VNM/pig/2019/O/SEA/Unknown             0.1677273 0.0555263 0.0623136 0.1575241 0.1575324 0.1582439 0.1563995 0.1635772 0.1495019 0.0053608 0.0000000 0.1503791 0.1922858 0.1585397 0.1900436 0.1381231 0.1569115 0.1664576 0.1580573 0.0555588 0.1466415 0.1694564 0.1591321 0.0431251 0.2057976 0.1846707 0.1934595 0.1529660 0.1756416 0.1396869 0.1515027 0.1857589 0.1870378 0.0568239 0.0602941 0.0615724 0.0609289 0.0596315 0.0602794 0.0602794 0.0616247 0.0602867 0.0596315 0.1294295 0.1511838 0.1765474 0.0470979 0.1566684 0.1629636 0.1516040 0.1488044 0.1465634 0.1672976 0.1820197 0.1833938 0.0556491 0.1494044 0.1568443 0.1638272 0.0585880 0.1771227 0.1856410 0.1455704 0.1415310 0.1850073 0.3037034 0.1791400 0.1798377 0.2546515 0.1731582 0.1783139 0.2948733 0.2884048 0.2473076 0.2002538 0.1761117 
ON868552/VNM/pig/2019/O/ME-SA/Unknown           0.1102163 0.1193806 0.1227852 0.0944092 0.0964996 0.0988560 0.0937128 0.0982885 0.0892321 0.1430382 0.1503791 0.0000000 0.1329609 0.1374560 0.1336671 0.0982282 0.0944523 0.1083754 0.1043482 0.1212103 0.0931139 0.1379098 0.0658375 0.1387435 0.0641685 0.1360973 0.1301403 0.1045981 0.1284248 0.0933067 0.1053781 0.1379385 0.1398149 0.1542050 0.1234271 0.1216471 0.1207846 0.1207683 0.1216471 0.1216471 0.1217815 0.1216636 0.1207683 0.0965582 0.1032040 0.1225277 0.1469736 0.1035862 0.1365117 0.1124950 0.1250210 0.0828473 0.1031771 0.1275381 0.0716415 0.1179597 0.0911497 0.0876559 0.1446559 0.1188952 0.0627434 0.0730616 0.1048438 0.1166747 0.1175703 0.2124964 0.0627434 0.0661565 0.2045243 0.0624617 0.0634474 0.2211481 0.2149005 0.1546069 0.0824137 0.0626972 
OP751924/IDN/cattle/2022/O/ME-SA/Unknown        0.1371765 0.1543325 0.1542487 0.1274264 0.1279624 0.1306151 0.1254832 0.1265992 0.1035018 0.1841717 0.1922858 0.1329609 0.0000000 0.1503445 0.0028983 0.1136359 0.1187067 0.1271383 0.0762120 0.1565195 0.1108923 0.1548999 0.1081263 0.1825544 0.1612176 0.0394404 0.0376950 0.1249184 0.0346379 0.1109764 0.1075332 0.0408645 0.0440690 0.1922925 0.1613701 0.1592571 0.1582377 0.1582151 0.1592571 0.1592571 0.1615251 0.1592799 0.1582151 0.1190285 0.1211599 0.0335484 0.1858862 0.1247361 0.1572486 0.1324465 0.1671516 0.1056124 0.1337227 0.0667866 0.1319955 0.1572189 0.1143640 0.1160342 0.1565312 0.1587129 0.1239292 0.1339872 0.1236597 0.1535387 0.1513681 0.2465697 0.1249592 0.1251070 0.2443013 0.1215721 0.1249539 0.2500887 0.2435167 0.2022665 0.1472422 0.1251714 
ON736860/UGA/cow/2015/O/EA-2/Unknown            0.1310018 0.1251222 0.1287104 0.1260340 0.1247961 0.1268440 0.1252696 0.1270197 0.1241702 0.1548518 0.1585397 0.1374560 0.1503445 0.0000000 0.1491918 0.1099524 0.1228548 0.1348246 0.1237086 0.1252296 0.1095932 0.1451710 0.1191847 0.1436556 0.1552195 0.1535820 0.1504802 0.1204072 0.1476045 0.1115295 0.1256276 0.1559434 0.1585786 0.1535936 0.1313096 0.1276199 0.1267199 0.1267024 0.1276199 0.1276199 0.1277660 0.1276376 0.1267024 0.1083452 0.1167765 0.1489300 0.1470946 0.1396882 0.0510918 0.1276243 0.1367104 0.1145671 0.1289804 0.1496927 0.1431713 0.1233264 0.1183858 0.1204211 0.0548126 0.1256410 0.1302803 0.1452192 0.1114707 0.1239161 0.1524954 0.2412618 0.1302803 0.1333286 0.2304738 0.1305335 0.1313260 0.2408788 0.2295801 0.1958647 0.1488471 0.1301491 
OP585403/IDN/cattle/2022/O/ME-SA/Unknown        0.1378596 0.1523019 0.1522067 0.1281004 0.1286393 0.1312933 0.1261554 0.1272775 0.1041570 0.1819672 0.1900436 0.1336671 0.0028983 0.1491918 0.0000000 0.1143081 0.1176971 0.1278114 0.0768059 0.1544792 0.1115672 0.1517778 0.1088150 0.1803807 0.1600503 0.0387921 0.0370531 0.1248403 0.0340104 0.1116464 0.1081902 0.0402069 0.0433960 0.1900785 0.1593026 0.1571975 0.1561818 0.1561594 0.1571975 0.1571975 0.1594555 0.1572201 0.1561594 0.1180394 0.1218393 0.0329240 0.1836895 0.1236133 0.1538205 0.1331435 0.1658392 0.1063297 0.1326698 0.0660141 0.1326977 0.1551667 0.1114130 0.1149979 0.1553821 0.1566358 0.1246230 0.1346910 0.1226008 0.1523031 0.1521304 0.2465697 0.1256541 0.1258028 0.2469596 0.1222616 0.1256489 0.2500887 0.2435167 0.2023887 0.1479755 0.1258673 
OM160611/TUN/cattle/2014/O/ME-SA/Ind-2001d      0.1028032 0.1056696 0.1115869 0.0813709 0.0787995 0.0830053 0.0791702 0.0789568 0.0969836 0.1311524 0.1381231 0.0982282 0.1136359 0.1099524 0.1143081 0.0000000 0.1000747 0.0857695 0.0983498 0.1073983 0.0236086 0.1305432 0.0950206 0.1318757 0.1275396 0.1215141 0.1232298 0.0372354 0.1145279 0.0068352 0.0685129 0.1214102 0.1248346 0.1436203 0.1105446 0.1088469 0.1080227 0.1080082 0.1088469 0.1088469 0.1106332 0.1072002 0.1080082 0.0697255 0.0292300 0.1131652 0.1345889 0.0908573 0.1152982 0.0115025 0.1073166 0.0710199 0.1088614 0.1163682 0.1085814 0.1075740 0.0929019 0.0817123 0.1123313 0.1102752 0.1022985 0.1103292 0.1038246 0.0970139 0.1367402 0.2374837 0.1022985 0.1049181 0.2255995 0.0995268 0.1031910 0.2375633 0.2289757 0.1762459 0.1182513 0.1022066 
OM456150/PAK/buffalo/2010/O/ME-SA/PanAsia-2     0.1210148 0.1273754 0.1322163 0.1056041 0.1047271 0.1087969 0.1065059 0.1084339 0.0889937 0.1491921 0.1569115 0.0944523 0.1187067 0.1228548 0.1176971 0.1000747 0.0000000 0.1062198 0.1052888 0.1274846 0.1048879 0.1385363 0.0851346 0.1420896 0.1157856 0.1215457 0.1160180 0.1123991 0.1169282 0.1033879 0.0980998 0.1187719 0.1242546 0.1553110 0.1259364 0.1259018 0.1250133 0.1249962 0.1259018 0.1259018 0.1278463 0.1259191 0.1249962 0.0787769 0.1120285 0.1131404 0.1493312 0.0971152 0.1269288 0.1173217 0.1344491 0.0981785 0.0310508 0.1129976 0.1030515 0.1261780 0.0151914 0.1093570 0.1333500 0.1251501 0.0963646 0.1047579 0.0988644 0.1224364 0.1400215 0.2428660 0.0963646 0.1005058 0.2342899 0.0991037 0.0972345 0.2342993 0.2245363 0.1812095 0.1251724 0.0962796 
OM456135/PAK/cattle/2012/O/ME-SA/PanAsia-2      0.0635992 0.1198253 0.1198206 0.0425700 0.0414903 0.0438654 0.0419969 0.0471145 0.0985404 0.1591603 0.1664576 0.1083754 0.1271383 0.1348246 0.1278114 0.0857695 0.1062198 0.0000000 0.1117514 0.1199241 0.0907624 0.1390321 0.1054062 0.1454246 0.1408183 0.1324200 0.1246023 0.0962518 0.1268904 0.0849819 0.0990049 0.1337079 0.1390852 0.1535343 0.1213066 0.1195394 0.1204139 0.1203977 0.1212739 0.1212739 0.1231511 0.1212902 0.1203977 0.0949783 0.0913906 0.1268606 0.1466395 0.1046949 0.1332792 0.0977204 0.1343450 0.0424147 0.1183890 0.1290935 0.1134344 0.1202092 0.1014316 0.0569631 0.1286748 0.1230873 0.1016648 0.1133304 0.1088243 0.1160853 0.1662640 0.2528279 0.1016648 0.1058679 0.2387174 0.1035949 0.1025503 0.2534822 0.2469683 0.1906205 0.1214093 0.1009412 
OK019689/IRN/cow/2016/O/ME-SA/PanAsia-2         0.1234925 0.1185868 0.1211975 0.1081994 0.1086256 0.1094449 0.1064071 0.1141008 0.0866482 0.1514694 0.1580573 0.1043482 0.0762120 0.1237086 0.0768059 0.0983498 0.1052888 0.1117514 0.0000000 0.1204602 0.0989216 0.1149159 0.0924082 0.1409600 0.1385456 0.0813751 0.0734528 0.1068671 0.0724112 0.0990846 0.1038102 0.0767520 0.0778541 0.1557228 0.1252994 0.1234655 0.1225772 0.1207724 0.1216738 0.1216738 0.1236056 0.1216906 0.1207724 0.0908296 0.1052673 0.0678931 0.1424145 0.0915730 0.1187854 0.1151030 0.1212289 0.0956871 0.1115649 0.0784386 0.1099349 0.1180555 0.0994610 0.1030736 0.1205387 0.1190173 0.0972785 0.1117113 0.0927794 0.1086759 0.1231784 0.2186065 0.0972785 0.1015095 0.2266789 0.0983482 0.0981677 0.2173935 0.2089810 0.1795303 0.1174994 0.0964856 
MN389541/CHN/pig/2010/O/SEA/Unknown             0.1195165 0.0038734 0.0088689 0.1116837 0.1097973 0.1113559 0.1109482 0.1155595 0.1176324 0.0522438 0.0555588 0.1212103 0.1565195 0.1252296 0.1544792 0.1073983 0.1274846 0.1199241 0.1204602 0.0000000 0.1129660 0.1399627 0.1227340 0.0385068 0.1603412 0.1489514 0.1584966 0.1212207 0.1470772 0.1081387 0.1152866 0.1569293 0.1591293 0.0523317 0.0124310 0.0114047 0.0108956 0.0098787 0.0103865 0.0103865 0.0114122 0.0114060 0.0108943 0.1011688 0.1133001 0.1458957 0.0429635 0.1220728 0.1254679 0.1235468 0.1207484 0.1045090 0.1332775 0.1450122 0.1429040 0.0093542 0.1207302 0.1169958 0.1300079 0.0099111 0.1327755 0.1449051 0.1136487 0.1085425 0.1443000 0.2564563 0.1345755 0.1350884 0.2319722 0.1323319 0.1338050 0.2514701 0.2434799 0.2082442 0.1538329 0.1318803 
MN095359/IND/cattle/2013/O/ME-SA/Ind-2001d      0.0981680 0.1128751 0.1155718 0.0808574 0.0812710 0.0826312 0.0802068 0.0799985 0.0967568 0.1394535 0.1466415 0.0931139 0.1108923 0.1095932 0.1115672 0.0236086 0.1048879 0.0907624 0.0989216 0.1129660 0.0000000 0.1236673 0.0904962 0.1401348 0.1328748 0.1253774 0.1278071 0.0392364 0.1171792 0.0214056 0.0667809 0.1235286 0.1270189 0.1538291 0.1196326 0.1161773 0.1153336 0.1153181 0.1161773 0.1161773 0.1180138 0.1161929 0.1153181 0.0743739 0.0203643 0.1158048 0.1448132 0.0954991 0.1226843 0.0335318 0.1107055 0.0719879 0.1122508 0.1190548 0.1075766 0.1131562 0.1007236 0.0813332 0.1213992 0.1159662 0.0996727 0.1093301 0.1035982 0.0984191 0.1382458 0.2252421 0.0996727 0.1039040 0.2279158 0.0969147 0.1005631 0.2310712 0.2273401 0.1809041 0.1152855 0.0995832 
NC_039210/GBR/Unknown/1965/O/EURO-SA/Unknown    0.1382148 0.1380265 0.1363280 0.1347651 0.1373748 0.1364797 0.1349139 0.1454585 0.1109693 0.1666671 0.1694564 0.1379098 0.1548999 0.1451710 0.1517778 0.1305432 0.1385363 0.1390321 0.1149159 0.1399627 0.1236673 0.0000000 0.1194581 0.1546581 0.1881814 0.1389017 0.1466713 0.1325938 0.1416091 0.1321546 0.1149583 0.1428043 0.1416659 0.1625661 0.1356780 0.1356416 0.1365562 0.1347288 0.1356416 0.1356416 0.1357946 0.1356598 0.1347288 0.1087925 0.1262608 0.1395448 0.1608876 0.1173239 0.1501563 0.1437270 0.1409596 0.1217382 0.1372297 0.1324417 0.1507391 0.1401505 0.1320545 0.1334137 0.1510627 0.1397716 0.1401932 0.1505908 0.0983808 0.1234059 0.1460466 0.2539337 0.1401932 0.1449803 0.2463318 0.1414187 0.1412206 0.2675794 0.2561740 0.2211814 0.1557957 0.1382793 
MK071699/BGD/cattle/2013/O/ME-SA/Unknown        0.1006276 0.1226300 0.1223176 0.0933273 0.0936750 0.0944509 0.0926291 0.0964359 0.0765599 0.1514595 0.1591321 0.0658375 0.1081263 0.1191847 0.1088150 0.0950206 0.0851346 0.1054062 0.0924082 0.1227340 0.0904962 0.1194581 0.0000000 0.1474062 0.1032938 0.1145560 0.1069059 0.1003660 0.1090345 0.0900770 0.0909284 0.1161585 0.1195876 0.1569567 0.1265452 0.1265106 0.1256231 0.1238194 0.1247203 0.1247203 0.1248610 0.1247374 0.1238194 0.0924668 0.1012366 0.1052652 0.1498711 0.0753015 0.1278133 0.1092629 0.1180878 0.0833999 0.0903612 0.1078118 0.0716638 0.1230340 0.0788448 0.0934861 0.1352433 0.1212177 0.0692622 0.0730984 0.1029045 0.1025517 0.1146745 0.2181687 0.0692622 0.0727905 0.2180273 0.0677177 0.0691734 0.2234873 0.2172059 0.1700610 0.0833330 0.0706767 
MH845413/VNM/pig/2014/O/SEA/Unknown             0.1438177 0.0373221 0.0422619 0.1407864 0.1407099 0.1362489 0.1379232 0.1416261 0.1396168 0.0400086 0.0431251 0.1387435 0.1825544 0.1436556 0.1803807 0.1318757 0.1420896 0.1454246 0.1409600 0.0385068 0.1401348 0.1546581 0.1474062 0.0000000 0.1868155 0.1794076 0.1842903 0.1398518 0.1726034 0.1326540 0.1449558 0.1838743 0.1825189 0.0346101 0.0404348 0.0416098 0.0410193 0.0398326 0.0404252 0.0404252 0.0416421 0.0404300 0.0398326 0.1202730 0.1366492 0.1714729 0.0260115 0.1487093 0.1531370 0.1460746 0.1398708 0.1344410 0.1538596 0.1787639 0.1695926 0.0391536 0.1330054 0.1429219 0.1522931 0.0381308 0.1628102 0.1717484 0.1320838 0.1281912 0.1695659 0.2794900 0.1647516 0.1653883 0.2415824 0.1622068 0.1639459 0.2770083 0.2710556 0.2253481 0.1845564 0.1618394 
MF947132/VNM/buffalo/2015/O/ME-SA/Unknown       0.1466782 0.1601973 0.1603949 0.1279473 0.1322040 0.1348215 0.1291778 0.1294340 0.1189589 0.1951178 0.2057976 0.0641685 0.1612176 0.1552195 0.1600503 0.1275396 0.1157856 0.1408183 0.1385456 0.1603412 0.1328748 0.1881814 0.1032938 0.1868155 0.0000000 0.1657711 0.1636985 0.1391523 0.1538714 0.1283025 0.1383997 0.1679878 0.1690357 0.1956360 0.1629931 0.1590559 0.1600378 0.1600163 0.1609997 0.1609997 0.1631405 0.1610213 0.1580757 0.1123274 0.1411883 0.1533608 0.1896241 0.1227815 0.1518064 0.1479416 0.1668181 0.1161813 0.1145961 0.1602885 0.0797985 0.1606791 0.1077485 0.1248904 0.1631654 0.1621213 0.0776120 0.0828201 0.1345427 0.1543279 0.1637747 0.2355687 0.0776120 0.0784457 0.2451795 0.0766222 0.0783689 0.2410689 0.2280203 0.1733890 0.1018750 0.0790718 
MH891503/VNM/cow/2017/O/ME-SA/Unknown           0.1410860 0.1448569 0.1470326 0.1373735 0.1379559 0.1427194 0.1353996 0.1366079 0.1021180 0.1789758 0.1846707 0.1360973 0.0394404 0.1535820 0.0387921 0.1215141 0.1215457 0.1324200 0.0813751 0.1489514 0.1253774 0.1389017 0.1145560 0.1794076 0.1657711 0.0000000 0.0247841 0.1348915 0.0203021 0.1188318 0.1165710 0.0145100 0.0171973 0.1921144 0.1544757 0.1504157 0.1494270 0.1494058 0.1504157 0.1504157 0.1502669 0.1504371 0.1494058 0.1189557 0.1291119 0.0150409 0.1784624 0.1296837 0.1534197 0.1362290 0.1658546 0.1181323 0.1299273 0.0465158 0.1410122 0.1504363 0.1155139 0.1277659 0.1647136 0.1494729 0.1370808 0.1430074 0.1266794 0.1560307 0.1492254 0.2554758 0.1370808 0.1401317 0.2526951 0.1325687 0.1381290 0.2553143 0.2474129 0.1971703 0.1565096 0.1382779 
MG983728/SAU/cattle/2016/O/ME-SA/Unknown        0.1411027 0.1563250 0.1525476 0.1300902 0.1326543 0.1335303 0.1301553 0.1313072 0.1043167 0.1876205 0.1934595 0.1301403 0.0376950 0.1504802 0.0370531 0.1232298 0.1160180 0.1246023 0.0734528 0.1584966 0.1278071 0.1466713 0.1069059 0.1842903 0.1636985 0.0247841 0.0000000 0.1346756 0.0176598 0.1205189 0.1213607 0.0210217 0.0249345 0.1881579 0.1621171 0.1579893 0.1590184 0.1569622 0.1579893 0.1579893 0.1602237 0.1580116 0.1569622 0.1162350 0.1326974 0.0155880 0.1810146 0.1303788 0.1551963 0.1399792 0.1722077 0.1129458 0.1261219 0.0521866 0.1386849 0.1559801 0.1081638 0.1206887 0.1662294 0.1550460 0.1311414 0.1406742 0.1247222 0.1574469 0.1507896 0.2506582 0.1311414 0.1341522 0.2505978 0.1302770 0.1321745 0.2500857 0.2461013 0.1982001 0.1521249 0.1323176 
MG983705/NPL/cattle/2010/O/ME-SA/Ind-2001d      0.1082511 0.1211216 0.1248595 0.0892199 0.0880620 0.0902692 0.0869433 0.0882460 0.1014588 0.1475280 0.1529660 0.1045981 0.1249184 0.1204072 0.1248403 0.0372354 0.1123991 0.0962518 0.1068671 0.1212207 0.0392364 0.1325938 0.1003660 0.1398518 0.1391523 0.1348915 0.1346756 0.0000000 0.1276698 0.0349047 0.0635718 0.1348798 0.1374496 0.1554008 0.1263110 0.1245388 0.1236803 0.1236638 0.1245388 0.1245388 0.1264160 0.1245554 0.1236638 0.0818671 0.0471723 0.1263076 0.1463685 0.1018531 0.1290528 0.0491919 0.1064661 0.0797691 0.1180854 0.1239305 0.1182844 0.1233940 0.1081220 0.0901732 0.1296362 0.1243749 0.1085461 0.1200784 0.1094775 0.1001805 0.1629132 0.2448811 0.1085461 0.1128574 0.2335127 0.1073182 0.1094576 0.2476667 0.2389976 0.1828219 0.1267364 0.1084475 
MG983700/MUS/cattle/2016/O/ME-SA/Unknown        0.1378033 0.1449778 0.1451628 0.1271739 0.1277008 0.1303132 0.1252600 0.1263575 0.0961715 0.1680105 0.1756416 0.1284248 0.0346379 0.1476045 0.0340104 0.1145279 0.1169282 0.1268904 0.0724112 0.1470772 0.1171792 0.1416091 0.1090345 0.1726034 0.1538714 0.0203021 0.0176598 0.1276698 0.0000000 0.1118987 0.1147759 0.0171723 0.0188318 0.1876226 0.1505487 0.1465417 0.1455658 0.1455451 0.1465417 0.1465417 0.1487007 0.1465626 0.1455451 0.1120672 0.1202327 0.0088506 0.1762659 0.1247828 0.1475900 0.1313139 0.1659664 0.1099949 0.1252173 0.0500164 0.1314631 0.1465619 0.1110068 0.1193190 0.1609331 0.1455829 0.1276398 0.1334050 0.1231301 0.1500847 0.1432213 0.2591259 0.1276398 0.1306032 0.2568917 0.1232867 0.1286559 0.2562031 0.2472820 0.2028617 0.1451878 0.1287944 
MG983697/LBY/cattle/2013/O/ME-SA/Ind-2001d      0.1004491 0.1064075 0.1123374 0.0791862 0.0766264 0.0808031 0.0770035 0.0767778 0.0978734 0.1326976 0.1396869 0.0933067 0.1109764 0.1115295 0.1116464 0.0068352 0.1033879 0.0849819 0.0990846 0.1081387 0.0214056 0.1321546 0.0900770 0.1326540 0.1283025 0.1188318 0.1205189 0.0349047 0.1118987 0.0000000 0.0644033 0.1187104 0.1220935 0.1407453 0.1112928 0.1095931 0.1087681 0.1087535 0.1095931 0.1095931 0.1113822 0.1079447 0.1087535 0.0682939 0.0269510 0.1105375 0.1335767 0.0933004 0.1167068 0.0177883 0.1064240 0.0675709 0.1106037 0.1137183 0.1076800 0.1083160 0.0961181 0.0795160 0.1137290 0.1110273 0.1030215 0.1094217 0.1021388 0.0961661 0.1375876 0.2337502 0.1030215 0.1056454 0.2251140 0.1002436 0.1039166 0.2340801 0.2279551 0.1784004 0.1170577 0.1029289 
MG983686/BHR/cattle/2015/O/ME-SA/Ind-2001d      0.1158668 0.1151934 0.1197123 0.0980389 0.0999648 0.1038893 0.0971715 0.1044866 0.0945420 0.1442138 0.1515027 0.1053781 0.1075332 0.1256276 0.1081902 0.0685129 0.0980998 0.0990049 0.1038102 0.1152866 0.0667809 0.1149583 0.0909284 0.1449558 0.1383997 0.1165710 0.1213607 0.0635718 0.1147759 0.0644033 0.0000000 0.1226653 0.1243091 0.1547227 0.1206821 0.1172343 0.1163924 0.1163768 0.1172343 0.1172343 0.1190677 0.1172499 0.1163768 0.0791345 0.0690067 0.1117796 0.1478481 0.0889885 0.1367393 0.0819622 0.1229193 0.0864469 0.1044003 0.1137047 0.1200338 0.1181441 0.0926360 0.0987062 0.1356360 0.1200524 0.1103824 0.1218231 0.0977643 0.1090333 0.1452031 0.2280712 0.1087646 0.1146867 0.2215712 0.1097164 0.1112934 0.2237317 0.2128480 0.1917195 0.1324654 0.1086664 
MF461724/CHN/cattle/2017/O/ME-SA/Unknown        0.1418868 0.1527360 0.1529857 0.1327954 0.1351412 0.1399045 0.1308324 0.1355746 0.1062140 0.1812918 0.1857589 0.1379385 0.0408645 0.1559434 0.0402069 0.1214102 0.1187719 0.1337079 0.0767520 0.1569293 0.1235286 0.1428043 0.1161585 0.1838743 0.1679878 0.0145100 0.0210217 0.1348798 0.0171723 0.1187104 0.1226653 0.0000000 0.0078447 0.1946960 0.1605512 0.1564150 0.1554081 0.1553859 0.1564150 0.1564150 0.1562585 0.1564372 0.1553859 0.1207935 0.1290594 0.0130039 0.1830532 0.1314679 0.1562920 0.1350870 0.1708950 0.1170496 0.1310205 0.0496196 0.1429032 0.1564361 0.1164451 0.1249722 0.1691766 0.1555002 0.1370848 0.1449223 0.1332614 0.1584613 0.1489510 0.2581409 0.1370848 0.1401582 0.2678049 0.1343519 0.1381406 0.2584095 0.2518689 0.2104202 0.1566670 0.1382907 
LC320038/MNG/cow/2015/O/ME-SA/Unknown           0.1419249 0.1548883 0.1572143 0.1381519 0.1405607 0.1454150 0.1361488 0.1410172 0.1043905 0.1825271 0.1870378 0.1398149 0.0440690 0.1585786 0.0433960 0.1248346 0.1242546 0.1390852 0.0778541 0.1591293 0.1270189 0.1416659 0.1195876 0.1825189 0.1690357 0.0171973 0.0249345 0.1374496 0.0188318 0.1220935 0.1243091 0.0078447 0.0000000 0.1973745 0.1627998 0.1586178 0.1575998 0.1575773 0.1586178 0.1586178 0.1584578 0.1586404 0.1575773 0.1206989 0.1290153 0.0146153 0.1856030 0.1330769 0.1583851 0.1362283 0.1740525 0.1220537 0.1328071 0.0523711 0.1436130 0.1586392 0.1198372 0.1301648 0.1734446 0.1577099 0.1408027 0.1456453 0.1350120 0.1586148 0.1510341 0.2640987 0.1408027 0.1439263 0.2713432 0.1361719 0.1418766 0.2643830 0.2577168 0.2119222 0.1588011 0.1420316 
KX534089/KOR/pig/2016/O/SEA/Unknown             0.1611071 0.0498209 0.0564230 0.1521806 0.1502042 0.1493545 0.1492305 0.1549583 0.1484610 0.0554017 0.0568239 0.1542050 0.1922925 0.1535936 0.1900785 0.1436203 0.1553110 0.1535343 0.1557228 0.0523317 0.1538291 0.1625661 0.1569567 0.0346101 0.1956360 0.1921144 0.1881579 0.1554008 0.1876226 0.1407453 0.1547227 0.1946960 0.1973745 0.0000000 0.0557197 0.0544413 0.0550764 0.0538077 0.0544413 0.0544413 0.0557525 0.0531885 0.0538077 0.1317017 0.1480534 0.1839398 0.0114172 0.1512325 0.1589188 0.1572989 0.1528835 0.1456352 0.1664552 0.1850598 0.1735700 0.0517991 0.1455286 0.1564886 0.1669786 0.0515069 0.1669953 0.1757530 0.1388043 0.1427386 0.1777502 0.2907801 0.1689535 0.1696063 0.2620041 0.1644271 0.1658363 0.2958658 0.2894254 0.2346935 0.1859173 0.1660155 
LC149704/JPN/cow/2010/O/SEA/Unknown             0.1263173 0.0103844 0.0166543 0.1183010 0.1147000 0.1162834 0.1175545 0.1223334 0.1178504 0.0568915 0.0602941 0.1234271 0.1613701 0.1313096 0.1593026 0.1105446 0.1259364 0.1213066 0.1252994 0.0124310 0.1196326 0.1356780 0.1265452 0.0404348 0.1629931 0.1544757 0.1621171 0.1263110 0.1505487 0.1112928 0.1206821 0.1605512 0.1627998 0.0557197 0.0000000 0.0028978 0.0024110 0.0024107 0.0019263 0.0019263 0.0028996 0.0028981 0.0033848 0.1007662 0.1199926 0.1493725 0.0461774 0.1197132 0.1296149 0.1262272 0.1229583 0.1075822 0.1335460 0.1461484 0.1470045 0.0098829 0.1201047 0.1185731 0.1307134 0.0104454 0.1367415 0.1490302 0.1131429 0.1073998 0.1462347 0.2598553 0.1367415 0.1390910 0.2316896 0.1361946 0.1377856 0.2548123 0.2467203 0.2147757 0.1570313 0.1358359 
LC149690/JPN/pig/2010/O/SEA/Unknown             0.1228125 0.0093693 0.0145572 0.1165649 0.1129709 0.1162521 0.1158203 0.1205619 0.1143803 0.0581511 0.0615724 0.1216471 0.1592571 0.1276199 0.1571975 0.1088469 0.1259018 0.1195394 0.1234655 0.0114047 0.1161773 0.1356416 0.1265106 0.0416098 0.1590559 0.1504157 0.1579893 0.1245388 0.1465417 0.1095931 0.1172343 0.1564150 0.1586178 0.0544413 0.0028978 0.0000000 0.0004797 0.0014425 0.0009605 0.0009605 0.0019270 0.0019260 0.0024102 0.0991352 0.1165249 0.1453556 0.0473875 0.1214430 0.1278014 0.1244245 0.1212561 0.1059154 0.1316942 0.1422350 0.1432501 0.0088698 0.1183203 0.1168337 0.1306783 0.0094240 0.1348922 0.1452582 0.1114134 0.1089765 0.1461922 0.2572505 0.1348922 0.1372273 0.2316254 0.1343550 0.1359306 0.2522280 0.2441774 0.2100699 0.1530970 0.1339904 
LC149677/JPN/cow/2010/O/SEA/Unknown             0.1219570 0.0088654 0.0150794 0.1157230 0.1121320 0.1154073 0.1149791 0.1197033 0.1135329 0.0575172 0.0609289 0.1207846 0.1582377 0.1267199 0.1561818 0.1080227 0.1250133 0.1204139 0.1225772 0.0108956 0.1153336 0.1365562 0.1256231 0.0410193 0.1600378 0.1494270 0.1590184 0.1236803 0.1455658 0.1087681 0.1163924 0.1554081 0.1575998 0.0550764 0.0024110 0.0004797 0.0000000 0.0009605 0.0004797 0.0004797 0.0014435 0.0014428 0.0019258 0.0983423 0.1156781 0.1443771 0.0467790 0.1205691 0.1269233 0.1235511 0.1204310 0.1051058 0.1307980 0.1412816 0.1441861 0.0083668 0.1192033 0.1159903 0.1297954 0.0089170 0.1339974 0.1461986 0.1122695 0.1081804 0.1451930 0.2585349 0.1339974 0.1363258 0.2328595 0.1334649 0.1350332 0.2535024 0.2454315 0.2112442 0.1540779 0.1330974 
LC149665/JPN/cow/2010/O/SEA/Unknown             0.1219407 0.0078594 0.0140363 0.1157075 0.1121169 0.1153918 0.1149637 0.1196871 0.1135175 0.0562398 0.0596315 0.1207683 0.1582151 0.1267024 0.1561594 0.1080082 0.1249962 0.1203977 0.1207724 0.0098787 0.1153181 0.1347288 0.1238194 0.0398326 0.1600163 0.1494058 0.1569622 0.1236638 0.1455451 0.1087535 0.1163768 0.1553859 0.1575773 0.0538077 0.0024107 0.0014425 0.0009605 0.0000000 0.0004796 0.0004796 0.0014434 0.0014426 0.0009604 0.0983292 0.1156625 0.1443565 0.0455550 0.1187937 0.1269062 0.1235344 0.1204155 0.1050919 0.1307802 0.1412617 0.1441668 0.0073628 0.1191870 0.1159747 0.1297780 0.0079049 0.1339794 0.1461790 0.1105593 0.1081664 0.1431587 0.2585001 0.1339794 0.1363074 0.2328273 0.1334470 0.1350151 0.2534681 0.2453981 0.2112148 0.1540569 0.1330795 
LC149659/JPN/cow/2010/O/SEA/Unknown             0.1228125 0.0083617 0.0145572 0.1165649 0.1129709 0.1145486 0.1158203 0.1205619 0.1143803 0.0568778 0.0602794 0.1216471 0.1592571 0.1276199 0.1571975 0.1088469 0.1259018 0.1212739 0.1216738 0.0103865 0.1161773 0.1356416 0.1247203 0.0404252 0.1609997 0.1504157 0.1579893 0.1245388 0.1465417 0.1095931 0.1172343 0.1564150 0.1586178 0.0544413 0.0019263 0.0009605 0.0004797 0.0004796 0.0000000 0.0000010 0.0009611 0.0009606 0.0014425 0.0991352 0.1165249 0.1453556 0.0461662 0.1196804 0.1278014 0.1244245 0.1212561 0.1059154 0.1316942 0.1422350 0.1451044 0.0078641 0.1200719 0.1168337 0.1306783 0.0084103 0.1348922 0.1471211 0.1114134 0.1089765 0.1441747 0.2597854 0.1348922 0.1372273 0.2340626 0.1343550 0.1359306 0.2547434 0.2466533 0.2123904 0.1550395 0.1339904 
LC149656/JPN/cow/2010/O/SEA/Unknown             0.1228125 0.0083617 0.0145572 0.1165649 0.1129709 0.1145486 0.1158203 0.1205619 0.1143803 0.0568778 0.0602794 0.1216471 0.1592571 0.1276199 0.1571975 0.1088469 0.1259018 0.1212739 0.1216738 0.0103865 0.1161773 0.1356416 0.1247203 0.0404252 0.1609997 0.1504157 0.1579893 0.1245388 0.1465417 0.1095931 0.1172343 0.1564150 0.1586178 0.0544413 0.0019263 0.0009605 0.0004797 0.0004796 0.0000010 0.0000000 0.0009611 0.0009606 0.0014425 0.0991352 0.1165249 0.1453556 0.0461662 0.1196804 0.1278014 0.1244245 0.1212561 0.1059154 0.1316942 0.1422350 0.1451044 0.0078641 0.1200719 0.1168337 0.1306783 0.0084103 0.1348922 0.1471211 0.1114134 0.1089765 0.1441747 0.2597854 0.1348922 0.1372273 0.2340626 0.1343550 0.1359306 0.2547434 0.2466533 0.2123904 0.1550395 0.1339904 
LC149643/JPN/pig/2010/O/SEA/Unknown             0.1209809 0.0093754 0.0156117 0.1147681 0.1111838 0.1146729 0.1140258 0.1187258 0.1162229 0.0581998 0.0616247 0.1217815 0.1615251 0.1277660 0.1594555 0.1106332 0.1278463 0.1231511 0.1236056 0.0114122 0.1180138 0.1357946 0.1248610 0.0416421 0.1631405 0.1502669 0.1602237 0.1264160 0.1487007 0.1113822 0.1190677 0.1562585 0.1584578 0.0557525 0.0028996 0.0019270 0.0014435 0.0014434 0.0009611 0.0009611 0.0000000 0.0019272 0.0024117 0.1008440 0.1183683 0.1475188 0.0474255 0.1215789 0.1279442 0.1263340 0.1230567 0.1060266 0.1318437 0.1443396 0.1452704 0.0088756 0.1219667 0.1186703 0.1308246 0.0094302 0.1350445 0.1472897 0.1132352 0.1107017 0.1443538 0.2626535 0.1350445 0.1373829 0.2343627 0.1345060 0.1360844 0.2575869 0.2494481 0.2141818 0.1552227 0.1341415 
LC149639/JPN/pig/2010/O/SEA/Unknown             0.1228288 0.0093704 0.0156030 0.1165805 0.1129861 0.1145641 0.1158358 0.1205782 0.1143958 0.0568847 0.0602867 0.1216636 0.1592799 0.1276376 0.1572201 0.1072002 0.1259191 0.1212902 0.1216906 0.0114060 0.1161929 0.1356598 0.1247374 0.0404300 0.1610213 0.1504371 0.1580116 0.1245554 0.1465626 0.1079447 0.1172499 0.1564372 0.1586404 0.0531885 0.0028981 0.0019260 0.0014428 0.0014426 0.0009606 0.0009606 0.0019272 0.0000000 0.0014426 0.0991484 0.1148330 0.1453763 0.0461718 0.1196968 0.1278187 0.1226794 0.1196074 0.1059294 0.1317121 0.1422550 0.1451238 0.0088708 0.1200883 0.1168494 0.1306959 0.0094251 0.1349103 0.1471408 0.1114285 0.1089906 0.1441958 0.2598204 0.1349103 0.1372458 0.2340949 0.1343730 0.1359489 0.2547779 0.2466868 0.2124199 0.1550606 0.1340084 
LC149625/JPN/cow/2010/O/SEA/Unknown             0.1202186 0.0088644 0.0150777 0.1157075 0.1121169 0.1153918 0.1149637 0.1196871 0.1135175 0.0562398 0.0596315 0.1207683 0.1582151 0.1267024 0.1561594 0.1080082 0.1249962 0.1203977 0.1207724 0.0108943 0.1153181 0.1347288 0.1238194 0.0398326 0.1580757 0.1494058 0.1569622 0.1236638 0.1455451 0.1087535 0.1163768 0.1553859 0.1575773 0.0538077 0.0033848 0.0024102 0.0019258 0.0009604 0.0014425 0.0014425 0.0024117 0.0014426 0.0000000 0.0983292 0.1156625 0.1443565 0.0455550 0.1187937 0.1269062 0.1235344 0.1204155 0.1050919 0.1307802 0.1412617 0.1441668 0.0083659 0.1191870 0.1159747 0.1297780 0.0089160 0.1339794 0.1461790 0.1105593 0.1081664 0.1431587 0.2585001 0.1339794 0.1363074 0.2328273 0.1334470 0.1350151 0.2534681 0.2429244 0.2112148 0.1540569 0.1330795 
KY446903/PAK/water-buffalo/2005/O/ME-SA/Unknown 0.1015881 0.0979013 0.1033722 0.0911019 0.0929358 0.0952015 0.0904280 0.0931942 0.0801520 0.1226916 0.1294295 0.0965582 0.1190285 0.1083452 0.1180394 0.0697255 0.0787769 0.0949783 0.0908296 0.1011688 0.0743739 0.1087925 0.0924668 0.1202730 0.1123274 0.1189557 0.1162350 0.0818671 0.1120672 0.0682939 0.0791345 0.1207935 0.1206989 0.1317017 0.1007662 0.0991352 0.0983423 0.0983292 0.0991352 0.0991352 0.1008440 0.0991484 0.0983292 0.0000000 0.0759753 0.1100566 0.1223097 0.0833071 0.1090358 0.0819043 0.1014394 0.0791442 0.0819552 0.1068982 0.1111273 0.1015817 0.0740011 0.0910603 0.1038802 0.0988433 0.1018917 0.1128640 0.0869278 0.0911108 0.1331792 0.2402835 0.1018917 0.1044778 0.2239151 0.1022966 0.1027734 0.2349908 0.2266455 0.1773538 0.1240592 0.1018013 
KY657269/VNM/pig/2015/O/ME-SA/Ind-2001d         0.1029584 0.1132086 0.1176328 0.0867858 0.0872380 0.0886201 0.0877328 0.0859539 0.0971755 0.1438828 0.1511838 0.1032040 0.1211599 0.1167765 0.1218393 0.0292300 0.1120285 0.0913906 0.1052673 0.1133001 0.0203643 0.1262608 0.1012366 0.1366492 0.1411883 0.1291119 0.1326974 0.0471723 0.1202327 0.0269510 0.0690067 0.1290594 0.1290153 0.1480534 0.1199926 0.1165249 0.1156781 0.1156625 0.1165249 0.1165249 0.1183683 0.1148330 0.1156625 0.0759753 0.0000000 0.1188642 0.1431222 0.1038357 0.1217543 0.0395338 0.1150051 0.0777058 0.1159339 0.1219789 0.1198305 0.1134917 0.1060721 0.0873063 0.1221881 0.1163151 0.1105600 0.1216556 0.1047949 0.0984505 0.1416103 0.2334295 0.1105600 0.1149452 0.2360745 0.1076682 0.1114880 0.2446896 0.2383381 0.1916181 0.1244042 0.1104580 
KX712091/BGD/pig/2015/O/ME-SA/Unknown           0.1360471 0.1418313 0.1439696 0.1288920 0.1294310 0.1320689 0.1269576 0.1280795 0.0952715 0.1709816 0.1765474 0.1225277 0.0335484 0.1489300 0.0329240 0.1131652 0.1131404 0.1268606 0.0678931 0.1458957 0.1158048 0.1395448 0.1052652 0.1714729 0.1533608 0.0150409 0.0155880 0.1263076 0.0088506 0.1105375 0.1117796 0.0130039 0.0146153 0.1839398 0.1493725 0.1453556 0.1443771 0.1443565 0.1453556 0.1453556 0.1475188 0.1453763 0.1443565 0.1100566 0.1188642 0.0000000 0.1726136 0.1199865 0.1450917 0.1292370 0.1598228 0.1098689 0.1214051 0.0457916 0.1311920 0.1453758 0.1072738 0.1192450 0.1561653 0.1443853 0.1273547 0.1331412 0.1228399 0.1457751 0.1410110 0.2539458 0.1273547 0.1303289 0.2541875 0.1229871 0.1283744 0.2522702 0.2433756 0.1978737 0.1441571 0.1285132 
KX162590/KOR/pig/2014/O/SEA/Unknown             0.1520231 0.0405566 0.0480679 0.1414653 0.1394820 0.1404712 0.1385921 0.1440729 0.1437701 0.0457592 0.0470979 0.1469736 0.1858862 0.1470946 0.1836895 0.1345889 0.1493312 0.1466395 0.1424145 0.0429635 0.1448132 0.1608876 0.1498711 0.0260115 0.1896241 0.1784624 0.1810146 0.1463685 0.1762659 0.1335767 0.1478481 0.1830532 0.1856030 0.0114172 0.0461774 0.0473875 0.0467790 0.0455550 0.0461662 0.0461662 0.0474255 0.0461718 0.0455550 0.1223097 0.1431222 0.1726136 0.0000000 0.1489930 0.1521820 0.1477870 0.1441909 0.1351977 0.1623457 0.1785169 0.1722211 0.0436352 0.1416070 0.1456514 0.1539506 0.0433026 0.1630801 0.1743955 0.1350370 0.1325721 0.1755548 0.2902030 0.1650263 0.1656653 0.2565047 0.1624741 0.1619315 0.2952870 0.2888565 0.2312403 0.1836541 0.1621069 
KU726614/GRC/sheep/1994/O/ME-SA/Unknown         0.1109967 0.1202108 0.1240405 0.1019034 0.1022929 0.1030876 0.1011949 0.1051590 0.0791437 0.1529436 0.1566684 0.1035862 0.1247361 0.1396882 0.1236133 0.0908573 0.0971152 0.1046949 0.0915730 0.1220728 0.0954991 0.1173239 0.0753015 0.1487093 0.1227815 0.1296837 0.1303788 0.1018531 0.1247828 0.0933004 0.0889885 0.1314679 0.1330769 0.1512325 0.1197132 0.1214430 0.1205691 0.1187937 0.1196804 0.1196804 0.1215789 0.1196968 0.1187937 0.0833071 0.1038357 0.1199865 0.1489930 0.0000000 0.1293891 0.1033033 0.1176919 0.0924402 0.1048201 0.1087444 0.1050067 0.1233017 0.0916381 0.1013659 0.1399534 0.1217506 0.0939403 0.1031505 0.1067663 0.1022335 0.1363631 0.2068047 0.0939403 0.0964124 0.2119810 0.0969031 0.0947815 0.2119610 0.2055238 0.1735349 0.1128787 0.0940259 
KU821591/ZMB/cow/2010/O/EA-2/Unknown            0.1255442 0.1253628 0.1250667 0.1202686 0.1190470 0.1216879 0.1195238 0.1238223 0.1145566 0.1593801 0.1629636 0.1365117 0.1572486 0.0510918 0.1538205 0.1152982 0.1269288 0.1332792 0.1187854 0.1254679 0.1226843 0.1501563 0.1278133 0.1531370 0.1518064 0.1534197 0.1551963 0.1290528 0.1475900 0.1167068 0.1367393 0.1562920 0.1583851 0.1589188 0.1296149 0.1278014 0.1269233 0.1269062 0.1278014 0.1278014 0.1279442 0.1278187 0.1269062 0.1090358 0.1217543 0.1450917 0.1521820 0.1293891 0.0000000 0.1351508 0.1262181 0.1100419 0.1291387 0.1409273 0.1420380 0.1273806 0.1239696 0.1201577 0.0296875 0.1276541 0.1302719 0.1440127 0.1135028 0.1118007 0.1541560 0.2418015 0.1285077 0.1350028 0.2345694 0.1305960 0.1312826 0.2382815 0.2273233 0.2081880 0.1420763 0.1321786 
