75
KC440883/EGY/Unknown/2011/O/ME-SA/PanAsia-2     0.0000000 0.2652892 0.2687130 0.0502958 0.0490868 0.0503596 0.0473753 0.0467510 0.1215196 0.2908216 0.2884812 0.1493136 0.1722118 0.2979202 0.1687066 0.1623681 0.0754572 0.0839738 0.1098826 0.2696782 0.1567705 0.3819486 0.1557475 0.2806442 0.1613643 0.1728472 0.1644883 0.1494912 0.1602410 0.1619653 0.1649504 0.1563383 0.1613186 0.2776253 0.2741804 0.2730833 0.2728588 0.2728588 0.2716787 0.2716787 0.2730672 0.2705835 0.1734550 0.1610518 0.1554522 0.2698110 0.1886626 0.3070108 0.1654650 0.2037004 0.0640903 0.0729722 0.1630077 0.1173356 0.2577222 0.0782326 0.0836998 0.3069766 0.2604279 0.1088696 0.1220443 0.3615911 0.1957117 0.2921259 0.4002406 0.1088696 0.1140037 0.4224169 0.1094322 0.1081035 0.4183114 0.4182565 0.3898627 0.1424162 0.1089007 
HM229661/HKG/pig/2010/O/SEA/Unknown             0.2652892 0.0000000 0.0076107 0.2557188 0.2530469 0.2539238 0.2499526 0.2508731 0.2505703 0.0711614 0.0712447 0.2545201 0.2667297 0.3208940 0.2656331 0.2848114 0.2441474 0.2492620 0.2721385 0.0071140 0.2687003 0.4156432 0.2545623 0.0427039 0.2607411 0.2667859 0.2637686 0.2572432 0.2583097 0.2788265 0.2767491 0.2622464 0.2620348 0.0542369 0.0166159 0.0161115 0.0161059 0.0161059 0.0155986 0.0155986 0.0161108 0.0161059 0.2454253 0.2720052 0.2558244 0.0439701 0.2949260 0.3092821 0.2957854 0.2228644 0.2299694 0.2389771 0.2681610 0.2226440 0.0150584 0.2464016 0.2294082 0.3055703 0.0110282 0.2173657 0.2270825 0.3927540 0.2183788 0.3044598 0.4596060 0.2173657 0.2216892 0.4880467 0.2170299 0.2162148 0.4709234 0.4738551 0.4510285 0.2589727 0.2174354 
JQ900581/CHN/pig/2010/O/SEA/Unknown             0.2687130 0.0076107 0.0000000 0.2552475 0.2525871 0.2534543 0.2494992 0.2504182 0.2490154 0.0698504 0.0699321 0.2502501 0.2602310 0.3163340 0.2591407 0.2830005 0.2432626 0.2532335 0.2636136 0.0080904 0.2659073 0.4153791 0.2511887 0.0415475 0.2579945 0.2602840 0.2601804 0.2516178 0.2520171 0.2770479 0.2738939 0.2558672 0.2556305 0.0542054 0.0145898 0.0140897 0.0140849 0.0140849 0.0135824 0.0135824 0.0140891 0.0140849 0.2449863 0.2663872 0.2495146 0.0428043 0.2932046 0.3059986 0.2939118 0.2212532 0.2295817 0.2429589 0.2618789 0.2265350 0.0120481 0.2454984 0.2243223 0.3023515 0.0090668 0.2212071 0.2309813 0.3859062 0.2149150 0.3030295 0.4594083 0.2212071 0.2255533 0.4846988 0.2208843 0.2200535 0.4677460 0.4706372 0.4479971 0.2631499 0.2212775 
OQ211400/ISR/cattle/2007/O/ME-SA/PanAsia-2      0.0502958 0.2557188 0.2552475 0.0000000 0.0124853 0.0124950 0.0071162 0.0124818 0.0967643 0.2860740 0.2837478 0.1288590 0.1563974 0.2791880 0.1531197 0.1368867 0.0506148 0.0620086 0.0866199 0.2562031 0.1359265 0.3501652 0.1344941 0.2744513 0.1343669 0.1607528 0.1507338 0.1349118 0.1457195 0.1313472 0.1406311 0.1465391 0.1513412 0.2751032 0.2575216 0.2564434 0.2562327 0.2562327 0.2550756 0.2550756 0.2564282 0.2539997 0.1493231 0.1383504 0.1421279 0.2658178 0.1698410 0.2668200 0.1380939 0.1677366 0.0355402 0.0424690 0.1376338 0.0888017 0.2428643 0.0529689 0.0564372 0.2791216 0.2449726 0.0759197 0.0930814 0.3496572 0.1588848 0.2558025 0.4029802 0.0759197 0.0823712 0.4174802 0.0780320 0.0752380 0.4136529 0.4181027 0.3915477 0.1052667 0.0759411 
OQ211386/ISR/cattle/2007/O/ME-SA/PanAsia-2      0.0490868 0.2530469 0.2525871 0.0124853 0.0000000 0.0085761 0.0090535 0.0085599 0.0972815 0.2831080 0.2807996 0.1254390 0.1538921 0.2777027 0.1547746 0.1396346 0.0470653 0.0582789 0.0838340 0.2535358 0.1384260 0.3518095 0.1371914 0.2722956 0.1324858 0.1607033 0.1540751 0.1342251 0.1458698 0.1358461 0.1466586 0.1481410 0.1512728 0.2751865 0.2548227 0.2537536 0.2535463 0.2535463 0.2523994 0.2523994 0.2537386 0.2513325 0.1515589 0.1400655 0.1437057 0.2637338 0.1788449 0.2611337 0.1443620 0.1704330 0.0339644 0.0395400 0.1369303 0.0896822 0.2403037 0.0493857 0.0563890 0.2744002 0.2424136 0.0821115 0.0939794 0.3399464 0.1578292 0.2553022 0.3961732 0.0821115 0.0887327 0.4085222 0.0808529 0.0814135 0.3988829 0.3980460 0.3805289 0.1109008 0.0821337 
OQ211372/ISR/goat/2007/O/ME-SA/PanAsia-2        0.0503596 0.2539238 0.2534543 0.0124950 0.0085761 0.0000000 0.0100446 0.0095471 0.0998306 0.2895246 0.2871753 0.1252548 0.1586845 0.2861926 0.1553589 0.1394569 0.0483310 0.0596341 0.0840536 0.2544176 0.1390852 0.3546164 0.1376402 0.2784404 0.1349225 0.1565996 0.1524448 0.1364458 0.1442676 0.1356675 0.1459332 0.1465292 0.1496500 0.2837225 0.2557320 0.2546458 0.2544346 0.2544346 0.2532693 0.2532693 0.2546305 0.2521854 0.1521209 0.1407296 0.1404437 0.2697027 0.1756385 0.2674092 0.1441847 0.1737574 0.0344705 0.0414210 0.1365771 0.0921177 0.2409799 0.0494906 0.0560903 0.2811000 0.2431171 0.0831467 0.0964456 0.3575077 0.1609447 0.2667406 0.4118691 0.0831467 0.0897886 0.4248426 0.0818871 0.0824469 0.4146446 0.4191432 0.3930174 0.1120704 0.0831701 
OQ211369/ISR/cattle/2007/O/ME-SA/PanAsia-2      0.0473753 0.2499526 0.2494992 0.0071162 0.0090535 0.0100446 0.0000000 0.0090510 0.0924891 0.2808386 0.2785139 0.1253127 0.1561592 0.2837788 0.1528811 0.1392904 0.0465136 0.0564912 0.0818601 0.2504542 0.1364928 0.3481831 0.1352615 0.2720614 0.1292197 0.1596499 0.1513447 0.1338993 0.1448791 0.1355105 0.1446710 0.1454656 0.1502565 0.2721838 0.2517242 0.2506494 0.2504429 0.2504429 0.2492905 0.2492905 0.2506344 0.2482181 0.1490844 0.1389207 0.1410630 0.2606929 0.1725841 0.2684407 0.1388839 0.1666133 0.0338736 0.0384902 0.1365907 0.0878347 0.2371484 0.0488301 0.0546303 0.2816184 0.2392924 0.0770594 0.0920927 0.3515391 0.1557726 0.2548402 0.4007321 0.0770594 0.0835333 0.4112631 0.0764642 0.0763756 0.4075606 0.4120428 0.3828287 0.1065450 0.0770810 
OQ211354/PSE/cattle/2007/O/ME-SA/PanAsia-2      0.0467510 0.2508731 0.2504182 0.0124818 0.0085599 0.0095471 0.0090510 0.0000000 0.0975233 0.2827493 0.2804339 0.1274990 0.1568539 0.2880331 0.1535716 0.1368999 0.0458887 0.0570394 0.0809973 0.2513705 0.1357391 0.3472967 0.1363029 0.2719094 0.1345611 0.1609488 0.1550419 0.1331695 0.1480565 0.1331630 0.1438594 0.1486584 0.1534866 0.2775931 0.2548708 0.2537971 0.2535889 0.2535889 0.2524371 0.2524371 0.2537820 0.2513657 0.1458911 0.1391586 0.1442277 0.2660547 0.1750330 0.2706095 0.1419780 0.1687548 0.0343919 0.0413220 0.1360315 0.0903340 0.2402905 0.0481976 0.0539211 0.2852638 0.2424092 0.0828913 0.0946153 0.3451825 0.1561689 0.2543170 0.4006628 0.0828913 0.0895014 0.4139628 0.0816371 0.0821946 0.4016873 0.4069738 0.3847871 0.1084992 0.0829146 
OP957418/BGD/cattle/2021/O/ME-SA/PanAsia-2      0.1215196 0.2505703 0.2490154 0.0967643 0.0972815 0.0998306 0.0924891 0.0975233 0.0000000 0.2900475 0.2900177 0.1366811 0.1663367 0.2683586 0.1636692 0.1498315 0.1014519 0.1085169 0.1344045 0.2477344 0.1398325 0.3690873 0.1510731 0.2756393 0.1393671 0.1652579 0.1484669 0.1362860 0.1507366 0.1430620 0.1457890 0.1511216 0.1578372 0.2833133 0.2458606 0.2470336 0.2468258 0.2468258 0.2456538 0.2456538 0.2470185 0.2445628 0.1503832 0.1450616 0.1468057 0.2754713 0.1876140 0.2710219 0.1505336 0.1757582 0.0869542 0.0996397 0.1453378 0.1040544 0.2434482 0.1011045 0.1081855 0.2776152 0.2408250 0.0945768 0.1086821 0.3365250 0.1659604 0.2511069 0.3981265 0.0945768 0.1015768 0.4220466 0.0958890 0.0952442 0.4004699 0.4010942 0.4007654 0.1260102 0.0960239 
ON868614/VNM/pig/2019/O/SEA/Unknown             0.2908216 0.0711614 0.0698504 0.2860740 0.2831080 0.2895246 0.2808386 0.2827493 0.2900475 0.0000000 0.0066619 0.2903432 0.2981039 0.3591843 0.2994567 0.3334423 0.2726877 0.2841329 0.2979428 0.0717284 0.3034950 0.4575217 0.3107310 0.0431331 0.2867868 0.3089623 0.3090616 0.3045564 0.2986623 0.3297827 0.3122299 0.2974701 0.3023353 0.0639478 0.0730334 0.0724065 0.0723714 0.0723714 0.0717261 0.0717261 0.0724033 0.0711019 0.2898743 0.3124511 0.2955628 0.0580396 0.3257109 0.3427130 0.3404807 0.2739749 0.2677068 0.2753078 0.3098819 0.2657031 0.0684261 0.2818283 0.2718066 0.3409321 0.0690840 0.2492918 0.2704392 0.4125656 0.2599966 0.3417156 0.5195144 0.2492918 0.2539811 0.5516052 0.2570722 0.2502760 0.5185949 0.5289307 0.4886333 0.3058598 0.2493702 
ON868606/VNM/pig/2019/O/SEA/Unknown             0.2884812 0.0712447 0.0699321 0.2837478 0.2807996 0.2871753 0.2785139 0.2804339 0.2900177 0.0066619 0.0000000 0.2908720 0.2951025 0.3601923 0.2964448 0.3325611 0.2731684 0.2818305 0.2969455 0.0718122 0.3049998 0.4583701 0.3098630 0.0432289 0.2857808 0.3052865 0.3053880 0.3036965 0.2951346 0.3289042 0.3144924 0.2963583 0.2987354 0.0627177 0.0731186 0.0724911 0.0724559 0.0724559 0.0718099 0.0718099 0.0724878 0.0711850 0.2858490 0.3139705 0.2920378 0.0568430 0.3280494 0.3439890 0.3395938 0.2705366 0.2667165 0.2736824 0.3124598 0.2647147 0.0697635 0.2795166 0.2695343 0.3384536 0.0691647 0.2532030 0.2694531 0.4124931 0.2615020 0.3439007 0.5099379 0.2532030 0.2579340 0.5446568 0.2560892 0.2541914 0.5106752 0.5208808 0.4881771 0.3058318 0.2532823 
ON868552/VNM/pig/2019/O/ME-SA/Unknown           0.1493136 0.2545201 0.2502501 0.1288590 0.1254390 0.1252548 0.1253127 0.1274990 0.1366811 0.2903432 0.2908720 0.0000000 0.1696179 0.2750804 0.1665205 0.1562975 0.1354296 0.1351517 0.1380148 0.2516949 0.1362208 0.3644912 0.1293684 0.2729122 0.0884999 0.1595702 0.1601798 0.1323156 0.1551406 0.1539423 0.1427301 0.1560395 0.1572960 0.2721690 0.2540771 0.2529891 0.2527786 0.2527786 0.2516116 0.2516116 0.2502375 0.2505261 0.1676981 0.1380976 0.1514619 0.2655514 0.1938545 0.2658556 0.1629140 0.1776039 0.1139318 0.1296337 0.1385494 0.1060403 0.2436560 0.1366332 0.1154208 0.2733603 0.2452873 0.1029813 0.1105810 0.3339342 0.1511404 0.2536679 0.4000345 0.1029813 0.1071250 0.4476177 0.1047717 0.1022312 0.4252390 0.4312253 0.4110608 0.1302709 0.1044276 
OP751924/IDN/cattle/2022/O/ME-SA/Unknown        0.1722118 0.2667297 0.2602310 0.1563974 0.1538921 0.1586845 0.1561592 0.1568539 0.1663367 0.2981039 0.2951025 0.1696179 0.0000000 0.2907831 0.0023503 0.1219597 0.1562521 0.1693750 0.1845489 0.2642206 0.1117322 0.3398049 0.1153702 0.2781640 0.1729306 0.0579742 0.0592827 0.0925650 0.0558979 0.1110850 0.1183269 0.0528043 0.0565319 0.2881782 0.2691214 0.2679717 0.2677396 0.2677396 0.2665040 0.2665040 0.2679550 0.2653566 0.1616029 0.1143315 0.0516834 0.2794040 0.2107073 0.2919851 0.1305525 0.1889323 0.1404804 0.1564044 0.0967207 0.1488997 0.2623423 0.1588585 0.1504270 0.2868542 0.2578322 0.1446583 0.1543411 0.3328866 0.1707895 0.2647830 0.3727056 0.1446583 0.1482959 0.4268368 0.1402345 0.1437638 0.3795335 0.3867767 0.4086540 0.1738858 0.1463654 
ON736860/UGA/cow/2015/O/EA-2/Unknown            0.2979202 0.3208940 0.3163340 0.2791880 0.2777027 0.2861926 0.2837788 0.2880331 0.2683586 0.3591843 0.3601923 0.2750804 0.2907831 0.0000000 0.2921298 0.2691173 0.2879117 0.2852339 0.2973439 0.3148364 0.2646829 0.3536951 0.2591532 0.3355507 0.2947399 0.2750215 0.2636320 0.2529596 0.2647598 0.2701712 0.2613490 0.2684851 0.2743255 0.3619826 0.3315327 0.3302673 0.3299739 0.3299739 0.3286040 0.3286040 0.3302470 0.3273395 0.2243632 0.2733586 0.2625502 0.3503280 0.2783087 0.0933624 0.2783879 0.2472079 0.2681593 0.2818353 0.2738967 0.2603193 0.3175275 0.2834803 0.2667623 0.0843408 0.3119843 0.2554996 0.2680844 0.3618405 0.2403611 0.2906370 0.4596370 0.2554996 0.2562075 0.4854422 0.2611979 0.2523486 0.4284713 0.4545726 0.4742172 0.3020858 0.2532870 
OP585403/IDN/cattle/2022/O/ME-SA/Unknown        0.1687066 0.2656331 0.2591407 0.1531197 0.1547746 0.1553589 0.1528811 0.1535716 0.1636692 0.2994567 0.2964448 0.1665205 0.0023503 0.2921298 0.0000000 0.1211319 0.1529654 0.1659252 0.1808576 0.2631276 0.1109919 0.3386352 0.1146090 0.2770518 0.1701789 0.0572160 0.0585161 0.0919819 0.0551548 0.1103467 0.1175325 0.0520794 0.0557849 0.2870512 0.2680204 0.2668707 0.2666393 0.2666393 0.2654040 0.2654040 0.2668541 0.2642567 0.1599837 0.1150709 0.0509637 0.2782900 0.2065744 0.2933273 0.1296516 0.1880446 0.1378337 0.1563785 0.0961040 0.1465441 0.2612408 0.1555421 0.1472404 0.2881691 0.2567433 0.1423796 0.1519149 0.3344225 0.1699142 0.2648235 0.3742605 0.1423796 0.1459586 0.4284568 0.1380013 0.1414965 0.3811007 0.3883411 0.4101895 0.1711011 0.1440658 
OM160611/TUN/cattle/2014/O/ME-SA/Ind-2001d      0.1623681 0.2848114 0.2830005 0.1368867 0.1396346 0.1394569 0.1392904 0.1368999 0.1498315 0.3334423 0.3325611 0.1562975 0.1219597 0.2691173 0.1211319 0.0000000 0.1556043 0.1610999 0.1588562 0.2816589 0.0405853 0.3473018 0.0882779 0.3089414 0.1631202 0.0946714 0.0869889 0.0470700 0.0875501 0.0076326 0.0470324 0.0950810 0.0973904 0.3234337 0.2857515 0.2846179 0.2843792 0.2843792 0.2831581 0.2831581 0.2846010 0.2820262 0.1661670 0.0452328 0.0844030 0.3089599 0.2046166 0.2671645 0.0110690 0.1905625 0.1335445 0.1413490 0.0743178 0.1368984 0.2822362 0.1575866 0.1444431 0.2797642 0.2762357 0.1324111 0.1420382 0.3525483 0.1721098 0.2770154 0.4051424 0.1324111 0.1355834 0.4299882 0.1337224 0.1315651 0.4048230 0.4141034 0.3966615 0.1542679 0.1340301 
OM456150/PAK/buffalo/2010/O/ME-SA/PanAsia-2     0.0754572 0.2441474 0.2432626 0.0506148 0.0470653 0.0483310 0.0465136 0.0458887 0.1014519 0.2726877 0.2731684 0.1354296 0.1562521 0.2879117 0.1529654 0.1556043 0.0000000 0.0239831 0.0954903 0.2468308 0.1454465 0.3454473 0.1443993 0.2667088 0.1372321 0.1685038 0.1580276 0.1461436 0.1505592 0.1510276 0.1522190 0.1486436 0.1534862 0.2730861 0.2521655 0.2510967 0.2508911 0.2508911 0.2497450 0.2497450 0.2510818 0.2486786 0.1641080 0.1525320 0.1475457 0.2611128 0.1865682 0.2677449 0.1642824 0.1690509 0.0545938 0.0653982 0.1469914 0.1033566 0.2358966 0.0155664 0.0640458 0.2805582 0.2358705 0.0939615 0.1071440 0.3266380 0.1613230 0.2578478 0.4114705 0.0939615 0.1009091 0.4201861 0.0955514 0.0946116 0.4061103 0.4026188 0.3882335 0.1226379 0.0939882 
OM456135/PAK/cattle/2012/O/ME-SA/PanAsia-2      0.0839738 0.2492620 0.2532335 0.0620086 0.0582789 0.0596341 0.0564912 0.0570394 0.1085169 0.2841329 0.2818305 0.1351517 0.1693750 0.2852339 0.1659252 0.1610999 0.0239831 0.0000000 0.1018639 0.2541884 0.1458807 0.3419072 0.1505758 0.2734217 0.1441495 0.1701355 0.1625118 0.1441291 0.1548987 0.1534081 0.1560239 0.1598407 0.1648509 0.2756512 0.2529814 0.2541469 0.2539361 0.2539361 0.2527716 0.2527716 0.2541316 0.2516884 0.1642842 0.1546564 0.1518566 0.2642897 0.1899350 0.2649671 0.1681908 0.1702612 0.0637700 0.0741759 0.1516207 0.1114540 0.2386687 0.0271625 0.0719368 0.2800716 0.2408020 0.1001170 0.1153810 0.3302062 0.1660672 0.2643417 0.4095152 0.1001170 0.1087484 0.4135480 0.1047700 0.1007831 0.3984061 0.4002032 0.3921186 0.1301756 0.1015664 
OK019689/IRN/cow/2016/O/ME-SA/PanAsia-2         0.1098826 0.2721385 0.2636136 0.0866199 0.0838340 0.0840536 0.0818601 0.0809973 0.1344045 0.2979428 0.2969455 0.1380148 0.1845489 0.2973439 0.1808576 0.1588562 0.0954903 0.1018639 0.0000000 0.2714781 0.1555064 0.4069839 0.1514574 0.2826641 0.1466134 0.1838308 0.1684457 0.1492120 0.1659108 0.1562219 0.1583130 0.1683883 0.1735742 0.2897766 0.2771626 0.2760328 0.2757998 0.2757998 0.2745842 0.2745842 0.2760161 0.2734563 0.1764709 0.1626519 0.1636722 0.2791687 0.2067692 0.2963042 0.1662944 0.1945646 0.0816782 0.0931338 0.1533445 0.1139340 0.2581682 0.0933121 0.0884833 0.3081870 0.2607537 0.1108385 0.1186776 0.3724877 0.1870271 0.2807575 0.4238208 0.1108385 0.1153595 0.4434427 0.1072717 0.1100543 0.4251356 0.4321957 0.4040539 0.1402790 0.1108707 
MN389541/CHN/pig/2010/O/SEA/Unknown             0.2696782 0.0071140 0.0080904 0.2562031 0.2535358 0.2544176 0.2504542 0.2513705 0.2477344 0.0717284 0.0718122 0.2516949 0.2642206 0.3148364 0.2631276 0.2816589 0.2468308 0.2541884 0.2714781 0.0000000 0.2623444 0.4157891 0.2477022 0.0421037 0.2583737 0.2619113 0.2589338 0.2481251 0.2558891 0.2780370 0.2702778 0.2551376 0.2548977 0.0559878 0.0171126 0.0166075 0.0166017 0.0166017 0.0160936 0.0160936 0.0166068 0.0166017 0.2448757 0.2628087 0.2510871 0.0445082 0.2930868 0.3070733 0.2925480 0.2217523 0.2326694 0.2439150 0.2633597 0.2253369 0.0155514 0.2491056 0.2299591 0.3034109 0.0115132 0.2200310 0.2272120 0.3841108 0.2158223 0.2958844 0.4576482 0.2200310 0.2243648 0.4798769 0.2197046 0.2188796 0.4630498 0.4659045 0.4478726 0.2618121 0.2180082 
MN095359/IND/cattle/2013/O/ME-SA/Ind-2001d      0.1567705 0.2687003 0.2659073 0.1359265 0.1384260 0.1390852 0.1364928 0.1357391 0.1398325 0.3034950 0.3049998 0.1362208 0.1117322 0.2646829 0.1109919 0.0405853 0.1454465 0.1458807 0.1555064 0.2623444 0.0000000 0.3339886 0.0787923 0.2929528 0.1489127 0.0922966 0.0829664 0.0418606 0.0839557 0.0348754 0.0180759 0.0899374 0.0907938 0.3042816 0.2640527 0.2629611 0.2627437 0.2627437 0.2615712 0.2615712 0.2629454 0.2604816 0.1518399 0.0185939 0.0808577 0.2919166 0.1996955 0.2785487 0.0494622 0.1723842 0.1233362 0.1415659 0.0650706 0.1261465 0.2606477 0.1479174 0.1379259 0.2793196 0.2593697 0.1243764 0.1310881 0.3257874 0.1598396 0.2572552 0.3908941 0.1243764 0.1274214 0.4200517 0.1269794 0.1235564 0.3867324 0.3981281 0.3985755 0.1489758 0.1259485 
NC_039210/GBR/Unknown/1965/O/EURO-SA/Unknown    0.3819486 0.4156432 0.4153791 0.3501652 0.3518095 0.3546164 0.3481831 0.3472967 0.3690873 0.4575217 0.4583701 0.3644912 0.3398049 0.3536951 0.3386352 0.3473018 0.3454473 0.3419072 0.4069839 0.4157891 0.3339886 0.0000000 0.3315432 0.4425951 0.3983629 0.3350100 0.3283882 0.3140438 0.3255893 0.3439248 0.3449198 0.3256567 0.3269385 0.4650682 0.4272073 0.4257871 0.4254066 0.4254066 0.4238575 0.4238575 0.4219284 0.4224360 0.3094684 0.3413521 0.3158265 0.4480613 0.3494223 0.3354607 0.3577404 0.3108630 0.3357279 0.3487660 0.3410943 0.3552204 0.4036456 0.3474677 0.3425290 0.3424928 0.4195709 0.3312209 0.3567024 0.1796224 0.2967131 0.2854451 0.4483417 0.3312209 0.3349285 0.4629995 0.3302604 0.3301864 0.4502061 0.4583050 0.4692111 0.3720511 0.3287558 
MK071699/BGD/cattle/2013/O/ME-SA/Unknown        0.1557475 0.2545623 0.2511887 0.1344941 0.1371914 0.1376402 0.1352615 0.1363029 0.1510731 0.3107310 0.3098630 0.1293684 0.1153702 0.2591532 0.1146090 0.0882779 0.1443993 0.1505758 0.1514574 0.2477022 0.0787923 0.3315432 0.0000000 0.2781344 0.1468484 0.0914994 0.0874169 0.0533966 0.0824776 0.0836923 0.0796624 0.0869013 0.0897925 0.2865966 0.2585593 0.2574712 0.2572579 0.2572579 0.2560900 0.2560900 0.2574558 0.2550042 0.1491381 0.0783256 0.0779932 0.2743377 0.1809158 0.2547852 0.0970352 0.1884913 0.1210168 0.1409468 0.0684349 0.1195878 0.2511371 0.1478252 0.1302539 0.2655479 0.2497187 0.1132531 0.1244195 0.3224538 0.1704131 0.2482746 0.3656514 0.1132531 0.1176567 0.4066407 0.1149963 0.1124617 0.3733577 0.3797562 0.3758095 0.1464259 0.1147747 
MH845413/VNM/pig/2014/O/SEA/Unknown             0.2806442 0.0427039 0.0415475 0.2744513 0.2722956 0.2784404 0.2720614 0.2719094 0.2756393 0.0431331 0.0432289 0.2729122 0.2781640 0.3355507 0.2770518 0.3089414 0.2667088 0.2734217 0.2826641 0.0421037 0.2929528 0.4425951 0.2781344 0.0000000 0.2763499 0.2809185 0.2810393 0.2792577 0.2761438 0.3043172 0.2938202 0.2771988 0.2770474 0.0380383 0.0432572 0.0426944 0.0426767 0.0426767 0.0421040 0.0421040 0.0426926 0.0426767 0.2741569 0.2948284 0.2706001 0.0285882 0.3066890 0.3259139 0.3203699 0.2488321 0.2535406 0.2647561 0.2865198 0.2396564 0.0415093 0.2696510 0.2488539 0.3184063 0.0397896 0.2400711 0.2442406 0.4036341 0.2329670 0.3290417 0.4694689 0.2400711 0.2446454 0.5163800 0.2380366 0.2388744 0.4769152 0.4838297 0.4701181 0.2934822 0.2401468 
MF947132/VNM/buffalo/2015/O/ME-SA/Unknown       0.1613643 0.2607411 0.2579945 0.1343669 0.1324858 0.1349225 0.1292197 0.1345611 0.1393671 0.2867868 0.2857808 0.0884999 0.1729306 0.2947399 0.1701789 0.1631202 0.1372321 0.1441495 0.1466134 0.2583737 0.1489127 0.3983629 0.1468484 0.2763499 0.0000000 0.1610986 0.1530046 0.1415006 0.1507221 0.1572499 0.1488654 0.1517610 0.1576132 0.2814145 0.2573709 0.2562777 0.2560642 0.2560642 0.2548911 0.2548911 0.2562623 0.2538002 0.1714712 0.1559690 0.1514900 0.2760015 0.1953338 0.2784975 0.1625469 0.1828609 0.1205310 0.1366683 0.1505312 0.1054120 0.2507195 0.1414629 0.1289689 0.2854305 0.2480278 0.1002612 0.1099252 0.3602973 0.1741877 0.2662919 0.3982481 0.1002612 0.1073384 0.4341360 0.1003475 0.0995203 0.4108060 0.4117336 0.3918332 0.1280869 0.1009827 
MH891503/VNM/cow/2017/O/ME-SA/Unknown           0.1728472 0.2667859 0.2602840 0.1607528 0.1607033 0.1565996 0.1596499 0.1609488 0.1652579 0.3089623 0.3052865 0.1595702 0.0579742 0.2750215 0.0572160 0.0946714 0.1685038 0.1701355 0.1838308 0.2619113 0.0922966 0.3350100 0.0914994 0.2809185 0.1610986 0.0000000 0.0239469 0.0682631 0.0217388 0.0892800 0.1004911 0.0170973 0.0181385 0.2976740 0.2699952 0.2688446 0.2686117 0.2686117 0.2673749 0.2673749 0.2688279 0.2662266 0.1512413 0.0980573 0.0145755 0.2850047 0.1995962 0.2715215 0.1016677 0.1727225 0.1461774 0.1623880 0.0794084 0.1379045 0.2655966 0.1705304 0.1441689 0.2654235 0.2602357 0.1359435 0.1431443 0.3497432 0.1666269 0.2578347 0.4007161 0.1359435 0.1392144 0.4295381 0.1310090 0.1350750 0.3937550 0.4035654 0.4137135 0.1660489 0.1376041 
MG983728/SAU/cattle/2016/O/ME-SA/Unknown        0.1644883 0.2637686 0.2601804 0.1507338 0.1540751 0.1524448 0.1513447 0.1550419 0.1484669 0.3090616 0.3053880 0.1601798 0.0592827 0.2636320 0.0585161 0.0869889 0.1580276 0.1625118 0.1684457 0.2589338 0.0829664 0.3283882 0.0874169 0.2810393 0.1530046 0.0239469 0.0000000 0.0627894 0.0155196 0.0802864 0.0909215 0.0191227 0.0212055 0.3006645 0.2666663 0.2655213 0.2652916 0.2652916 0.2640614 0.2640614 0.2655048 0.2629187 0.1428243 0.0914739 0.0125464 0.2903925 0.1971557 0.2640499 0.0952140 0.1720408 0.1324952 0.1480394 0.0737493 0.1263421 0.2622855 0.1602623 0.1413889 0.2576564 0.2577881 0.1260986 0.1314205 0.3403137 0.1537161 0.2540452 0.3767786 0.1260986 0.1292462 0.4123397 0.1228416 0.1252533 0.3794918 0.3891215 0.3944469 0.1520239 0.1273118 
MG983705/NPL/cattle/2010/O/ME-SA/Ind-2001d      0.1494912 0.2572432 0.2516178 0.1349118 0.1342251 0.1364458 0.1338993 0.1331695 0.1362860 0.3045564 0.3036965 0.1323156 0.0925650 0.2529596 0.0919819 0.0470700 0.1461436 0.1441291 0.1492120 0.2481251 0.0418606 0.3140438 0.0533966 0.2792577 0.1415006 0.0682631 0.0627894 0.0000000 0.0620988 0.0415942 0.0495261 0.0673771 0.0700354 0.2969361 0.2539989 0.2529137 0.2527038 0.2527038 0.2515399 0.2515399 0.2528985 0.2504570 0.1420631 0.0477039 0.0579074 0.2825591 0.1801087 0.2573710 0.0575496 0.1699834 0.1191143 0.1318735 0.0457157 0.1186483 0.2515696 0.1467456 0.1306057 0.2600336 0.2452316 0.1184762 0.1234327 0.3220142 0.1522646 0.2450140 0.3775440 0.1184762 0.1214148 0.4120318 0.1179976 0.1176790 0.3873104 0.3941127 0.3830801 0.1398321 0.1200069 
MG983700/MUS/cattle/2016/O/ME-SA/Unknown        0.1602410 0.2583097 0.2520171 0.1457195 0.1458698 0.1442676 0.1448791 0.1480565 0.1507366 0.2986623 0.2951346 0.1551406 0.0558979 0.2647598 0.0551548 0.0875501 0.1505592 0.1548987 0.1659108 0.2558891 0.0839557 0.3255893 0.0824776 0.2761438 0.1507221 0.0217388 0.0155196 0.0620988 0.0000000 0.0822375 0.0918508 0.0180101 0.0190502 0.2928901 0.2590788 0.2579592 0.2577391 0.2577391 0.2565373 0.2565373 0.2579433 0.2554204 0.1401712 0.0895182 0.0105182 0.2825237 0.1943168 0.2546200 0.0957184 0.1676111 0.1281554 0.1437125 0.0699446 0.1260142 0.2547875 0.1544218 0.1388605 0.2508027 0.2496873 0.1242166 0.1310384 0.3442435 0.1507306 0.2543678 0.3759250 0.1242166 0.1273105 0.4173087 0.1194571 0.1233833 0.3769448 0.3866160 0.3958147 0.1503058 0.1258144 
MG983697/LBY/cattle/2013/O/ME-SA/Ind-2001d      0.1619653 0.2788265 0.2770479 0.1313472 0.1358461 0.1356675 0.1355105 0.1331630 0.1430620 0.3297827 0.3289042 0.1539423 0.1110850 0.2701712 0.1103467 0.0076326 0.1510276 0.1534081 0.1562219 0.2780370 0.0348754 0.3439248 0.0836923 0.3043172 0.1572499 0.0892800 0.0802864 0.0415942 0.0822375 0.0000000 0.0422791 0.0897045 0.0919606 0.3186936 0.2789346 0.2778071 0.2775736 0.2775736 0.2763602 0.2763602 0.2777904 0.2752345 0.1625351 0.0405647 0.0792384 0.3043373 0.1998642 0.2713396 0.0171236 0.1826189 0.1282776 0.1356580 0.0687821 0.1321741 0.2754322 0.1516522 0.1389890 0.2850243 0.2703351 0.1287555 0.1372355 0.3461963 0.1686614 0.2660810 0.4033798 0.1287555 0.1318783 0.4286848 0.1300394 0.1279191 0.3993205 0.4085748 0.3956490 0.1510410 0.1303575 
MG983686/BHR/cattle/2015/O/ME-SA/Ind-2001d      0.1649504 0.2767491 0.2738939 0.1406311 0.1466586 0.1459332 0.1446710 0.1438594 0.1457890 0.3122299 0.3144924 0.1427301 0.1183269 0.2613490 0.1175325 0.0470324 0.1522190 0.1560239 0.1583130 0.2702778 0.0180759 0.3449198 0.0796624 0.2938202 0.1488654 0.1004911 0.0909215 0.0495261 0.0918508 0.0422791 0.0000000 0.0980357 0.0989316 0.3116924 0.2720077 0.2709015 0.2706764 0.2706764 0.2694869 0.2694869 0.2708853 0.2683826 0.1578903 0.0274991 0.0900776 0.2990984 0.2066790 0.2820760 0.0537869 0.1845788 0.1319107 0.1476872 0.0697619 0.1291089 0.2662697 0.1545091 0.1397146 0.2741300 0.2672464 0.1288489 0.1341123 0.3403386 0.1719417 0.2688539 0.3929690 0.1288489 0.1319596 0.4303181 0.1315003 0.1280158 0.3918283 0.4060332 0.4014485 0.1546855 0.1304445 
MF461724/CHN/cattle/2017/O/ME-SA/Unknown        0.1563383 0.2622464 0.2558672 0.1465391 0.1481410 0.1465292 0.1454656 0.1486584 0.1511216 0.2974701 0.2963583 0.1560395 0.0528043 0.2684851 0.0520794 0.0950810 0.1486436 0.1598407 0.1683883 0.2551376 0.0899374 0.3256567 0.0869013 0.2771988 0.1517610 0.0170973 0.0191227 0.0673771 0.0180101 0.0897045 0.0980357 0.0000000 0.0047151 0.2961389 0.2630380 0.2619066 0.2616818 0.2616818 0.2604668 0.2604668 0.2618904 0.2593378 0.1441133 0.0956342 0.0100254 0.2836329 0.1901784 0.2583849 0.1020560 0.1719629 0.1302302 0.1459899 0.0740228 0.1276960 0.2587055 0.1542072 0.1406330 0.2573100 0.2535087 0.1274446 0.1327530 0.3383950 0.1588097 0.2577453 0.3776701 0.1274446 0.1305823 0.4116984 0.1210890 0.1266028 0.3782092 0.3844636 0.3890940 0.1526796 0.1274824 
LC320038/MNG/cow/2015/O/ME-SA/Unknown           0.1613186 0.2620348 0.2556305 0.1513412 0.1512728 0.1496500 0.1502565 0.1534866 0.1578372 0.3023353 0.2987354 0.1572960 0.0565319 0.2743255 0.0557849 0.0973904 0.1534862 0.1648509 0.1735742 0.2548977 0.0907938 0.3269385 0.0897925 0.2770474 0.1576132 0.0181385 0.0212055 0.0700354 0.0190502 0.0919606 0.0989316 0.0047151 0.0000000 0.2985258 0.2628290 0.2616929 0.2614675 0.2614675 0.2602475 0.2602475 0.2616766 0.2591138 0.1461589 0.0965170 0.0105258 0.2835090 0.1977592 0.2576359 0.1044343 0.1754017 0.1347119 0.1508450 0.0760953 0.1287737 0.2584776 0.1591305 0.1403539 0.2628925 0.2532627 0.1294996 0.1338562 0.3475495 0.1583328 0.2608869 0.3807224 0.1294996 0.1326736 0.4162104 0.1230941 0.1286505 0.3790374 0.3875575 0.3960061 0.1568283 0.1295382 
KX534089/KOR/pig/2016/O/SEA/Unknown             0.2776253 0.0542369 0.0542054 0.2751032 0.2751865 0.2837225 0.2721838 0.2775931 0.2833133 0.0639478 0.0627177 0.2721690 0.2881782 0.3619826 0.2870512 0.3234337 0.2730861 0.2756512 0.2897766 0.0559878 0.3042816 0.4650682 0.2865966 0.0380383 0.2814145 0.2976740 0.3006645 0.2969361 0.2928901 0.3186936 0.3116924 0.2961389 0.2985258 0.0000000 0.0541472 0.0535586 0.0535349 0.0535349 0.0529332 0.0529332 0.0535563 0.0535349 0.2822818 0.3120606 0.2893605 0.0110576 0.3236288 0.3381255 0.3336595 0.2567516 0.2603423 0.2728382 0.3028324 0.2508991 0.0517151 0.2738387 0.2544330 0.3227798 0.0511420 0.2459834 0.2533309 0.4111765 0.2497188 0.3498752 0.4744752 0.2459834 0.2489074 0.5261539 0.2468039 0.2447679 0.4879634 0.4950301 0.4953248 0.2983963 0.2482628 
LC149704/JPN/cow/2010/O/SEA/Unknown             0.2741804 0.0166159 0.0145898 0.2575216 0.2548227 0.2557320 0.2517242 0.2548708 0.2458606 0.0730334 0.0731186 0.2540771 0.2691214 0.3315327 0.2680204 0.2857515 0.2521655 0.2529814 0.2771626 0.0171126 0.2640527 0.4272073 0.2585593 0.0432572 0.2573709 0.2699952 0.2666663 0.2539989 0.2590788 0.2789346 0.2720077 0.2630380 0.2628290 0.0541472 0.0000000 0.0014012 0.0014008 0.0014008 0.0009327 0.0009327 0.0014012 0.0014008 0.2502706 0.2673124 0.2565876 0.0439481 0.3010913 0.3144102 0.2944044 0.2272866 0.2294430 0.2429097 0.2672009 0.2274223 0.0130769 0.2545333 0.2310403 0.3143341 0.0100889 0.2199370 0.2319009 0.3967158 0.2151398 0.3180082 0.4572944 0.2199370 0.2242988 0.4834580 0.2217255 0.2187781 0.4612080 0.4640769 0.4483198 0.2643835 0.2200075 
LC149690/JPN/pig/2010/O/SEA/Unknown             0.2730833 0.0161115 0.0140897 0.2564434 0.2537536 0.2546458 0.2506494 0.2537971 0.2470336 0.0724065 0.0724911 0.2529891 0.2679717 0.3302673 0.2668707 0.2846179 0.2510967 0.2541469 0.2760328 0.0166075 0.2629611 0.4257871 0.2574712 0.0426944 0.2562777 0.2688446 0.2655213 0.2529137 0.2579592 0.2778071 0.2709015 0.2619066 0.2616929 0.0535586 0.0014012 0.0000000 0.0009330 0.0009330 0.0004659 0.0004659 0.0009332 0.0009330 0.2491974 0.2662133 0.2554627 0.0433823 0.2999545 0.3131544 0.2932577 0.2262731 0.2283996 0.2418388 0.2660912 0.2263855 0.0125803 0.2534534 0.2299967 0.3130981 0.0095991 0.2189185 0.2308594 0.3952485 0.2141312 0.3167609 0.4558845 0.2189185 0.2232718 0.4820095 0.2207017 0.2177610 0.4597917 0.4626495 0.4469291 0.2632450 0.2189888 
LC149677/JPN/cow/2010/O/SEA/Unknown             0.2728588 0.0161059 0.0140849 0.2562327 0.2535463 0.2544346 0.2504429 0.2535889 0.2468258 0.0723714 0.0724559 0.2527786 0.2677396 0.3299739 0.2666393 0.2843792 0.2508911 0.2539361 0.2757998 0.0166017 0.2627437 0.4254066 0.2572579 0.0426767 0.2560642 0.2686117 0.2652916 0.2527038 0.2577391 0.2775736 0.2706764 0.2616818 0.2614675 0.0535349 0.0014008 0.0009330 0.0000000 0.0000010 0.0004658 0.0004658 0.0009329 0.0009327 0.2489922 0.2659924 0.2552441 0.0433643 0.2997064 0.3128727 0.2930112 0.2260935 0.2282133 0.2416386 0.2658695 0.2262017 0.0125760 0.2532442 0.2298093 0.3128217 0.0095960 0.2187429 0.2306717 0.3948711 0.2139605 0.3164790 0.4554923 0.2187429 0.2230917 0.4815937 0.2205239 0.2175864 0.4593958 0.4622492 0.4465466 0.2630181 0.2188130 
LC149665/JPN/cow/2010/O/SEA/Unknown             0.2728588 0.0161059 0.0140849 0.2562327 0.2535463 0.2544346 0.2504429 0.2535889 0.2468258 0.0723714 0.0724559 0.2527786 0.2677396 0.3299739 0.2666393 0.2843792 0.2508911 0.2539361 0.2757998 0.0166017 0.2627437 0.4254066 0.2572579 0.0426767 0.2560642 0.2686117 0.2652916 0.2527038 0.2577391 0.2775736 0.2706764 0.2616818 0.2614675 0.0535349 0.0014008 0.0009330 0.0000010 0.0000000 0.0004658 0.0004658 0.0009329 0.0009327 0.2489922 0.2659924 0.2552441 0.0433643 0.2997064 0.3128727 0.2930112 0.2260935 0.2282133 0.2416386 0.2658695 0.2262017 0.0125760 0.2532442 0.2298093 0.3128217 0.0095960 0.2187429 0.2306717 0.3948711 0.2139605 0.3164790 0.4554923 0.2187429 0.2230917 0.4815937 0.2205239 0.2175864 0.4593958 0.4622492 0.4465466 0.2630181 0.2188130 
LC149659/JPN/cow/2010/O/SEA/Unknown             0.2716787 0.0155986 0.0135824 0.2550756 0.2523994 0.2532693 0.2492905 0.2524371 0.2456538 0.0717261 0.0718099 0.2516116 0.2665040 0.3286040 0.2654040 0.2831581 0.2497450 0.2527716 0.2745842 0.0160936 0.2615712 0.4238575 0.2560900 0.0421040 0.2548911 0.2673749 0.2640614 0.2515399 0.2565373 0.2763602 0.2694869 0.2604668 0.2602475 0.0529332 0.0009327 0.0004659 0.0004658 0.0004658 0.0000000 0.0000010 0.0004659 0.0004658 0.2478417 0.2648112 0.2540371 0.0427884 0.2984796 0.3115158 0.2917747 0.2250109 0.2270985 0.2404919 0.2646780 0.2250941 0.0120775 0.2520859 0.2286940 0.3114860 0.0091050 0.2176563 0.2295584 0.3932738 0.2128853 0.3151306 0.4539517 0.2176563 0.2219952 0.4800089 0.2194313 0.2165015 0.4578479 0.4606889 0.4450278 0.2617953 0.2177262 
LC149656/JPN/cow/2010/O/SEA/Unknown             0.2716787 0.0155986 0.0135824 0.2550756 0.2523994 0.2532693 0.2492905 0.2524371 0.2456538 0.0717261 0.0718099 0.2516116 0.2665040 0.3286040 0.2654040 0.2831581 0.2497450 0.2527716 0.2745842 0.0160936 0.2615712 0.4238575 0.2560900 0.0421040 0.2548911 0.2673749 0.2640614 0.2515399 0.2565373 0.2763602 0.2694869 0.2604668 0.2602475 0.0529332 0.0009327 0.0004659 0.0004658 0.0004658 0.0000010 0.0000000 0.0004659 0.0004658 0.2478417 0.2648112 0.2540371 0.0427884 0.2984796 0.3115158 0.2917747 0.2250109 0.2270985 0.2404919 0.2646780 0.2250941 0.0120775 0.2520859 0.2286940 0.3114860 0.0091050 0.2176563 0.2295584 0.3932738 0.2128853 0.3151306 0.4539517 0.2176563 0.2219952 0.4800089 0.2194313 0.2165015 0.4578479 0.4606889 0.4450278 0.2617953 0.2177262 
LC149643/JPN/pig/2010/O/SEA/Unknown             0.2730672 0.0161108 0.0140891 0.2564282 0.2537386 0.2546305 0.2506344 0.2537820 0.2470185 0.0724033 0.0724878 0.2502375 0.2679550 0.3302470 0.2668541 0.2846010 0.2510818 0.2541316 0.2760161 0.0166068 0.2629454 0.4219284 0.2574558 0.0426926 0.2562623 0.2688279 0.2655048 0.2528985 0.2579433 0.2777904 0.2708853 0.2618904 0.2616766 0.0535563 0.0014012 0.0009332 0.0009329 0.0009329 0.0004659 0.0004659 0.0000000 0.0009329 0.2491825 0.2661974 0.2554468 0.0433805 0.2999370 0.3131348 0.2932403 0.2237519 0.2283859 0.2418241 0.2660761 0.2263719 0.0125798 0.2534383 0.2299829 0.3130787 0.0095988 0.2189055 0.2308455 0.3913003 0.2141185 0.3135030 0.4558600 0.2189055 0.2232584 0.4819842 0.2206885 0.2177480 0.4597670 0.4626246 0.4469050 0.2632287 0.2189757 
LC149639/JPN/pig/2010/O/SEA/Unknown             0.2705835 0.0161059 0.0140849 0.2539997 0.2513325 0.2521854 0.2482181 0.2513657 0.2445628 0.0711019 0.0711850 0.2505261 0.2653566 0.3273395 0.2642567 0.2820262 0.2486786 0.2516884 0.2734563 0.0166017 0.2604816 0.4224360 0.2550042 0.0426767 0.2538002 0.2662266 0.2629187 0.2504570 0.2554204 0.2752345 0.2683826 0.2593378 0.2591138 0.0535349 0.0014008 0.0009330 0.0009327 0.0009327 0.0004658 0.0004658 0.0009329 0.0000000 0.2467708 0.2637141 0.2529146 0.0433643 0.2973442 0.3102615 0.2906295 0.2240000 0.2260579 0.2394236 0.2635713 0.2240602 0.0125760 0.2510083 0.2276532 0.3102503 0.0095960 0.2166407 0.2285196 0.3918057 0.2118796 0.3138847 0.4525399 0.2166407 0.2209710 0.4785580 0.2184104 0.2154874 0.4564296 0.4592595 0.4436356 0.2606593 0.2167104 
KY446903/PAK/water-buffalo/2005/O/ME-SA/Unknown 0.1734550 0.2454253 0.2449863 0.1493231 0.1515589 0.1521209 0.1490844 0.1458911 0.1503832 0.2898743 0.2858490 0.1676981 0.1616029 0.2243632 0.1599837 0.1661670 0.1641080 0.1642842 0.1764709 0.2448757 0.1518399 0.3094684 0.1491381 0.2741569 0.1714712 0.1512413 0.1428243 0.1420631 0.1401712 0.1625351 0.1578903 0.1441133 0.1461589 0.2822818 0.2502706 0.2491974 0.2489922 0.2489922 0.2478417 0.2478417 0.2491825 0.2467708 0.0000000 0.1576867 0.1344556 0.2742274 0.1591049 0.2200285 0.1771273 0.1448210 0.1331626 0.1513705 0.1440721 0.1416260 0.2456781 0.1609465 0.1444884 0.2146211 0.2387019 0.1243183 0.1468849 0.2937935 0.1220029 0.2334859 0.3902459 0.1243183 0.1307907 0.4225019 0.1273392 0.1234825 0.3915026 0.3987802 0.3917996 0.1526368 0.1243553 
KY657269/VNM/pig/2015/O/ME-SA/Ind-2001d         0.1610518 0.2720052 0.2663872 0.1383504 0.1400655 0.1407296 0.1389207 0.1391586 0.1450616 0.3124511 0.3139705 0.1380976 0.1143315 0.2733586 0.1150709 0.0452328 0.1525320 0.1546564 0.1626519 0.2628087 0.0185939 0.3413521 0.0783256 0.2948284 0.1559690 0.0980573 0.0914739 0.0477039 0.0895182 0.0405647 0.0274991 0.0956342 0.0965170 0.3120606 0.2673124 0.2662133 0.2659924 0.2659924 0.2648112 0.2648112 0.2661974 0.2637141 0.1576867 0.0000000 0.0863846 0.2948503 0.2097122 0.2827197 0.0567049 0.1882169 0.1264372 0.1432402 0.0702952 0.1294744 0.2661696 0.1531524 0.1345769 0.2892799 0.2648650 0.1268864 0.1344667 0.3399579 0.1686474 0.2624031 0.3974575 0.1268864 0.1299663 0.4275644 0.1296439 0.1260595 0.3935495 0.4075036 0.4000633 0.1537794 0.1284707 
KX712091/BGD/pig/2015/O/ME-SA/Unknown           0.1554522 0.2558244 0.2495146 0.1421279 0.1437057 0.1404437 0.1410630 0.1442277 0.1468057 0.2955628 0.2920378 0.1514619 0.0516834 0.2625502 0.0509637 0.0844030 0.1475457 0.1518566 0.1636722 0.2510871 0.0808577 0.3158265 0.0779932 0.2706001 0.1514900 0.0145755 0.0125464 0.0579074 0.0105182 0.0792384 0.0900776 0.0100254 0.0105258 0.2893605 0.2565876 0.2554627 0.2552441 0.2552441 0.2540371 0.2540371 0.2554468 0.2529146 0.1344556 0.0863846 0.0000000 0.2769971 0.1854063 0.2542541 0.0939205 0.1654311 0.1245148 0.1415300 0.0631354 0.1219847 0.2522735 0.1513910 0.1314733 0.2527392 0.2471764 0.1202316 0.1269611 0.3312014 0.1487561 0.2533078 0.3729630 0.1202316 0.1232822 0.4117498 0.1155086 0.1194061 0.3748151 0.3818193 0.3877128 0.1480723 0.1218162 
KX162590/KOR/pig/2014/O/SEA/Unknown             0.2698110 0.0439701 0.0428043 0.2658178 0.2637338 0.2697027 0.2606929 0.2660547 0.2754713 0.0580396 0.0568430 0.2655514 0.2794040 0.3503280 0.2782900 0.3089599 0.2611128 0.2642897 0.2791687 0.0445082 0.2919166 0.4480613 0.2743377 0.0285882 0.2760015 0.2850047 0.2903925 0.2825591 0.2825237 0.3043373 0.2990984 0.2836329 0.2835090 0.0110576 0.0439481 0.0433823 0.0433643 0.0433643 0.0427884 0.0427884 0.0433805 0.0433643 0.2742274 0.2948503 0.2769971 0.0000000 0.3160838 0.3224622 0.3203863 0.2528777 0.2499930 0.2627133 0.2865442 0.2429464 0.0404555 0.2640000 0.2438424 0.3152844 0.0399032 0.2360468 0.2475412 0.4082056 0.2460612 0.3378631 0.4658623 0.2360468 0.2384106 0.5079971 0.2368203 0.2348555 0.4745780 0.4814576 0.4688228 0.2896894 0.2382840 
KU726614/GRC/sheep/1994/O/ME-SA/Unknown         0.1886626 0.2949260 0.2932046 0.1698410 0.1788449 0.1756385 0.1725841 0.1750330 0.1876140 0.3257109 0.3280494 0.1938545 0.2107073 0.2783087 0.2065744 0.2046166 0.1865682 0.1899350 0.2067692 0.2930868 0.1996955 0.3494223 0.1809158 0.3066890 0.1953338 0.1995962 0.1971557 0.1801087 0.1943168 0.1998642 0.2066790 0.1901784 0.1977592 0.3236288 0.3010913 0.2999545 0.2997064 0.2997064 0.2984796 0.2984796 0.2999370 0.2973442 0.1591049 0.2097122 0.1854063 0.3160838 0.0000000 0.2657084 0.2133115 0.1711786 0.1555452 0.1787336 0.1797835 0.1695897 0.2923880 0.1783432 0.1703408 0.2591912 0.2905139 0.1568641 0.1753352 0.3346531 0.1555972 0.2523444 0.4164542 0.1568641 0.1659386 0.4541981 0.1580472 0.1559364 0.4247903 0.4229206 0.3922385 0.1994453 0.1586299 
KU821591/ZMB/cow/2010/O/EA-2/Unknown            0.3070108 0.3092821 0.3059986 0.2668200 0.2611337 0.2674092 0.2684407 0.2706095 0.2710219 0.3427130 0.3439890 0.2658556 0.2919851 0.0933624 0.2933273 0.2671645 0.2677449 0.2649671 0.2963042 0.3070733 0.2785487 0.3354607 0.2547852 0.3259139 0.2784975 0.2715215 0.2640499 0.2573710 0.2546200 0.2713396 0.2820760 0.2583849 0.2576359 0.3381255 0.3144102 0.3131544 0.3128727 0.3128727 0.3115158 0.3115158 0.3131348 0.3102615 0.2200285 0.2827197 0.2542541 0.3224622 0.2657084 0.0000000 0.2756833 0.2349655 0.2576691 0.2630064 0.2645785 0.2469866 0.3000719 0.2708023 0.2507971 0.0341864 0.2979451 0.2426051 0.2546480 0.3499720 0.2358271 0.2857352 0.4142300 0.2426051 0.2460281 0.4370712 0.2443007 0.2394994 0.4145704 0.4292201 0.4209388 0.2801953 0.2404120 
KU291242/MAR/cow/2015/O/ME-SA/Ind-2001d         0.1654650 0.2957854 0.2939118 0.1380939 0.1443620 0.1441847 0.1388839 0.1419780 0.1505336 0.3404807 0.3395938 0.1629140 0.1305525 0.2783879 0.1296516 0.0110690 0.1642824 0.1681908 0.1662944 0.2925480 0.0494622 0.3577404 0.0970352 0.3203699 0.1625469 0.1016677 0.0952140 0.0575496 0.0957184 0.0171236 0.0537869 0.1020560 0.1044343 0.3336595 0.2944044 0.2932577 0.2930112 0.2930112 0.2917747 0.2917747 0.2932403 0.2906295 0.1771273 0.0567049 0.0939205 0.3203863 0.2133115 0.2756833 0.0000000 0.1965908 0.1381481 0.1425980 0.0819989 0.1385225 0.2932423 0.1643306 0.1475716 0.2876527 0.2870334 0.1339812 0.1437119 0.3723081 0.1837285 0.2799385 0.4107032 0.1339812 0.1355828 0.4394823 0.1353100 0.1315421 0.4132210 0.4225354 0.4026259 0.1548444 0.1356145 
KP940473/EGY/cattle/2014/O/ME-SA/Unknown        0.2037004 0.2228644 0.2212532 0.1677366 0.1704330 0.1737574 0.1666133 0.1687548 0.1757582 0.2739749 0.2705366 0.1776039 0.1889323 0.2472079 0.1880446 0.1905625 0.1690509 0.1702612 0.1945646 0.2217523 0.1723842 0.3108630 0.1884913 0.2488321 0.1828609 0.1727225 0.1720408 0.1699834 0.1676111 0.1826189 0.1845788 0.1719629 0.1754017 0.2567516 0.2272866 0.2262731 0.2260935 0.2260935 0.2250109 0.2250109 0.2237519 0.2240000 0.1448210 0.1882169 0.1654311 0.2528777 0.1711786 0.2349655 0.1965908 0.0000000 0.1546019 0.1700401 0.1709614 0.1467482 0.2189177 0.1755754 0.1513148 0.2276722 0.2199292 0.1386255 0.1521769 0.3013664 0.0771880 0.2157273 0.3858267 0.1386255 0.1506092 0.3860635 0.1371089 0.1410394 0.3852504 0.3844464 0.3700530 0.1725640 0.1403186 
