64
MN366244/BGD/cattle/2018/Asia1/ASIA/Unknown      0.0000000 0.1367802 0.2752105 0.2749706 0.2735964 0.2817417 0.2760337 0.2772290 0.2772290 0.2725237 0.2775425 0.2775425 0.2722533 0.2796845 0.2796845 0.2735326 0.2749092 0.2760337 0.2746837 0.2747706 0.2747706 0.2736168 0.2750830 0.1217209 0.1283740 0.1096360 0.2839788 0.2759378 0.2558876 0.2567311 0.2636243 0.2602131 0.1501574 0.2561298 0.2365438 0.2550156 0.1522592 0.1762498 0.1553517 0.1721502 0.1575195 0.1437108 0.1541030 0.1472105 0.1428317 0.2120122 0.1689873 0.1129558 0.1056254 0.1192701 0.1299343 0.1410112 0.2743543 0.1418872 0.2409170 0.2411563 0.1792678 0.1792678 0.2339624 0.2505090 0.2402159 0.2569898 0.1347242 0.2569016 
JF749849/PAK/Unknown/2002/Asia1/ASIA/Unknown     0.1367802 0.0000000 0.3053868 0.3005327 0.2991116 0.2971670 0.3009624 0.3031981 0.3031981 0.3026097 0.2995226 0.2995226 0.3005396 0.3049265 0.3049265 0.2978736 0.2992824 0.3009624 0.2995814 0.3001878 0.3001878 0.2957218 0.3046411 0.0665819 0.1372373 0.1214407 0.3055952 0.2893711 0.2811540 0.2424283 0.2940890 0.2453636 0.0370477 0.2447775 0.2782310 0.2436842 0.1292917 0.1504895 0.1295973 0.1452945 0.1277118 0.1206910 0.1209795 0.0980485 0.1168067 0.2172357 0.1336456 0.0956989 0.0877297 0.0632829 0.0716669 0.1019562 0.2614271 0.0995727 0.2297082 0.2320428 0.1484455 0.1484455 0.2114868 0.2601068 0.2350342 0.2460720 0.0394874 0.2400554 
OM471680/PAK/buffalo/2012/Asia1/ASIA/Unknown     0.2752105 0.3053868 0.0000000 0.0296162 0.0290349 0.0216896 0.0177881 0.0145350 0.0145350 0.0009997 0.0284541 0.0284541 0.0060818 0.0243230 0.0243230 0.0167049 0.0172518 0.0177881 0.0183377 0.0076153 0.0076153 0.0210970 0.0060756 0.2685735 0.2896599 0.2607919 0.0402977 0.0646748 0.0386141 0.2924229 0.3447036 0.2945872 0.3005773 0.2907453 0.3152589 0.2942092 0.2954694 0.3172102 0.2968253 0.3088776 0.2883740 0.2878517 0.2897150 0.2784419 0.2778512 0.1749998 0.3015599 0.3005035 0.2961289 0.2655920 0.2807901 0.2606910 0.3062803 0.2616200 0.2682448 0.2675056 0.2449924 0.2449924 0.2660724 0.2888243 0.2704539 0.2920368 0.2699815 0.2896833 
OM471679/PAK/cattle/2012/Asia1/ASIA/Unknown      0.2749706 0.3005327 0.0296162 0.0000000 0.0004986 0.0249410 0.0171586 0.0193523 0.0193523 0.0284594 0.0020061 0.0020061 0.0261944 0.0259464 0.0259464 0.0171557 0.0177010 0.0171586 0.0177039 0.0289730 0.0289730 0.0226300 0.0273099 0.2685861 0.2811555 0.2634920 0.0336021 0.0627893 0.0377154 0.2793287 0.3291724 0.2814482 0.2912712 0.2786834 0.3124319 0.2821623 0.2901371 0.3123887 0.2962146 0.3061635 0.2872427 0.2867315 0.2862704 0.2753693 0.2739266 0.1651558 0.2982777 0.2955445 0.2949724 0.2678025 0.2771078 0.2551536 0.3150314 0.2560782 0.2692718 0.2685260 0.2362725 0.2362725 0.2529745 0.2883175 0.2690014 0.2789056 0.2605203 0.2770820 
OM471678/PAK/cattle/2012/Asia1/ASIA/Unknown      0.2735964 0.2991116 0.0290349 0.0004986 0.0000000 0.0243747 0.0166148 0.0188021 0.0188021 0.0278814 0.0025110 0.0025110 0.0256222 0.0253801 0.0253801 0.0166120 0.0171557 0.0166148 0.0171586 0.0283948 0.0283948 0.0220718 0.0267352 0.2672267 0.2825218 0.2621289 0.0341922 0.0621182 0.0371133 0.2807220 0.3306765 0.2828494 0.2898495 0.2800763 0.3109039 0.2835586 0.2886952 0.3108848 0.2947327 0.3046708 0.2858057 0.2853112 0.2848231 0.2739740 0.2725270 0.1641410 0.2968529 0.2969506 0.2935456 0.2664462 0.2757186 0.2538285 0.3134952 0.2547491 0.2678842 0.2671382 0.2350325 0.2350325 0.2516213 0.2869196 0.2676426 0.2803024 0.2591558 0.2784788 
OM471677/PAK/buffalo/2012/Asia1/ASIA/Unknown     0.2817417 0.2971670 0.0216896 0.0249410 0.0243747 0.0000000 0.0144801 0.0102344 0.0102344 0.0205744 0.0238094 0.0238094 0.0194875 0.0220135 0.0220135 0.0144777 0.0150162 0.0144801 0.0150187 0.0210859 0.0210859 0.0198907 0.0194657 0.2646485 0.2888379 0.2602152 0.0347836 0.0572474 0.0372345 0.2852157 0.3420183 0.2886583 0.2879162 0.2835361 0.3172727 0.2870025 0.2897454 0.3118758 0.2922843 0.3070605 0.2883522 0.2878281 0.2868247 0.2799858 0.2750049 0.1683646 0.3029504 0.2982473 0.2933760 0.2638761 0.2733963 0.2638892 0.3043024 0.2670741 0.2662233 0.2654794 0.2424083 0.2424083 0.2628350 0.2857704 0.2681651 0.2848092 0.2644950 0.2829994 
OM471676/PAK/cattle/2011/Asia1/ASIA/Unknown      0.2760337 0.3009624 0.0177881 0.0171586 0.0166148 0.0144801 0.0000000 0.0040321 0.0040321 0.0166959 0.0171440 0.0171440 0.0156267 0.0133555 0.0133555 0.0020041 0.0025086 0.0000010 0.0004988 0.0172048 0.0172048 0.0081299 0.0156098 0.2639488 0.2838736 0.2542738 0.0237906 0.0499653 0.0255606 0.2871581 0.3307879 0.2893055 0.2904852 0.2854760 0.3047835 0.2889481 0.2860660 0.3073670 0.2889846 0.3018483 0.2818739 0.2814266 0.2808697 0.2719636 0.2687788 0.1631256 0.2934305 0.2950993 0.2879416 0.2631797 0.2696072 0.2537062 0.3056039 0.2568240 0.2674768 0.2667344 0.2372304 0.2372304 0.2590362 0.2860338 0.2643830 0.2867564 0.2635094 0.2849472 
OM471675/PAK/cattle/2011/Asia1/ASIA/Unknown      0.2772290 0.3031981 0.0145350 0.0193523 0.0188021 0.0102344 0.0040321 0.0000000 0.0000010 0.0134600 0.0182534 0.0182534 0.0124041 0.0133332 0.0133332 0.0040314 0.0045417 0.0040321 0.0045424 0.0139676 0.0139676 0.0091809 0.0123909 0.2656864 0.2851414 0.2567781 0.0272011 0.0512998 0.0278579 0.2884416 0.3352795 0.2905868 0.2926915 0.2867655 0.3127225 0.2902255 0.2883571 0.3127629 0.2908612 0.3055427 0.2869730 0.2864670 0.2854434 0.2763716 0.2737185 0.1636543 0.2984506 0.2968346 0.2896831 0.2649158 0.2744168 0.2604907 0.3030513 0.2636487 0.2652545 0.2645139 0.2396901 0.2396901 0.2596416 0.2907629 0.2669281 0.2880448 0.2655513 0.2862427 
OM471674/PAK/cattle/2011/Asia1/ASIA/Unknown      0.2772290 0.3031981 0.0145350 0.0193523 0.0188021 0.0102344 0.0040321 0.0000010 0.0000000 0.0134600 0.0182534 0.0182534 0.0124041 0.0133332 0.0133332 0.0040314 0.0045417 0.0040321 0.0045424 0.0139676 0.0139676 0.0091809 0.0123909 0.2656864 0.2851414 0.2567781 0.0272011 0.0512998 0.0278579 0.2884416 0.3352795 0.2905868 0.2926915 0.2867655 0.3127225 0.2902255 0.2883571 0.3127629 0.2908612 0.3055427 0.2869730 0.2864670 0.2854434 0.2763716 0.2737185 0.1636543 0.2984506 0.2968346 0.2896831 0.2649158 0.2744168 0.2604907 0.3030513 0.2636487 0.2652545 0.2645139 0.2396901 0.2396901 0.2596416 0.2907629 0.2669281 0.2880448 0.2655513 0.2862427 
OM471673/PAK/cattle/2012/Asia1/ASIA/Unknown      0.2725237 0.3026097 0.0009997 0.0284594 0.0278814 0.0205744 0.0166959 0.0134600 0.0134600 0.0000000 0.0273041 0.0273041 0.0050546 0.0232016 0.0232016 0.0156180 0.0161618 0.0166959 0.0172424 0.0065823 0.0065823 0.0199869 0.0050495 0.2659577 0.2869410 0.2581398 0.0390824 0.0633233 0.0374037 0.2896374 0.3416368 0.2917865 0.2977638 0.2879624 0.3122537 0.2914205 0.2926409 0.3142693 0.2939535 0.3059575 0.2855678 0.2850778 0.2868821 0.2757293 0.2751071 0.1729516 0.2987783 0.2977190 0.2933634 0.2629865 0.2780710 0.2581096 0.3033234 0.2590307 0.2655547 0.2648152 0.2425646 0.2425646 0.2634064 0.2860983 0.2678203 0.2892442 0.2672971 0.2868921 
OM471672/PAK/cattle/2012/Asia1/ASIA/Unknown      0.2775425 0.2995226 0.0284541 0.0020061 0.0025110 0.0238094 0.0171440 0.0182534 0.0182534 0.0273041 0.0000000 0.0000010 0.0261916 0.0259436 0.0259436 0.0171411 0.0176858 0.0171440 0.0176888 0.0278171 0.0278171 0.0226098 0.0261612 0.2677357 0.2787890 0.2612320 0.0335692 0.0627741 0.0388823 0.2797221 0.3267070 0.2818354 0.2902959 0.2790777 0.3123934 0.2825458 0.2904991 0.3112721 0.2951785 0.3064809 0.2862723 0.2857733 0.2852968 0.2757692 0.2730302 0.1647961 0.2944686 0.2945438 0.2925003 0.2669569 0.2762072 0.2543721 0.3112529 0.2552910 0.2659449 0.2652001 0.2367456 0.2367456 0.2521843 0.2886746 0.2681498 0.2793003 0.2596961 0.2774838 
OM471671/PAK/cattle/2012/Asia1/ASIA/Unknown      0.2775425 0.2995226 0.0284541 0.0020061 0.0025110 0.0238094 0.0171440 0.0182534 0.0182534 0.0273041 0.0000010 0.0000000 0.0261916 0.0259436 0.0259436 0.0171411 0.0176858 0.0171440 0.0176888 0.0278171 0.0278171 0.0226098 0.0261612 0.2677357 0.2787890 0.2612320 0.0335692 0.0627741 0.0388823 0.2797221 0.3267070 0.2818354 0.2902959 0.2790777 0.3123934 0.2825458 0.2904991 0.3112721 0.2951785 0.3064809 0.2862723 0.2857733 0.2852968 0.2757692 0.2730302 0.1647961 0.2944686 0.2945438 0.2925003 0.2669569 0.2762072 0.2543721 0.3112529 0.2552910 0.2659449 0.2652001 0.2367456 0.2367456 0.2521843 0.2886746 0.2681498 0.2793003 0.2596961 0.2774838 
OM471670/PAK/buffalo/2012/Asia1/ASIA/Unknown     0.2722533 0.3005396 0.0060818 0.0261944 0.0256222 0.0194875 0.0156267 0.0124041 0.0124041 0.0050546 0.0261916 0.0261916 0.0000000 0.0209994 0.0209994 0.0156241 0.0161682 0.0156267 0.0161709 0.0065846 0.0065846 0.0199952 0.0030163 0.2631626 0.2862557 0.2544941 0.0379231 0.0633320 0.0374070 0.2846499 0.3431953 0.2867746 0.2979891 0.2829770 0.3118585 0.2864293 0.2917635 0.3135591 0.2938472 0.3062637 0.2846335 0.2841500 0.2859509 0.2742009 0.2741003 0.1693819 0.2995016 0.2942949 0.2927322 0.2601761 0.2752766 0.2557891 0.3040868 0.2567117 0.2659330 0.2651872 0.2423383 0.2423383 0.2623253 0.2875004 0.2672642 0.2842435 0.2672572 0.2824403 
OM471669/PAK/cattle/2012/Asia1/ASIA/Unknown      0.2796845 0.3049265 0.0243230 0.0259464 0.0253801 0.0220135 0.0133555 0.0133332 0.0133332 0.0232016 0.0259436 0.0259436 0.0209994 0.0000000 0.0000010 0.0133533 0.0138866 0.0133555 0.0138889 0.0237104 0.0237104 0.0187150 0.0220867 0.2668188 0.2877790 0.2633375 0.0340483 0.0543287 0.0312185 0.2914765 0.3452431 0.2936364 0.2954620 0.2897992 0.3196455 0.2932624 0.2929592 0.3121170 0.2926436 0.3060452 0.2859001 0.2882037 0.2877743 0.2735871 0.2754558 0.1697095 0.3035452 0.2944616 0.2998658 0.2660461 0.2771277 0.2582611 0.3119288 0.2614088 0.2733999 0.2749526 0.2380677 0.2380677 0.2679844 0.2811340 0.2727864 0.2910879 0.2705140 0.2892881 
OM471668/PAK/cattle/2012/Asia1/ASIA/Unknown      0.2796845 0.3049265 0.0243230 0.0259464 0.0253801 0.0220135 0.0133555 0.0133332 0.0133332 0.0232016 0.0259436 0.0259436 0.0209994 0.0000010 0.0000000 0.0133533 0.0138866 0.0133555 0.0138889 0.0237104 0.0237104 0.0187150 0.0220867 0.2668188 0.2877790 0.2633375 0.0340483 0.0543287 0.0312185 0.2914765 0.3452431 0.2936364 0.2954620 0.2897992 0.3196455 0.2932624 0.2929592 0.3121170 0.2926436 0.3060452 0.2859001 0.2882037 0.2877743 0.2735871 0.2754558 0.1697095 0.3035452 0.2944616 0.2998658 0.2660461 0.2771277 0.2582611 0.3119288 0.2614088 0.2733999 0.2749526 0.2380677 0.2380677 0.2679844 0.2811340 0.2727864 0.2910879 0.2705140 0.2892881 
OM471667/PAK/buffalo/2011/Asia1/ASIA/Unknown     0.2735326 0.2978736 0.0167049 0.0171557 0.0166120 0.0144777 0.0020041 0.0040314 0.0040314 0.0156180 0.0171411 0.0171411 0.0156241 0.0133533 0.0133533 0.0000000 0.0004987 0.0020041 0.0025086 0.0172020 0.0172020 0.0070981 0.0156072 0.2641610 0.2813562 0.2518254 0.0249143 0.0493753 0.0250136 0.2832567 0.3296255 0.2853830 0.2873857 0.2815777 0.3030370 0.2850421 0.2829310 0.3041171 0.2857765 0.2986136 0.2787534 0.2783414 0.2777266 0.2694496 0.2657320 0.1612234 0.2931274 0.2953486 0.2881830 0.2633908 0.2698277 0.2534015 0.3008639 0.2565193 0.2631623 0.2624194 0.2344982 0.2344982 0.2547970 0.2844365 0.2606925 0.2828450 0.2605127 0.2804828 
OM471666/PAK/buffalo/2011/Asia1/ASIA/Unknown     0.2749092 0.2992824 0.0172518 0.0177010 0.0171557 0.0150162 0.0025086 0.0045417 0.0045417 0.0161618 0.0176858 0.0176858 0.0161682 0.0138866 0.0138866 0.0004987 0.0000000 0.0025086 0.0030146 0.0177487 0.0177487 0.0076159 0.0161506 0.2655090 0.2827454 0.2531631 0.0254814 0.0500120 0.0255833 0.2846757 0.3311637 0.2868101 0.2887959 0.2829953 0.3045541 0.2864631 0.2843559 0.3056014 0.2872355 0.3000890 0.2801705 0.2797423 0.2791536 0.2708314 0.2671117 0.1622282 0.2945388 0.2967752 0.2895953 0.2647358 0.2712005 0.2547176 0.3023758 0.2578422 0.2645347 0.2637919 0.2357280 0.2357280 0.2561447 0.2858203 0.2620310 0.2842675 0.2618682 0.2819044 
OM471665/PAK/buffalo/2011/Asia1/ASIA/Unknown     0.2760337 0.3009624 0.0177881 0.0171586 0.0166148 0.0144801 0.0000010 0.0040321 0.0040321 0.0166959 0.0171440 0.0171440 0.0156267 0.0133555 0.0133555 0.0020041 0.0025086 0.0000000 0.0004988 0.0172048 0.0172048 0.0081299 0.0156098 0.2639488 0.2838736 0.2542738 0.0237906 0.0499653 0.0255606 0.2871581 0.3307879 0.2893055 0.2904852 0.2854760 0.3047835 0.2889481 0.2860660 0.3073670 0.2889846 0.3018483 0.2818739 0.2814266 0.2808697 0.2719636 0.2687788 0.1631256 0.2934305 0.2950993 0.2879416 0.2631797 0.2696072 0.2537062 0.3056039 0.2568240 0.2674768 0.2667344 0.2372304 0.2372304 0.2590362 0.2860338 0.2643830 0.2867564 0.2635094 0.2849472 
OM471664/PAK/buffalo/2011/Asia1/ASIA/Unknown     0.2746837 0.2995814 0.0183377 0.0177039 0.0171586 0.0150187 0.0004988 0.0045424 0.0045424 0.0172424 0.0176888 0.0176888 0.0161709 0.0138889 0.0138889 0.0025086 0.0030146 0.0004988 0.0000000 0.0177517 0.0177517 0.0076115 0.0161533 0.2626309 0.2825117 0.2529607 0.0232299 0.0506033 0.0261314 0.2857644 0.3292834 0.2879040 0.2891020 0.2840836 0.3032978 0.2875526 0.2846681 0.3059121 0.2875533 0.3004017 0.2804835 0.2800520 0.2794694 0.2706083 0.2674241 0.1621342 0.2920504 0.2937054 0.2865615 0.2618647 0.2682654 0.2524180 0.3041191 0.2555293 0.2661263 0.2653838 0.2360211 0.2360211 0.2577094 0.2846781 0.2657277 0.2853591 0.2621781 0.2835497 
OM471663/PAK/cattle/2012/Asia1/ASIA/Unknown      0.2747706 0.3001878 0.0076153 0.0289730 0.0283948 0.0210859 0.0172048 0.0139676 0.0139676 0.0065823 0.0278171 0.0278171 0.0065846 0.0237104 0.0237104 0.0172020 0.0177487 0.0172048 0.0177517 0.0000000 0.0000010 0.0215922 0.0065779 0.2678732 0.2890024 0.2577959 0.0383869 0.0651002 0.0379056 0.2930624 0.3440707 0.2952364 0.2976449 0.2913795 0.3194768 0.2948545 0.2938225 0.3155655 0.2959250 0.3083013 0.2867189 0.2862142 0.2856656 0.2762764 0.2762020 0.1723818 0.2991524 0.3022021 0.2954823 0.2648850 0.2801028 0.2556718 0.3070638 0.2565896 0.2688851 0.2681446 0.2464567 0.2464567 0.2621718 0.2927574 0.2693206 0.2926768 0.2670782 0.2908730 
OM471662/PAK/cattle/2012/Asia1/ASIA/Unknown      0.2747706 0.3001878 0.0076153 0.0289730 0.0283948 0.0210859 0.0172048 0.0139676 0.0139676 0.0065823 0.0278171 0.0278171 0.0065846 0.0237104 0.0237104 0.0172020 0.0177487 0.0172048 0.0177517 0.0000010 0.0000000 0.0215922 0.0065779 0.2678732 0.2890024 0.2577959 0.0383869 0.0651002 0.0379056 0.2930624 0.3440707 0.2952364 0.2976449 0.2913795 0.3194768 0.2948545 0.2938225 0.3155655 0.2959250 0.3083013 0.2867189 0.2862142 0.2856656 0.2762764 0.2762020 0.1723818 0.2991524 0.3022021 0.2954823 0.2648850 0.2801028 0.2556718 0.3070638 0.2565896 0.2688851 0.2681446 0.2464567 0.2464567 0.2621718 0.2927574 0.2693206 0.2926768 0.2670782 0.2908730 
OM471661/PAK/cattle/2012/Asia1/ASIA/Unknown      0.2736168 0.2957218 0.0210970 0.0226300 0.0220718 0.0198907 0.0081299 0.0091809 0.0091809 0.0199869 0.0226098 0.0226098 0.0199952 0.0187150 0.0187150 0.0070981 0.0076159 0.0081299 0.0076115 0.0215922 0.0215922 0.0000000 0.0199728 0.2674110 0.2768499 0.2564700 0.0271825 0.0551522 0.0307167 0.2837615 0.3361582 0.2858816 0.2904313 0.2820892 0.3053622 0.2855400 0.2829681 0.3040393 0.2834139 0.2975016 0.2816055 0.2784020 0.2777914 0.2720073 0.2658568 0.1626306 0.2940263 0.2991211 0.2873490 0.2666387 0.2736272 0.2593430 0.3046758 0.2624674 0.2668431 0.2661050 0.2388973 0.2388973 0.2576332 0.2843895 0.2668510 0.2833528 0.2630754 0.2810004 
OM471660/PAK/buffalo/2012/Asia1/ASIA/Unknown     0.2750830 0.3046411 0.0060756 0.0273099 0.0267352 0.0194657 0.0156098 0.0123909 0.0123909 0.0050495 0.0261612 0.0261612 0.0030163 0.0220867 0.0220867 0.0156072 0.0161506 0.0156098 0.0161533 0.0065779 0.0065779 0.0199728 0.0000000 0.2671851 0.2883142 0.2566632 0.0367030 0.0645951 0.0385719 0.2918779 0.3418798 0.2940459 0.2997996 0.2901957 0.3166870 0.2936691 0.2959854 0.3178422 0.2981239 0.3105543 0.2888555 0.2883255 0.2902070 0.2783262 0.2782774 0.1728369 0.3007947 0.2982472 0.2947902 0.2641957 0.2794033 0.2575908 0.3068680 0.2585156 0.2686218 0.2678795 0.2440786 0.2440786 0.2664368 0.2915941 0.2713031 0.2914892 0.2690940 0.2896847 
MF372126/IND/gayal/1994/Asia1/ASIA/Unknown       0.1217209 0.0665819 0.2685735 0.2685861 0.2672267 0.2646485 0.2639488 0.2656864 0.2656864 0.2659577 0.2677357 0.2677357 0.2631626 0.2668188 0.2668188 0.2641610 0.2655090 0.2639488 0.2626309 0.2678732 0.2678732 0.2674110 0.2671851 0.0000000 0.1194309 0.0958397 0.2691832 0.2713965 0.2517593 0.2447789 0.2804823 0.2488517 0.0776638 0.2478106 0.2575146 0.2488250 0.1263148 0.1411413 0.1220354 0.1413254 0.1196076 0.1180285 0.1178958 0.0895460 0.1117910 0.1959343 0.1188932 0.0695479 0.0590111 0.0086592 0.0333500 0.0873727 0.2558453 0.0851141 0.2228089 0.2226788 0.1452026 0.1452026 0.2192187 0.2581013 0.2279747 0.2454777 0.0686614 0.2448945 
MF372125/IND/gayal/2016/Asia1/ASIA/Unknown       0.1283740 0.1372373 0.2896599 0.2811555 0.2825218 0.2888379 0.2838736 0.2851414 0.2851414 0.2869410 0.2787890 0.2787890 0.2862557 0.2877790 0.2877790 0.2813562 0.2827454 0.2838736 0.2825117 0.2890024 0.2890024 0.2768499 0.2883142 0.1194309 0.0000000 0.0971137 0.2818352 0.2870015 0.2731934 0.2607517 0.2774706 0.2642184 0.1426360 0.2633012 0.2616792 0.2621871 0.1687546 0.1974353 0.1762396 0.1854723 0.1703285 0.1680453 0.1721845 0.1602129 0.1667406 0.2192380 0.1687321 0.1111901 0.1056809 0.1153983 0.1233067 0.1397282 0.2710655 0.1405830 0.2442726 0.2466509 0.1666026 0.1666026 0.2452172 0.2583013 0.2599682 0.2593689 0.1303653 0.2609371 
MF782478/BGD/cattle/2013/Asia1/ASIA/Unknown      0.1096360 0.1214407 0.2607919 0.2634920 0.2621289 0.2602152 0.2542738 0.2567781 0.2567781 0.2581398 0.2612320 0.2612320 0.2544941 0.2633375 0.2633375 0.2518254 0.2531631 0.2542738 0.2529607 0.2577959 0.2577959 0.2564700 0.2566632 0.0958397 0.0971137 0.0000000 0.2658437 0.2671451 0.2460072 0.2437931 0.2689713 0.2492145 0.1267156 0.2461470 0.2536127 0.2471701 0.1442291 0.1667988 0.1507893 0.1548751 0.1456802 0.1394764 0.1449986 0.1350706 0.1369239 0.2108168 0.1503281 0.0905854 0.0744533 0.0920361 0.1009205 0.1210968 0.2451762 0.1202105 0.2186788 0.2209513 0.1596013 0.1596013 0.2220387 0.2340946 0.2391008 0.2419226 0.1139029 0.2439057 
KM268898/TUR/cattle/2013/Asia1/ASIA/Unknown      0.2839788 0.3055952 0.0402977 0.0336021 0.0341922 0.0347836 0.0237906 0.0272011 0.0272011 0.0390824 0.0335692 0.0335692 0.0379231 0.0340483 0.0340483 0.0249143 0.0254814 0.0237906 0.0232299 0.0383869 0.0383869 0.0271825 0.0367030 0.2691832 0.2818352 0.2658437 0.0000000 0.0690336 0.0445308 0.2869117 0.3390000 0.2932654 0.2992937 0.2828533 0.3100615 0.2863549 0.2923685 0.3107462 0.2934964 0.3065156 0.2872490 0.2867373 0.2868391 0.2768490 0.2739209 0.1780652 0.3024396 0.3036345 0.2978734 0.2683963 0.2772826 0.2663730 0.3114869 0.2695725 0.2748044 0.2740572 0.2361021 0.2361021 0.2593687 0.2973858 0.2709714 0.2865057 0.2749095 0.2846788 
JN006720/PAK/Unknown/2009/Asia1/ASIA/Unknown     0.2759378 0.2893711 0.0646748 0.0627893 0.0621182 0.0572474 0.0499653 0.0512998 0.0512998 0.0633233 0.0627741 0.0627741 0.0633320 0.0543287 0.0543287 0.0493753 0.0500120 0.0499653 0.0506033 0.0651002 0.0651002 0.0551522 0.0645951 0.2713965 0.2870015 0.2671451 0.0690336 0.0000000 0.0289195 0.2832739 0.3177873 0.2866613 0.2926642 0.2823573 0.3227108 0.2857755 0.2949134 0.3221217 0.3009743 0.3130049 0.2978926 0.2944599 0.2923484 0.2748945 0.2817112 0.1739738 0.3060995 0.2956770 0.2883917 0.2669928 0.2720108 0.2695185 0.3102599 0.2678232 0.2711090 0.2703712 0.2396942 0.2396942 0.2582536 0.2970962 0.2652807 0.2800143 0.2628942 0.2820026 
JN006719/PAK/Unknown/2008/Asia1/ASIA/Unknown     0.2558876 0.2811540 0.0386141 0.0377154 0.0371133 0.0372345 0.0255606 0.0278579 0.0278579 0.0374037 0.0388823 0.0388823 0.0374070 0.0312185 0.0312185 0.0250136 0.0255833 0.0255606 0.0261314 0.0379056 0.0379056 0.0307167 0.0385719 0.2517593 0.2731934 0.2460072 0.0445308 0.0289195 0.0000000 0.2636245 0.3169564 0.2668879 0.2752747 0.2619856 0.3031283 0.2653594 0.2726003 0.2954477 0.2764723 0.2858419 0.2689763 0.2686785 0.2678942 0.2499351 0.2563499 0.1612580 0.2767616 0.2777211 0.2719584 0.2519022 0.2594084 0.2415129 0.3046706 0.2419991 0.2628454 0.2643849 0.2241647 0.2241647 0.2447803 0.2797143 0.2441687 0.2631710 0.2468427 0.2622941 
HQ631363/CHN/pig/2006/Asia1/ASIA/Unknown         0.2567311 0.2424283 0.2924229 0.2793287 0.2807220 0.2852157 0.2871581 0.2884416 0.2884416 0.2896374 0.2797221 0.2797221 0.2846499 0.2914765 0.2914765 0.2832567 0.2846757 0.2871581 0.2857644 0.2930624 0.2930624 0.2837615 0.2918779 0.2447789 0.2607517 0.2437931 0.2869117 0.2832739 0.2636245 0.0000000 0.2699296 0.0025063 0.2698689 0.0050373 0.2281596 0.0065674 0.2410546 0.2542757 0.2580755 0.2526149 0.2605692 0.2491278 0.2480771 0.2342145 0.2443864 0.2221629 0.2403221 0.2650615 0.2458279 0.2367552 0.2381916 0.2034621 0.1561448 0.2071905 0.1324354 0.1341502 0.1970994 0.1970994 0.1204143 0.2005089 0.1799258 0.0055487 0.2255402 0.0035156 
HQ632774/MYS/cattle/1999/Asia1/ASIA/Unknown      0.2636243 0.2940890 0.3447036 0.3291724 0.3306765 0.3420183 0.3307879 0.3352795 0.3352795 0.3416368 0.3267070 0.3267070 0.3431953 0.3452431 0.3452431 0.3296255 0.3311637 0.3307879 0.3292834 0.3440707 0.3440707 0.3361582 0.3418798 0.2804823 0.2774706 0.2689713 0.3390000 0.3177873 0.3169564 0.2699296 0.0000000 0.2747527 0.3251938 0.2763311 0.1256181 0.2751874 0.2954142 0.3289871 0.3046123 0.3199679 0.3010673 0.2997204 0.2981973 0.2887835 0.2939711 0.2496546 0.2809155 0.2859465 0.2747631 0.2764132 0.2766932 0.2542258 0.3001682 0.2603393 0.2632206 0.2634809 0.2527963 0.2527963 0.2716247 0.2389663 0.2684409 0.2677785 0.2792833 0.2686728 
FJ906802/CHN/pig/2006/Asia1/ASIA/Unknown         0.2602131 0.2453636 0.2945872 0.2814482 0.2828494 0.2886583 0.2893055 0.2905868 0.2905868 0.2917865 0.2818354 0.2818354 0.2867746 0.2936364 0.2936364 0.2853830 0.2868101 0.2893055 0.2879040 0.2952364 0.2952364 0.2858816 0.2940459 0.2488517 0.2642184 0.2492145 0.2932654 0.2866613 0.2668879 0.0025063 0.2747527 0.0000000 0.2730173 0.0076156 0.2313197 0.0091652 0.2440053 0.2584888 0.2611748 0.2556769 0.2636902 0.2521184 0.2510947 0.2370770 0.2473420 0.2249386 0.2431812 0.2659832 0.2487526 0.2407658 0.2422415 0.2060645 0.1592989 0.2098265 0.1352645 0.1369944 0.1996067 0.1996067 0.1239500 0.2033393 0.1832666 0.0081346 0.2283603 0.0060742 
HQ113233/AFG/cow/2009/Asia1/ASIA/Unknown         0.1501574 0.0370477 0.3005773 0.2912712 0.2898495 0.2879162 0.2904852 0.2926915 0.2926915 0.2977638 0.2902959 0.2902959 0.2979891 0.2954620 0.2954620 0.2873857 0.2887959 0.2904852 0.2891020 0.2976449 0.2976449 0.2904313 0.2997996 0.0776638 0.1426360 0.1267156 0.2992937 0.2926642 0.2752747 0.2698689 0.3251938 0.2730173 0.0000000 0.2732569 0.2858065 0.2721213 0.1479241 0.1705935 0.1483137 0.1640339 0.1445293 0.1395023 0.1400731 0.1147291 0.1354032 0.2212809 0.1383212 0.1060882 0.1000182 0.0742392 0.0827409 0.1110929 0.2649865 0.1086246 0.2367904 0.2391624 0.1627157 0.1627157 0.2249064 0.2766227 0.2283001 0.2689426 0.0341716 0.2653062 
GQ452295/VNM/cattle/2007/Asia1/ASIA/Unknown      0.2561298 0.2447775 0.2907453 0.2786834 0.2800763 0.2835361 0.2854760 0.2867655 0.2867655 0.2879624 0.2790777 0.2790777 0.2829770 0.2897992 0.2897992 0.2815777 0.2829953 0.2854760 0.2840836 0.2913795 0.2913795 0.2820892 0.2901957 0.2478106 0.2633012 0.2461470 0.2828533 0.2823573 0.2619856 0.0050373 0.2763311 0.0076156 0.2732569 0.0000000 0.2333092 0.0014983 0.2455443 0.2589121 0.2628432 0.2573094 0.2653775 0.2537022 0.2526899 0.2368346 0.2488933 0.2256602 0.2453520 0.2683342 0.2479460 0.2396991 0.2404793 0.2079851 0.1573127 0.2117781 0.1349770 0.1367119 0.2007896 0.2007896 0.1250462 0.2042497 0.1857745 0.0096882 0.2304791 0.0076150 
GU125646/VNM/buffalo/2005/Asia1/ASIA/Unknown     0.2365438 0.2782310 0.3152589 0.3124319 0.3109039 0.3172727 0.3047835 0.3127225 0.3127225 0.3122537 0.3123934 0.3123934 0.3118585 0.3196455 0.3196455 0.3030370 0.3045541 0.3047835 0.3032978 0.3194768 0.3194768 0.3053622 0.3166870 0.2575146 0.2616792 0.2536127 0.3100615 0.3227108 0.3031283 0.2281596 0.1256181 0.2313197 0.2858065 0.2333092 0.0000000 0.2322439 0.2749712 0.3071263 0.2799068 0.2903228 0.2724030 0.2655430 0.2714297 0.2623326 0.2691664 0.2527851 0.2577743 0.2804297 0.2632520 0.2500378 0.2584676 0.2321395 0.2698710 0.2376244 0.2412728 0.2436603 0.2461428 0.2461428 0.2302945 0.2399105 0.2480416 0.2287835 0.2524673 0.2264948 
GU125645/VNM/cattle/2007/Asia1/ASIA/Unknown      0.2550156 0.2436842 0.2942092 0.2821623 0.2835586 0.2870025 0.2889481 0.2902255 0.2902255 0.2914205 0.2825458 0.2825458 0.2864293 0.2932624 0.2932624 0.2850421 0.2864631 0.2889481 0.2875526 0.2948545 0.2948545 0.2855400 0.2936691 0.2488250 0.2621871 0.2471701 0.2863549 0.2857755 0.2653594 0.0065674 0.2751874 0.0091652 0.2721213 0.0014983 0.2322439 0.0000000 0.2444420 0.2578011 0.2617085 0.2583668 0.2642382 0.2525958 0.2515720 0.2357654 0.2477937 0.2266502 0.2442834 0.2672245 0.2468617 0.2407058 0.2414947 0.2069679 0.1581724 0.2107525 0.1357705 0.1375081 0.2017229 0.2017229 0.1242492 0.2051887 0.1848341 0.0112506 0.2294060 0.0091646 
DQ989323/IND/cattle/2002/Asia1/ASIA/Unknown      0.1522592 0.1292917 0.2954694 0.2901371 0.2886952 0.2897454 0.2860660 0.2883571 0.2883571 0.2926409 0.2904991 0.2904991 0.2917635 0.2929592 0.2929592 0.2829310 0.2843559 0.2860660 0.2846681 0.2938225 0.2938225 0.2829681 0.2959854 0.1263148 0.1687546 0.1442291 0.2923685 0.2949134 0.2726003 0.2410546 0.2954142 0.2440053 0.1479241 0.2455443 0.2749712 0.2444420 0.0000000 0.0411366 0.0232577 0.0252023 0.0260901 0.0200680 0.0254158 0.0996867 0.0178610 0.2259796 0.1480100 0.1496331 0.1286930 0.1204136 0.1284285 0.1115989 0.2453004 0.1054985 0.2230540 0.2232746 0.1619281 0.1619281 0.2149566 0.2538890 0.2305493 0.2371514 0.1282204 0.2386617 
DQ989322/IND/cattle/2002/Asia1/ASIA/Unknown      0.1762498 0.1504895 0.3172102 0.3123887 0.3108848 0.3118758 0.3073670 0.3127629 0.3127629 0.3142693 0.3112721 0.3112721 0.3135591 0.3121170 0.3121170 0.3041171 0.3056014 0.3073670 0.3059121 0.3155655 0.3155655 0.3040393 0.3178422 0.1411413 0.1974353 0.1667988 0.3107462 0.3221217 0.2954477 0.2542757 0.3289871 0.2584888 0.1705935 0.2589121 0.3071263 0.2578011 0.0411366 0.0000000 0.0396534 0.0510526 0.0421256 0.0359383 0.0419246 0.1236113 0.0346906 0.2499943 0.1733985 0.1689410 0.1532068 0.1348133 0.1444009 0.1349464 0.2675803 0.1339967 0.2384399 0.2386749 0.1820198 0.1820198 0.2117969 0.2754757 0.2448015 0.2503581 0.1470332 0.2519024 
DQ989321/IND/cattle/2001/Asia1/ASIA/Unknown      0.1553517 0.1295973 0.2968253 0.2962146 0.2947327 0.2922843 0.2889846 0.2908612 0.2908612 0.2939535 0.2951785 0.2951785 0.2938472 0.2926436 0.2926436 0.2857765 0.2872355 0.2889846 0.2875533 0.2959250 0.2959250 0.2834139 0.2981239 0.1220354 0.1762396 0.1507893 0.2934964 0.3009743 0.2764723 0.2580755 0.3046123 0.2611748 0.1483137 0.2628432 0.2799068 0.2617085 0.0232577 0.0396534 0.0000000 0.0334344 0.0221337 0.0174582 0.0192255 0.0954298 0.0152607 0.2247593 0.1491307 0.1489721 0.1307378 0.1177254 0.1279190 0.1125908 0.2696608 0.1130807 0.2405252 0.2407661 0.1661007 0.1661007 0.2197320 0.2633257 0.2391837 0.2540804 0.1291147 0.2556635 
DQ989320/IND/cattle/2002/Asia1/ASIA/Unknown      0.1721502 0.1452945 0.3088776 0.3061635 0.3046708 0.3070605 0.3018483 0.3055427 0.3055427 0.3059575 0.3064809 0.3064809 0.3062637 0.3060452 0.3060452 0.2986136 0.3000890 0.3018483 0.3004017 0.3083013 0.3083013 0.2975016 0.3105543 0.1413254 0.1854723 0.1548751 0.3065156 0.3130049 0.2858419 0.2526149 0.3199679 0.2556769 0.1640339 0.2573094 0.2903228 0.2583668 0.0252023 0.0510526 0.0334344 0.0000000 0.0333436 0.0275372 0.0337971 0.1072556 0.0275693 0.2372946 0.1648229 0.1653132 0.1413257 0.1334668 0.1408640 0.1260239 0.2595964 0.1177646 0.2341245 0.2365370 0.1784964 0.1784964 0.2232815 0.2593394 0.2438383 0.2486354 0.1422958 0.2502004 
DQ989319/IND/cattle/2001/Asia1/ASIA/Unknown      0.1575195 0.1277118 0.2883740 0.2872427 0.2858057 0.2883522 0.2818739 0.2869730 0.2869730 0.2855678 0.2862723 0.2862723 0.2846335 0.2859001 0.2859001 0.2787534 0.2801705 0.2818739 0.2804835 0.2867189 0.2867189 0.2816055 0.2888555 0.1196076 0.1703285 0.1456802 0.2872490 0.2978926 0.2689763 0.2605692 0.3010673 0.2636902 0.1445293 0.2653775 0.2724030 0.2642382 0.0260901 0.0421256 0.0221337 0.0333436 0.0000000 0.0190833 0.0255688 0.0973453 0.0179791 0.2264941 0.1432039 0.1435118 0.1339137 0.1130854 0.1251170 0.1064645 0.2713843 0.1069169 0.2346764 0.2349101 0.1663903 0.1663903 0.2185759 0.2503186 0.2348311 0.2565612 0.1266353 0.2553470 
DQ989318/IND/cattle/2002/Asia1/ASIA/Unknown      0.1437108 0.1206910 0.2878517 0.2867315 0.2853112 0.2878281 0.2814266 0.2864670 0.2864670 0.2850778 0.2857733 0.2857733 0.2841500 0.2882037 0.2882037 0.2783414 0.2797423 0.2814266 0.2800520 0.2862142 0.2862142 0.2784020 0.2883255 0.1180285 0.1680453 0.1394764 0.2867373 0.2944599 0.2686785 0.2491278 0.2997204 0.2521184 0.1395023 0.2537022 0.2655430 0.2525958 0.0200680 0.0359383 0.0174582 0.0275372 0.0190833 0.0000000 0.0195730 0.0939752 0.0123410 0.2232813 0.1386855 0.1400435 0.1239749 0.1123409 0.1205680 0.1063288 0.2701561 0.1058679 0.2329843 0.2332140 0.1579121 0.1579121 0.2132743 0.2540963 0.2344897 0.2452196 0.1210923 0.2467492 
DQ989317/IND/buffalo/2000/Asia1/ASIA/Unknown     0.1541030 0.1209795 0.2897150 0.2862704 0.2848231 0.2868247 0.2808697 0.2854434 0.2854434 0.2868821 0.2852968 0.2852968 0.2859509 0.2877743 0.2877743 0.2777266 0.2791536 0.2808697 0.2794694 0.2856656 0.2856656 0.2777914 0.2902070 0.1178958 0.1721845 0.1449986 0.2868391 0.2923484 0.2678942 0.2480771 0.2981973 0.2510947 0.1400731 0.2526899 0.2714297 0.2515720 0.0254158 0.0419246 0.0192255 0.0337971 0.0255688 0.0195730 0.0000000 0.0892371 0.0162793 0.2192663 0.1422678 0.1424847 0.1262724 0.1121460 0.1209512 0.1076868 0.2743638 0.1072236 0.2361446 0.2363818 0.1657415 0.1657415 0.2120341 0.2547617 0.2313464 0.2462702 0.1198234 0.2456710 
DQ989315/IND/cattle/1993/Asia1/ASIA/Unknown      0.1472105 0.0980485 0.2784419 0.2753693 0.2739740 0.2799858 0.2719636 0.2763716 0.2763716 0.2757293 0.2757692 0.2757692 0.2742009 0.2735871 0.2735871 0.2694496 0.2708314 0.2719636 0.2706083 0.2762764 0.2762764 0.2720073 0.2783262 0.0895460 0.1602129 0.1350706 0.2768490 0.2748945 0.2499351 0.2342145 0.2887835 0.2370770 0.1147291 0.2368346 0.2623326 0.2357654 0.0996867 0.1236113 0.0954298 0.1072556 0.0973453 0.0939752 0.0892371 0.0000000 0.0881450 0.2065790 0.1213558 0.1223371 0.1065250 0.0881124 0.0918084 0.0855517 0.2554634 0.0832620 0.2222011 0.2245090 0.1457855 0.1457855 0.1996523 0.2610031 0.2212095 0.2348850 0.0949788 0.2342868 
DQ989314/IND/cattle/2001/Asia1/ASIA/Unknown      0.1428317 0.1168067 0.2778512 0.2739266 0.2725270 0.2750049 0.2687788 0.2737185 0.2737185 0.2751071 0.2730302 0.2730302 0.2741003 0.2754558 0.2754558 0.2657320 0.2671117 0.2687788 0.2674241 0.2762020 0.2762020 0.2658568 0.2782774 0.1117910 0.1667406 0.1369239 0.2739209 0.2817112 0.2563499 0.2443864 0.2939711 0.2473420 0.1354032 0.2488933 0.2691664 0.2477937 0.0178610 0.0346906 0.0152607 0.0275693 0.0179791 0.0123410 0.0162793 0.0881450 0.0000000 0.2103480 0.1384735 0.1340993 0.1213614 0.1062058 0.1177882 0.1032734 0.2599247 0.1028062 0.2236817 0.2239017 0.1569116 0.1569116 0.2033538 0.2514029 0.2231325 0.2426041 0.1172137 0.2420085 
DQ989313/IND/buffalo/1986/Asia1/ASIA/Unknown     0.2120122 0.2172357 0.1749998 0.1651558 0.1641410 0.1683646 0.1631256 0.1636543 0.1636543 0.1729516 0.1647961 0.1647961 0.1693819 0.1697095 0.1697095 0.1612234 0.1622282 0.1631256 0.1621342 0.1723818 0.1723818 0.1626306 0.1728369 0.1959343 0.2192380 0.2108168 0.1780652 0.1739738 0.1612580 0.2221629 0.2496546 0.2249386 0.2212809 0.2256602 0.2527851 0.2266502 0.2259796 0.2499943 0.2247593 0.2372946 0.2264941 0.2232813 0.2192663 0.2065790 0.2103480 0.0000000 0.2126077 0.2033060 0.2026508 0.1980316 0.2041728 0.1788306 0.2339780 0.1813287 0.2017986 0.2019889 0.1709133 0.1709133 0.1937885 0.2142729 0.1944875 0.2188400 0.1959246 0.2208284 
DQ989312/IND/sheep/1990/Asia1/ASIA/Unknown       0.1689873 0.1336456 0.3015599 0.2982777 0.2968529 0.3029504 0.2934305 0.2984506 0.2984506 0.2987783 0.2944686 0.2944686 0.2995016 0.3035452 0.3035452 0.2931274 0.2945388 0.2934305 0.2920504 0.2991524 0.2991524 0.2940263 0.3007947 0.1188932 0.1687321 0.1503281 0.3024396 0.3060995 0.2767616 0.2403221 0.2809155 0.2431812 0.1383212 0.2453520 0.2577743 0.2442834 0.1480100 0.1733985 0.1491307 0.1648229 0.1432039 0.1386855 0.1422678 0.1213558 0.1384735 0.2126077 0.0000000 0.1326801 0.1213782 0.1178912 0.1130187 0.0548961 0.2750055 0.0587900 0.2331384 0.2354445 0.1555915 0.1555915 0.2161017 0.2584833 0.2323129 0.2389465 0.1256819 0.2359466 
DQ989311/IND/buffalo/2002/Asia1/ASIA/Unknown     0.1129558 0.0956989 0.3005035 0.2955445 0.2969506 0.2982473 0.2950993 0.2968346 0.2968346 0.2977190 0.2945438 0.2945438 0.2942949 0.2944616 0.2944616 0.2953486 0.2967752 0.2950993 0.2937054 0.3022021 0.3022021 0.2991211 0.2982472 0.0695479 0.1111901 0.0905854 0.3036345 0.2956770 0.2777211 0.2650615 0.2859465 0.2659832 0.1060882 0.2683342 0.2804297 0.2672245 0.1496331 0.1689410 0.1489721 0.1653132 0.1435118 0.1400435 0.1424847 0.1223371 0.1340993 0.2033060 0.1326801 0.0000000 0.0430085 0.0682739 0.0777594 0.1086412 0.2833490 0.1061901 0.2483179 0.2507076 0.1586033 0.1586033 0.2378745 0.2676607 0.2398126 0.2632008 0.0940815 0.2674026 
DQ989310/IND/cattle/1999/Asia1/ASIA/Unknown      0.1056254 0.0877297 0.2961289 0.2949724 0.2935456 0.2933760 0.2879416 0.2896831 0.2896831 0.2933634 0.2925003 0.2925003 0.2927322 0.2998658 0.2998658 0.2881830 0.2895953 0.2879416 0.2865615 0.2954823 0.2954823 0.2873490 0.2947902 0.0590111 0.1056809 0.0744533 0.2978734 0.2883917 0.2719584 0.2458279 0.2747631 0.2487526 0.1000182 0.2479460 0.2632520 0.2468617 0.1286930 0.1532068 0.1307378 0.1413257 0.1339137 0.1239749 0.1262724 0.1065250 0.1213614 0.2026508 0.1213782 0.0430085 0.0000000 0.0570214 0.0625892 0.1031148 0.2629026 0.1007114 0.2294005 0.2317047 0.1483359 0.1483359 0.2308109 0.2604353 0.2472166 0.2439702 0.0875204 0.2459482 
DQ989309/IND/cattle/1996/Asia1/ASIA/Unknown      0.1192701 0.0632829 0.2655920 0.2678025 0.2664462 0.2638761 0.2631797 0.2649158 0.2649158 0.2629865 0.2669569 0.2669569 0.2601761 0.2660461 0.2660461 0.2633908 0.2647358 0.2631797 0.2618647 0.2648850 0.2648850 0.2666387 0.2641957 0.0086592 0.1153983 0.0920361 0.2683963 0.2669928 0.2519022 0.2367552 0.2764132 0.2407658 0.0742392 0.2396991 0.2500378 0.2407058 0.1204136 0.1348133 0.1177254 0.1334668 0.1130854 0.1123409 0.1121460 0.0881124 0.1062058 0.1980316 0.1178912 0.0682739 0.0570214 0.0000000 0.0304005 0.0852530 0.2467200 0.0830112 0.2165726 0.2164472 0.1433003 0.1433003 0.2102628 0.2559677 0.2271325 0.2374288 0.0666517 0.2368374 
DQ989308/IND/cattle/1994/Asia1/ASIA/Unknown      0.1299343 0.0716669 0.2807901 0.2771078 0.2757186 0.2733963 0.2696072 0.2744168 0.2744168 0.2780710 0.2762072 0.2762072 0.2752766 0.2771277 0.2771277 0.2698277 0.2712005 0.2696072 0.2682654 0.2801028 0.2801028 0.2736272 0.2794033 0.0333500 0.1233067 0.1009205 0.2772826 0.2720108 0.2594084 0.2381916 0.2766932 0.2422415 0.0827409 0.2404793 0.2584676 0.2414947 0.1284285 0.1444009 0.1279190 0.1408640 0.1251170 0.1205680 0.1209512 0.0918084 0.1177882 0.2041728 0.1130187 0.0777594 0.0625892 0.0304005 0.0000000 0.0821015 0.2419379 0.0798559 0.2158372 0.2181083 0.1460886 0.1460886 0.2149634 0.2418318 0.2331370 0.2384051 0.0730125 0.2382805 
DQ989307/IND/cattle/1992/Asia1/ASIA/Unknown      0.1410112 0.1019562 0.2606910 0.2551536 0.2538285 0.2638892 0.2537062 0.2604907 0.2604907 0.2581096 0.2543721 0.2543721 0.2557891 0.2582611 0.2582611 0.2534015 0.2547176 0.2537062 0.2524180 0.2556718 0.2556718 0.2593430 0.2575908 0.0873727 0.1397282 0.1210968 0.2663730 0.2695185 0.2415129 0.2034621 0.2542258 0.2060645 0.1110929 0.2079851 0.2321395 0.2069679 0.1115989 0.1349464 0.1125908 0.1260239 0.1064645 0.1063288 0.1076868 0.0855517 0.1032734 0.1788306 0.0548961 0.1086412 0.1031148 0.0852530 0.0821015 0.0000000 0.2302637 0.0076552 0.1951909 0.1973255 0.1093169 0.1093169 0.1793960 0.2228527 0.1989320 0.2036057 0.0908564 0.2031093 
DQ989306/IND/cattle/1986/Asia1/ASIA/Unknown      0.2743543 0.2614271 0.3062803 0.3150314 0.3134952 0.3043024 0.3056039 0.3030513 0.3030513 0.3033234 0.3112529 0.3112529 0.3040868 0.3119288 0.3119288 0.3008639 0.3023758 0.3056039 0.3041191 0.3070638 0.3070638 0.3046758 0.3068680 0.2558453 0.2710655 0.2451762 0.3114869 0.3102599 0.3046706 0.1561448 0.3001682 0.1592989 0.2649865 0.1573127 0.2698710 0.1581724 0.2453004 0.2675803 0.2696608 0.2595964 0.2713843 0.2701561 0.2743638 0.2554634 0.2599247 0.2339780 0.2750055 0.2833490 0.2629026 0.2467200 0.2419379 0.2302637 0.0000000 0.2277829 0.0205041 0.0216412 0.2279501 0.2279501 0.1227562 0.2345904 0.1769819 0.1551643 0.2331080 0.1546004 
DQ989305/IND/cattle/1990/Asia1/ASIA/Unknown      0.1418872 0.0995727 0.2616200 0.2560782 0.2547491 0.2670741 0.2568240 0.2636487 0.2636487 0.2590307 0.2552910 0.2552910 0.2567117 0.2614088 0.2614088 0.2565193 0.2578422 0.2568240 0.2555293 0.2565896 0.2565896 0.2624674 0.2585156 0.0851141 0.1405830 0.1202105 0.2695725 0.2678232 0.2419991 0.2071905 0.2603393 0.2098265 0.1086246 0.2117781 0.2376244 0.2107525 0.1054985 0.1339967 0.1130807 0.1177646 0.1069169 0.1058679 0.1072236 0.0832620 0.1028062 0.1813287 0.0587900 0.1061901 0.1007114 0.0830112 0.0798559 0.0076552 0.2277829 0.0000000 0.2044164 0.2066035 0.1099450 0.1099450 0.1842946 0.2265944 0.2019619 0.2073411 0.0885402 0.2068446 
DQ989304/IND/cattle/2000/Asia1/ASIA/Unknown      0.2409170 0.2297082 0.2682448 0.2692718 0.2678842 0.2662233 0.2674768 0.2652545 0.2652545 0.2655547 0.2659449 0.2659449 0.2659330 0.2733999 0.2733999 0.2631623 0.2645347 0.2674768 0.2661263 0.2688851 0.2688851 0.2668431 0.2686218 0.2228089 0.2442726 0.2186788 0.2748044 0.2711090 0.2628454 0.1324354 0.2632206 0.1352645 0.2367904 0.1349770 0.2412728 0.1357705 0.2230540 0.2384399 0.2405252 0.2341245 0.2346764 0.2329843 0.2361446 0.2222011 0.2236817 0.2017986 0.2331384 0.2483179 0.2294005 0.2165726 0.2158372 0.1951909 0.0205041 0.2044164 0.0000000 0.0020061 0.1957477 0.1957477 0.0979136 0.2028683 0.1513598 0.1320438 0.2008922 0.1309842 
DQ989303/IND/cattle/1993/Asia1/ASIA/Unknown      0.2411563 0.2320428 0.2675056 0.2685260 0.2671382 0.2654794 0.2667344 0.2645139 0.2645139 0.2648152 0.2652001 0.2652001 0.2651872 0.2749526 0.2749526 0.2624194 0.2637919 0.2667344 0.2653838 0.2681446 0.2681446 0.2661050 0.2678795 0.2226788 0.2466509 0.2209513 0.2740572 0.2703712 0.2643849 0.1341502 0.2634809 0.1369944 0.2391624 0.1367119 0.2436603 0.1375081 0.2232746 0.2386749 0.2407661 0.2365370 0.2349101 0.2332140 0.2363818 0.2245090 0.2239017 0.2019889 0.2354445 0.2507076 0.2317047 0.2164472 0.2181083 0.1973255 0.0216412 0.2066035 0.0020061 0.0000000 0.1978794 0.1978794 0.0994521 0.2050235 0.1514892 0.1337622 0.2031091 0.1326960 
AY593800/LBN/Unknown/1983/Asia1/ASIA/Unknown     0.1792678 0.1484455 0.2449924 0.2362725 0.2350325 0.2424083 0.2372304 0.2396901 0.2396901 0.2425646 0.2367456 0.2367456 0.2423383 0.2380677 0.2380677 0.2344982 0.2357280 0.2372304 0.2360211 0.2464567 0.2464567 0.2388973 0.2440786 0.1452026 0.1666026 0.1596013 0.2361021 0.2396942 0.2241647 0.1970994 0.2527963 0.1996067 0.1627157 0.2007896 0.2461428 0.2017229 0.1619281 0.1820198 0.1661007 0.1784964 0.1663903 0.1579121 0.1657415 0.1457855 0.1569116 0.1709133 0.1555915 0.1586033 0.1483359 0.1433003 0.1460886 0.1093169 0.2279501 0.1099450 0.1957477 0.1978794 0.0000000 0.0000010 0.1960051 0.2385387 0.1893378 0.1957291 0.1314584 0.1948386 
