63
MN366244/BGD/cattle/2018/Asia1/ASIA/Unknown      0.0000000 0.1738164 0.1552784 0.1443072 0.1443072 0.1387557 0.1353586 0.1353586 0.1552784 0.1412167 0.1412167 0.1450761 0.1524151 0.1524151 0.1387729 0.1387729 0.1384782 0.1356774 0.1356774 0.1626743 0.1536796 0.1210976 0.1431916 0.2020676 0.1641539 0.1679915 0.1099508 0.1816891 0.2352049 0.1816891 0.1698128 0.1755937 0.2173557 0.1755937 0.1008232 0.0980868 0.1004136 0.0989555 0.1061007 0.1219018 0.1062098 0.1336788 0.1032139 0.2059645 0.1882914 0.1614352 0.1431916 0.1210976 0.1150626 0.2197419 0.2318481 0.2295545 0.2365743 0.2997867 0.1788908 0.1819938 0.1819938 0.2009474 0.1533795 0.1621463 0.1911714 0.1398637 0.1941405 
JF749849/PAK/Unknown/2002/Asia1/ASIA/Unknown     0.1738164 0.0000000 0.1021281 0.0967074 0.0967074 0.1023076 0.0943440 0.0943440 0.1021281 0.0941578 0.0941578 0.1025159 0.0947697 0.0947697 0.0971045 0.0971045 0.0969372 0.0914356 0.0914356 0.1111256 0.1055984 0.1722606 0.2011507 0.2644261 0.1222181 0.2295473 0.0793565 0.2318847 0.2242362 0.2318847 0.0276507 0.2181325 0.2360096 0.2181325 0.1553719 0.1518458 0.1545862 0.1606290 0.1690396 0.1868493 0.1596488 0.2015240 0.1582124 0.1560538 0.1688865 0.2145877 0.2011507 0.1722606 0.1610681 0.1767443 0.2281649 0.1911868 0.2277560 0.2672639 0.1841900 0.1810137 0.1810137 0.2318994 0.1792496 0.1993819 0.2354413 0.0444938 0.2375564 
OM471680/PAK/buffalo/2012/Asia1/ASIA/Unknown     0.1552784 0.1021281 0.0000000 0.0254310 0.0254310 0.0255008 0.0160517 0.0160517 0.0000010 0.0273469 0.0273469 0.0105908 0.0255320 0.0255320 0.0179196 0.0179196 0.0179003 0.0105883 0.0105883 0.0313563 0.0088126 0.1647307 0.1868074 0.2794507 0.0442317 0.2235097 0.0340200 0.1973848 0.2649631 0.1973848 0.1047346 0.1975380 0.2608167 0.1975380 0.1840766 0.1802221 0.1830912 0.1848935 0.1917789 0.2103362 0.1836474 0.2159372 0.1870596 0.1930649 0.2369178 0.2465236 0.1868074 0.1647307 0.1572051 0.2123281 0.2683359 0.2348137 0.2613818 0.3246178 0.2028105 0.2061078 0.2061078 0.2253478 0.1968106 0.2320056 0.2073233 0.1014763 0.2094320 
OM471679/PAK/cattle/2012/Asia1/ASIA/Unknown      0.1443072 0.0967074 0.0254310 0.0000000 0.0000010 0.0216706 0.0123793 0.0123793 0.0254310 0.0017300 0.0017300 0.0216998 0.0216965 0.0216965 0.0142142 0.0142142 0.0141993 0.0141946 0.0141946 0.0236039 0.0236440 0.1471393 0.1814697 0.2728547 0.0442773 0.2203656 0.0220997 0.1850476 0.2617215 0.1850476 0.0941219 0.1851916 0.2382345 0.1851916 0.1721829 0.1684459 0.1712765 0.1779041 0.1865155 0.1974904 0.1793824 0.2115458 0.1751225 0.1722597 0.2288578 0.2401895 0.1814697 0.1471393 0.1466698 0.1939784 0.2615912 0.2151093 0.2629757 0.3262304 0.1881894 0.1914059 0.1914059 0.1985448 0.1722585 0.2264898 0.1947503 0.0910209 0.1968667 
OM471678/PAK/cattle/2012/Asia1/ASIA/Unknown      0.1443072 0.0967074 0.0254310 0.0000010 0.0000000 0.0216706 0.0123793 0.0123793 0.0254310 0.0017300 0.0017300 0.0216998 0.0216965 0.0216965 0.0142142 0.0142142 0.0141993 0.0141946 0.0141946 0.0236039 0.0236440 0.1471393 0.1814697 0.2728547 0.0442773 0.2203656 0.0220997 0.1850476 0.2617215 0.1850476 0.0941219 0.1851916 0.2382345 0.1851916 0.1721829 0.1684459 0.1712765 0.1779041 0.1865155 0.1974904 0.1793824 0.2115458 0.1751225 0.1722597 0.2288578 0.2401895 0.1814697 0.1471393 0.1466698 0.1939784 0.2615912 0.2151093 0.2629757 0.3262304 0.1881894 0.1914059 0.1914059 0.1985448 0.1722585 0.2264898 0.1947503 0.0910209 0.1968667 
OM471677/PAK/buffalo/2012/Asia1/ASIA/Unknown     0.1387557 0.1023076 0.0255008 0.0216706 0.0216706 0.0000000 0.0088032 0.0088032 0.0255008 0.0235626 0.0235626 0.0217584 0.0180014 0.0180014 0.0106135 0.0106135 0.0106026 0.0179566 0.0179566 0.0236683 0.0237086 0.1608682 0.1788826 0.2799178 0.0402617 0.2240530 0.0261089 0.1924248 0.2617930 0.1924248 0.1049203 0.1925742 0.2458258 0.1925742 0.1798517 0.1760341 0.1788922 0.1806348 0.1944209 0.2058067 0.1871872 0.2185859 0.1828231 0.1731096 0.2227583 0.2508944 0.1788826 0.1608682 0.1603069 0.1915776 0.2621069 0.2126523 0.2644898 0.3280435 0.1891279 0.1923622 0.1923622 0.2053167 0.1856061 0.2276532 0.2022599 0.1016532 0.2043699 
OM471676/PAK/cattle/2011/Asia1/ASIA/Unknown      0.1353586 0.0943440 0.0160517 0.0123793 0.0123793 0.0088032 0.0000000 0.0000010 0.0160517 0.0141993 0.0141993 0.0124268 0.0088129 0.0088129 0.0017326 0.0017326 0.0017309 0.0087922 0.0087922 0.0142587 0.0142818 0.1444920 0.1715875 0.2615562 0.0300108 0.2162358 0.0164214 0.1823347 0.2498103 0.1823347 0.0969001 0.1824772 0.2426955 0.1824772 0.1693153 0.1655930 0.1684246 0.1700180 0.1836174 0.1944878 0.1764932 0.2076354 0.1722549 0.1695364 0.2185669 0.2291255 0.1715875 0.1444920 0.1440372 0.1878245 0.2499784 0.2086045 0.2514993 0.3136410 0.1789931 0.1821760 0.1821760 0.2024495 0.1758052 0.2167247 0.1920245 0.0937525 0.1941510 
OM471675/PAK/cattle/2011/Asia1/ASIA/Unknown      0.1353586 0.0943440 0.0160517 0.0123793 0.0123793 0.0088032 0.0000010 0.0000000 0.0160517 0.0141993 0.0141993 0.0124268 0.0088129 0.0088129 0.0017326 0.0017326 0.0017309 0.0087922 0.0087922 0.0142587 0.0142818 0.1444920 0.1715875 0.2615562 0.0300108 0.2162358 0.0164214 0.1823347 0.2498103 0.1823347 0.0969001 0.1824772 0.2426955 0.1824772 0.1693153 0.1655930 0.1684246 0.1700180 0.1836174 0.1944878 0.1764932 0.2076354 0.1722549 0.1695364 0.2185669 0.2291255 0.1715875 0.1444920 0.1440372 0.1878245 0.2499784 0.2086045 0.2514993 0.3136410 0.1789931 0.1821760 0.1821760 0.2024495 0.1758052 0.2167247 0.1920245 0.0937525 0.1941510 
OM471673/PAK/cattle/2012/Asia1/ASIA/Unknown      0.1552784 0.1021281 0.0000010 0.0254310 0.0254310 0.0255008 0.0160517 0.0160517 0.0000000 0.0273469 0.0273469 0.0105908 0.0255320 0.0255320 0.0179196 0.0179196 0.0179003 0.0105883 0.0105883 0.0313563 0.0088126 0.1647307 0.1868074 0.2794507 0.0442317 0.2235097 0.0340200 0.1973848 0.2649631 0.1973848 0.1047346 0.1975380 0.2608167 0.1975380 0.1840766 0.1802221 0.1830912 0.1848935 0.1917789 0.2103362 0.1836474 0.2159372 0.1870596 0.1930649 0.2369178 0.2465236 0.1868074 0.1647307 0.1572051 0.2123281 0.2683359 0.2348137 0.2613818 0.3246178 0.2028105 0.2061078 0.2061078 0.2253478 0.1968106 0.2320056 0.2073233 0.1014763 0.2094320 
OM471672/PAK/cattle/2012/Asia1/ASIA/Unknown      0.1412167 0.0941578 0.0273469 0.0017300 0.0017300 0.0235626 0.0141993 0.0141993 0.0273469 0.0000000 0.0000010 0.0235947 0.0235910 0.0235910 0.0160493 0.0160493 0.0160323 0.0160270 0.0160270 0.0255136 0.0255573 0.1441536 0.1780297 0.2688676 0.0463748 0.2167605 0.0240317 0.1882924 0.2655853 0.1882924 0.0915896 0.1820304 0.2345434 0.1820304 0.1688794 0.1651696 0.1679935 0.1745304 0.1831374 0.1939606 0.1760341 0.2081181 0.1718109 0.1691216 0.2325763 0.2441982 0.1780297 0.1441536 0.1437019 0.1907052 0.2574973 0.2116206 0.2589294 0.3217689 0.1849866 0.1881894 0.1881894 0.2019357 0.1692123 0.2230664 0.1980370 0.0909856 0.2001472 
OM471671/PAK/cattle/2012/Asia1/ASIA/Unknown      0.1412167 0.0941578 0.0273469 0.0017300 0.0017300 0.0235626 0.0141993 0.0141993 0.0273469 0.0000010 0.0000000 0.0235947 0.0235910 0.0235910 0.0160493 0.0160493 0.0160323 0.0160270 0.0160270 0.0255136 0.0255573 0.1441536 0.1780297 0.2688676 0.0463748 0.2167605 0.0240317 0.1882924 0.2655853 0.1882924 0.0915896 0.1820304 0.2345434 0.1820304 0.1688794 0.1651696 0.1679935 0.1745304 0.1831374 0.1939606 0.1760341 0.2081181 0.1718109 0.1691216 0.2325763 0.2441982 0.1780297 0.1441536 0.1437019 0.1907052 0.2574973 0.2116206 0.2589294 0.3217689 0.1849866 0.1881894 0.1881894 0.2019357 0.1692123 0.2230664 0.1980370 0.0909856 0.2001472 
OM471670/PAK/buffalo/2012/Asia1/ASIA/Unknown     0.1450761 0.1025159 0.0105908 0.0216998 0.0216998 0.0217584 0.0124268 0.0124268 0.0105908 0.0235947 0.0235947 0.0000000 0.0217844 0.0217844 0.0142693 0.0142693 0.0142543 0.0106125 0.0106125 0.0275425 0.0052505 0.1522615 0.1759397 0.2585219 0.0360240 0.2121055 0.0301004 0.1796055 0.2542365 0.1796055 0.1051356 0.1797464 0.2576393 0.1797464 0.1743968 0.1706137 0.1734697 0.1751400 0.1819952 0.2000359 0.1739940 0.2116555 0.1773631 0.1873810 0.2166456 0.2324404 0.1759397 0.1522615 0.1450169 0.1911462 0.2548304 0.2121494 0.2562964 0.3082810 0.1921509 0.1954016 0.1954016 0.2077007 0.1865125 0.2210611 0.1892769 0.1018584 0.1914125 
OM471669/PAK/cattle/2012/Asia1/ASIA/Unknown      0.1524151 0.0947697 0.0255320 0.0216965 0.0216965 0.0180014 0.0088129 0.0088129 0.0255320 0.0235910 0.0235910 0.0217844 0.0000000 0.0000010 0.0106253 0.0106253 0.0106144 0.0179776 0.0179776 0.0236970 0.0237374 0.1516638 0.1759072 0.2622303 0.0403164 0.2198595 0.0261416 0.1977946 0.2460381 0.1977946 0.0973345 0.1979484 0.2477282 0.1979484 0.1735007 0.1697253 0.1725785 0.1742369 0.1879627 0.1990795 0.1731005 0.2121247 0.1764640 0.1774272 0.2221856 0.2330238 0.1759072 0.1516638 0.1476834 0.2038470 0.2458461 0.2258858 0.2474136 0.3091205 0.1686388 0.1717591 0.1717591 0.2068046 0.1932749 0.2132709 0.2077613 0.0996902 0.2098739 
OM471668/PAK/cattle/2012/Asia1/ASIA/Unknown      0.1524151 0.0947697 0.0255320 0.0216965 0.0216965 0.0180014 0.0088129 0.0088129 0.0255320 0.0235910 0.0235910 0.0217844 0.0000010 0.0000000 0.0106253 0.0106253 0.0106144 0.0179776 0.0179776 0.0236970 0.0237374 0.1516638 0.1759072 0.2622303 0.0403164 0.2198595 0.0261416 0.1977946 0.2460381 0.1977946 0.0973345 0.1979484 0.2477282 0.1979484 0.1735007 0.1697253 0.1725785 0.1742369 0.1879627 0.1990795 0.1731005 0.2121247 0.1764640 0.1774272 0.2221856 0.2330238 0.1759072 0.1516638 0.1476834 0.2038470 0.2458461 0.2258858 0.2474136 0.3091205 0.1686388 0.1717591 0.1717591 0.2068046 0.1932749 0.2132709 0.2077613 0.0996902 0.2098739 
OM471667/PAK/buffalo/2011/Asia1/ASIA/Unknown     0.1387729 0.0971045 0.0179196 0.0142142 0.0142142 0.0106135 0.0017326 0.0017326 0.0179196 0.0160493 0.0160493 0.0142693 0.0106253 0.0106253 0.0000000 0.0000010 0.0034778 0.0106001 0.0106001 0.0161174 0.0161438 0.1478532 0.1754896 0.2663042 0.0320444 0.2204563 0.0183353 0.1787422 0.2542367 0.1787422 0.0996840 0.1788820 0.2471249 0.1788820 0.1731005 0.1693368 0.1721829 0.1738320 0.1875219 0.1985947 0.1803464 0.2116302 0.1760564 0.1731304 0.2199776 0.2306773 0.1754896 0.1478532 0.1473772 0.1916008 0.2548311 0.2126787 0.2562981 0.3190188 0.1826499 0.1858562 0.1858562 0.2063334 0.1793383 0.2207245 0.1883654 0.0964912 0.1904949 
OM471666/PAK/buffalo/2011/Asia1/ASIA/Unknown     0.1387729 0.0971045 0.0179196 0.0142142 0.0142142 0.0106135 0.0017326 0.0017326 0.0179196 0.0160493 0.0160493 0.0142693 0.0106253 0.0106253 0.0000010 0.0000000 0.0034778 0.0106001 0.0106001 0.0161174 0.0161438 0.1478532 0.1754896 0.2663042 0.0320444 0.2204563 0.0183353 0.1787422 0.2542367 0.1787422 0.0996840 0.1788820 0.2471249 0.1788820 0.1731005 0.1693368 0.1721829 0.1738320 0.1875219 0.1985947 0.1803464 0.2116302 0.1760564 0.1731304 0.2199776 0.2306773 0.1754896 0.1478532 0.1473772 0.1916008 0.2548311 0.2126787 0.2562981 0.3190188 0.1826499 0.1858562 0.1858562 0.2063334 0.1793383 0.2207245 0.1883654 0.0964912 0.1904949 
OM471664/PAK/buffalo/2011/Asia1/ASIA/Unknown     0.1384782 0.0969372 0.0179003 0.0141993 0.0141993 0.0106026 0.0017309 0.0017309 0.0179003 0.0160323 0.0160323 0.0142543 0.0106144 0.0106144 0.0034778 0.0034778 0.0000000 0.0105892 0.0105892 0.0161002 0.0161266 0.1475455 0.1750741 0.2656359 0.0320060 0.2199222 0.0183152 0.1855748 0.2536269 0.1855748 0.0995106 0.1857194 0.2465238 0.1857194 0.1727013 0.1689502 0.1717893 0.1734292 0.1870832 0.1981123 0.1799269 0.2111389 0.1756498 0.1727523 0.2222485 0.2330934 0.1750741 0.1475455 0.1470724 0.1911693 0.2541615 0.2121756 0.2556346 0.3182152 0.1822478 0.1854457 0.1854457 0.2058643 0.1789555 0.2133290 0.1953070 0.0963263 0.1974272 
OM471663/PAK/cattle/2012/Asia1/ASIA/Unknown      0.1356774 0.0914356 0.0105883 0.0141946 0.0141946 0.0179566 0.0087922 0.0087922 0.0105883 0.0160270 0.0160270 0.0106125 0.0179776 0.0179776 0.0106001 0.0106001 0.0105892 0.0000000 0.0000010 0.0236361 0.0088305 0.1454382 0.1718983 0.2617540 0.0402009 0.2161446 0.0221301 0.1834574 0.2497373 0.1834574 0.0939621 0.1836011 0.2441661 0.1836011 0.1629821 0.1593189 0.1621325 0.1685113 0.1771124 0.1876717 0.1700601 0.2020078 0.1659008 0.1726835 0.2138099 0.2293730 0.1718983 0.1454382 0.1383813 0.1910934 0.2420075 0.2120897 0.2436150 0.3048234 0.1821760 0.1853728 0.1853728 0.2036845 0.1768795 0.2169630 0.1931870 0.0908692 0.1953165 
OM471662/PAK/cattle/2012/Asia1/ASIA/Unknown      0.1356774 0.0914356 0.0105883 0.0141946 0.0141946 0.0179566 0.0087922 0.0087922 0.0105883 0.0160270 0.0160270 0.0106125 0.0179776 0.0179776 0.0106001 0.0106001 0.0105892 0.0000010 0.0000000 0.0236361 0.0088305 0.1454382 0.1718983 0.2617540 0.0402009 0.2161446 0.0221301 0.1834574 0.2497373 0.1834574 0.0939621 0.1836011 0.2441661 0.1836011 0.1629821 0.1593189 0.1621325 0.1685113 0.1771124 0.1876717 0.1700601 0.2020078 0.1659008 0.1726835 0.2138099 0.2293730 0.1718983 0.1454382 0.1383813 0.1910934 0.2420075 0.2120897 0.2436150 0.3048234 0.1821760 0.1853728 0.1853728 0.2036845 0.1768795 0.2169630 0.1931870 0.0908692 0.1953165 
OM471661/PAK/cattle/2012/Asia1/ASIA/Unknown      0.1626743 0.1111256 0.0313563 0.0236039 0.0236039 0.0236683 0.0142587 0.0142587 0.0313563 0.0255136 0.0255136 0.0275425 0.0236970 0.0236970 0.0161174 0.0161174 0.0161002 0.0236361 0.0236361 0.0000000 0.0295533 0.1516572 0.1943547 0.2809324 0.0424284 0.2183337 0.0321200 0.1867070 0.2691503 0.1867070 0.1138193 0.1868535 0.2620012 0.1868535 0.1844096 0.1805213 0.1765763 0.1852359 0.1992134 0.2035765 0.1918724 0.2165622 0.1874181 0.1811068 0.2481472 0.2270245 0.1943547 0.1516572 0.1511541 0.2068992 0.2712277 0.2292299 0.2725215 0.3432159 0.1878718 0.1911427 0.1911427 0.2121236 0.1898773 0.2339354 0.1965289 0.1103927 0.1921388 
OM471660/PAK/buffalo/2012/Asia1/ASIA/Unknown     0.1536796 0.1055984 0.0088126 0.0236440 0.0236440 0.0237086 0.0142818 0.0142818 0.0088126 0.0255573 0.0255573 0.0052505 0.0237374 0.0237374 0.0161438 0.0161438 0.0161266 0.0088305 0.0088305 0.0295533 0.0000000 0.1632826 0.1845371 0.2697060 0.0423890 0.2215338 0.0321780 0.1887962 0.2647260 0.1887962 0.1082524 0.1889452 0.2683664 0.1889452 0.1827655 0.1788684 0.1817746 0.1835833 0.1905604 0.2093240 0.1823340 0.2150495 0.1857871 0.1919232 0.2276245 0.2446433 0.1845371 0.1632826 0.1556977 0.2035142 0.2681280 0.2256526 0.2694598 0.3235483 0.2017891 0.2051268 0.2051268 0.2165170 0.1957462 0.2302042 0.1987232 0.1049123 0.2008697 
MF372126/IND/gayal/1994/Asia1/ASIA/Unknown       0.1210976 0.1722606 0.1647307 0.1471393 0.1471393 0.1608682 0.1444920 0.1444920 0.1647307 0.1441536 0.1441536 0.1522615 0.1516638 0.1516638 0.1478532 0.1478532 0.1475455 0.1454382 0.1454382 0.1516572 0.1632826 0.0000000 0.1272148 0.1852089 0.1655456 0.1659913 0.1252365 0.1535270 0.2116376 0.1535270 0.1809496 0.1536447 0.2123660 0.1536447 0.0929381 0.0902761 0.0826960 0.0964856 0.1036193 0.1048787 0.0981914 0.0767147 0.0902761 0.2309632 0.2361189 0.1601814 0.1272148 0.0000010 0.0052354 0.2175998 0.2181038 0.2342313 0.2146121 0.2751318 0.1558315 0.1528542 0.1528542 0.1673331 0.1415693 0.1689087 0.1565080 0.1473470 0.1593039 
MF372125/IND/gayal/2016/Asia1/ASIA/Unknown       0.1431916 0.2011507 0.1868074 0.1814697 0.1814697 0.1788826 0.1715875 0.1715875 0.1868074 0.1780297 0.1780297 0.1759397 0.1759072 0.1759072 0.1754896 0.1754896 0.1750741 0.1718983 0.1718983 0.1943547 0.1845371 0.1272148 0.0000000 0.1161934 0.1988102 0.1163323 0.1456380 0.2054660 0.2383430 0.2054660 0.2180619 0.2056282 0.2494366 0.2056282 0.1441244 0.1408908 0.1434493 0.1488509 0.1500587 0.1727235 0.1504018 0.1644919 0.1467706 0.2457332 0.2466713 0.1276278 0.0000010 0.1272148 0.1178319 0.2319978 0.2160508 0.2504854 0.2337818 0.2742586 0.2227967 0.2192502 0.2192502 0.1923674 0.1905600 0.1801744 0.2089100 0.1685335 0.2189661 
MF782478/BGD/cattle/2013/Asia1/ASIA/Unknown      0.2020676 0.2644261 0.2794507 0.2728547 0.2728547 0.2799178 0.2615562 0.2615562 0.2794507 0.2688676 0.2688676 0.2585219 0.2622303 0.2622303 0.2663042 0.2663042 0.2656359 0.2617540 0.2617540 0.2809324 0.2697060 0.1852089 0.1161934 0.0000000 0.2853564 0.2019121 0.2346556 0.2440146 0.2821625 0.2440146 0.2683506 0.2442017 0.3097120 0.2442017 0.1647951 0.1614236 0.1640060 0.1637345 0.1667331 0.1882677 0.1712925 0.2139065 0.1674720 0.2823511 0.3151748 0.1857101 0.1161934 0.1852089 0.1738723 0.2882063 0.2627896 0.3021234 0.2898203 0.2928405 0.2358584 0.2394926 0.2394926 0.2384693 0.2240363 0.2137272 0.2476458 0.2094864 0.2468044 
KM268898/TUR/cattle/2013/Asia1/ASIA/Unknown      0.1641539 0.1222181 0.0442317 0.0442773 0.0442773 0.0402617 0.0300108 0.0300108 0.0442317 0.0463748 0.0463748 0.0360240 0.0403164 0.0403164 0.0320444 0.0320444 0.0320060 0.0402009 0.0402009 0.0424284 0.0423890 0.1655456 0.1988102 0.2853564 0.0000000 0.2462766 0.0473381 0.1934691 0.2796363 0.1934691 0.1194266 0.1936230 0.2730004 0.1936230 0.2106283 0.2064624 0.2094540 0.2116992 0.2262450 0.2394836 0.2101142 0.2329774 0.2137474 0.2049118 0.2429931 0.2675563 0.1988102 0.1655456 0.1649446 0.2121074 0.2374401 0.2403404 0.2439192 0.3226220 0.1922108 0.1955339 0.1955339 0.2254131 0.1950161 0.2433845 0.2035731 0.1154622 0.2057351 
JN006720/PAK/Unknown/2009/Asia1/ASIA/Unknown     0.1679915 0.2295473 0.2235097 0.2203656 0.2203656 0.2240530 0.2162358 0.2162358 0.2235097 0.2167605 0.2167605 0.2121055 0.2198595 0.2198595 0.2204563 0.2204563 0.2199222 0.2161446 0.2161446 0.2183337 0.2215338 0.1659913 0.1163323 0.2019121 0.2462766 0.0000000 0.1979629 0.2548928 0.2568070 0.2548928 0.2319961 0.2550834 0.2818507 0.2550834 0.1857512 0.1821523 0.1784966 0.1792823 0.1994204 0.2112245 0.1926471 0.2149396 0.1852774 0.2142219 0.2511823 0.1980617 0.1163323 0.1659913 0.1551600 0.2487250 0.2805981 0.2678853 0.2875648 0.3315360 0.2554878 0.2518619 0.2518619 0.2323864 0.1979339 0.2111991 0.2585139 0.1812477 0.2690267 
JN006719/PAK/Unknown/2008/Asia1/ASIA/Unknown     0.1099508 0.0793565 0.0340200 0.0220997 0.0220997 0.0261089 0.0164214 0.0164214 0.0340200 0.0240317 0.0240317 0.0301004 0.0261416 0.0261416 0.0183353 0.0183353 0.0183152 0.0221301 0.0221301 0.0321200 0.0321780 0.1252365 0.1456380 0.2346556 0.0473381 0.1979629 0.0000000 0.1650192 0.2214887 0.1650192 0.0868882 0.1651468 0.2171694 0.1651468 0.1464616 0.1430867 0.1457470 0.1514186 0.1596063 0.1689728 0.1530137 0.1767231 0.1492151 0.1517664 0.1848838 0.2006838 0.1456380 0.1252365 0.1248999 0.1682991 0.2259357 0.1821405 0.2247242 0.2812730 0.1536427 0.1565782 0.1565782 0.1748637 0.1547980 0.1846715 0.1681058 0.0739323 0.1702283 
HQ631363/CHN/pig/2006/Asia1/ASIA/Unknown         0.1816891 0.2318847 0.1973848 0.1850476 0.1850476 0.1924248 0.1823347 0.1823347 0.1973848 0.1882924 0.1882924 0.1796055 0.1977946 0.1977946 0.1787422 0.1787422 0.1855748 0.1834574 0.1834574 0.1867070 0.1887962 0.1535270 0.2054660 0.2440146 0.1934691 0.2548928 0.1650192 0.0000000 0.2526322 0.0000010 0.2213808 0.0069725 0.2084563 0.0069725 0.1964835 0.1928157 0.1890848 0.1948048 0.1963321 0.2205048 0.2034869 0.1602491 0.1992755 0.2326642 0.2237327 0.2158010 0.2054660 0.1535270 0.1530371 0.2297541 0.2532570 0.2308664 0.2425120 0.2916548 0.1989568 0.2021136 0.2021136 0.1841714 0.1797137 0.2321665 0.0052089 0.1729603 0.0178132 
HQ632774/MYS/cattle/1999/Asia1/ASIA/Unknown      0.2352049 0.2242362 0.2649631 0.2617215 0.2617215 0.2617930 0.2498103 0.2498103 0.2649631 0.2655853 0.2655853 0.2542365 0.2460381 0.2460381 0.2542367 0.2542367 0.2536269 0.2497373 0.2497373 0.2691503 0.2647260 0.2116376 0.2383430 0.2821625 0.2796363 0.2568070 0.2214887 0.2526322 0.0000000 0.2526322 0.2432600 0.2578180 0.1826314 0.2578180 0.2447262 0.2406202 0.2364246 0.2460394 0.2443965 0.2640402 0.2441684 0.1963305 0.2476920 0.2509374 0.2099543 0.2425412 0.2383430 0.2116376 0.1993113 0.2432867 0.2243671 0.2464589 0.2078456 0.2593678 0.2027274 0.1993881 0.1993881 0.1893994 0.1860046 0.1932758 0.2562233 0.1937018 0.2512168 
FJ906802/CHN/pig/2006/Asia1/ASIA/Unknown         0.1816891 0.2318847 0.1973848 0.1850476 0.1850476 0.1924248 0.1823347 0.1823347 0.1973848 0.1882924 0.1882924 0.1796055 0.1977946 0.1977946 0.1787422 0.1787422 0.1855748 0.1834574 0.1834574 0.1867070 0.1887962 0.1535270 0.2054660 0.2440146 0.1934691 0.2548928 0.1650192 0.0000010 0.2526322 0.0000000 0.2213808 0.0069725 0.2084563 0.0069725 0.1964835 0.1928157 0.1890848 0.1948048 0.1963321 0.2205048 0.2034869 0.1602491 0.1992755 0.2326642 0.2237327 0.2158010 0.2054660 0.1535270 0.1530371 0.2297541 0.2532570 0.2308664 0.2425120 0.2916548 0.1989568 0.2021136 0.2021136 0.1841714 0.1797137 0.2321665 0.0052089 0.1729603 0.0178132 
HQ113233/AFG/cow/2009/Asia1/ASIA/Unknown         0.1698128 0.0276507 0.1047346 0.0941219 0.0941219 0.1049203 0.0969001 0.0969001 0.1047346 0.0915896 0.0915896 0.1051356 0.0973345 0.0973345 0.0996840 0.0996840 0.0995106 0.0939621 0.0939621 0.1138193 0.1082524 0.1809496 0.2180619 0.2683506 0.1194266 0.2319961 0.0868882 0.2213808 0.2432600 0.2213808 0.0000000 0.2077775 0.2321626 0.2077775 0.1781364 0.1744178 0.1772096 0.1838778 0.1923431 0.2115820 0.1826644 0.2038956 0.1810375 0.1523460 0.1823929 0.2247387 0.2180619 0.1809496 0.1695553 0.1798763 0.2315281 0.1944798 0.2265139 0.2793285 0.1836499 0.1867627 0.1867627 0.2365222 0.1823128 0.2026668 0.2248984 0.0425124 0.2270332 
GQ452295/VNM/cattle/2007/Asia1/ASIA/Unknown      0.1755937 0.2181325 0.1975380 0.1851916 0.1851916 0.1925742 0.1824772 0.1824772 0.1975380 0.1820304 0.1820304 0.1797464 0.1979484 0.1979484 0.1788820 0.1788820 0.1857194 0.1836011 0.1836011 0.1868535 0.1889452 0.1536447 0.2056282 0.2442017 0.1936230 0.2550834 0.1651468 0.0069725 0.2578180 0.0069725 0.2077775 0.0000000 0.2064819 0.0000010 0.1966343 0.1929639 0.1892302 0.1949557 0.1964823 0.2206760 0.2036424 0.1603716 0.1994277 0.2192250 0.2309078 0.2230997 0.2056282 0.1536447 0.1531539 0.2229576 0.2459967 0.2239986 0.2427078 0.2918870 0.2055117 0.2086936 0.2086936 0.1904240 0.1739619 0.2323331 0.0123309 0.1699258 0.0253028 
GU125646/VNM/buffalo/2005/Asia1/ASIA/Unknown     0.2173557 0.2360096 0.2608167 0.2382345 0.2382345 0.2458258 0.2426955 0.2426955 0.2608167 0.2345434 0.2345434 0.2576393 0.2477282 0.2477282 0.2471249 0.2471249 0.2465238 0.2441661 0.2441661 0.2620012 0.2683664 0.2123660 0.2494366 0.3097120 0.2730004 0.2818507 0.2171694 0.2084563 0.1826314 0.2084563 0.2321626 0.2064819 0.0000000 0.2064819 0.2389336 0.2431897 0.2388397 0.2460029 0.2507836 0.2767326 0.2468652 0.2206312 0.2505155 0.2794114 0.2371153 0.2659085 0.2494366 0.2123660 0.2181929 0.2620920 0.2161613 0.2834731 0.1976034 0.2673663 0.2141909 0.2176540 0.2176540 0.1915088 0.1955292 0.2224810 0.2119630 0.2157578 0.2211102 
GU125645/VNM/cattle/2007/Asia1/ASIA/Unknown      0.1755937 0.2181325 0.1975380 0.1851916 0.1851916 0.1925742 0.1824772 0.1824772 0.1975380 0.1820304 0.1820304 0.1797464 0.1979484 0.1979484 0.1788820 0.1788820 0.1857194 0.1836011 0.1836011 0.1868535 0.1889452 0.1536447 0.2056282 0.2442017 0.1936230 0.2550834 0.1651468 0.0069725 0.2578180 0.0069725 0.2077775 0.0000010 0.2064819 0.0000000 0.1966343 0.1929639 0.1892302 0.1949557 0.1964823 0.2206760 0.2036424 0.1603716 0.1994277 0.2192250 0.2309078 0.2230997 0.2056282 0.1536447 0.1531539 0.2229576 0.2459967 0.2239986 0.2427078 0.2918870 0.2055117 0.2086936 0.2086936 0.1904240 0.1739619 0.2323331 0.0123309 0.1699258 0.0253028 
DQ989323/IND/cattle/2002/Asia1/ASIA/Unknown      0.1008232 0.1553719 0.1840766 0.1721829 0.1721829 0.1798517 0.1693153 0.1693153 0.1840766 0.1688794 0.1688794 0.1743968 0.1735007 0.1735007 0.1731005 0.1731005 0.1727013 0.1629821 0.1629821 0.1844096 0.1827655 0.0929381 0.1441244 0.1647951 0.2106283 0.1857512 0.1464616 0.1964835 0.2447262 0.1964835 0.1781364 0.1966343 0.2389336 0.1966343 0.0000000 0.0052308 0.0069884 0.0088674 0.0160242 0.0219108 0.0105966 0.1047230 0.0087790 0.2404547 0.2459526 0.1960876 0.1441244 0.0929381 0.0847780 0.2388330 0.2341313 0.2574392 0.2352947 0.2826207 0.1666538 0.1635371 0.1635371 0.1778539 0.1724496 0.1583217 0.2062949 0.1369426 0.2159538 
DQ989322/IND/cattle/2002/Asia1/ASIA/Unknown      0.0980868 0.1518458 0.1802221 0.1684459 0.1684459 0.1760341 0.1655930 0.1655930 0.1802221 0.1651696 0.1651696 0.1706137 0.1697253 0.1697253 0.1693368 0.1693368 0.1689502 0.1593189 0.1593189 0.1805213 0.1788684 0.0902761 0.1408908 0.1614236 0.2064624 0.1821523 0.1430867 0.1928157 0.2406202 0.1928157 0.1744178 0.1929639 0.2431897 0.1929639 0.0052308 0.0000000 0.0052176 0.0070614 0.0141782 0.0199889 0.0087900 0.1019882 0.0069913 0.2446368 0.2416747 0.1998985 0.1408908 0.0902761 0.0822107 0.2430382 0.2384403 0.2618957 0.2396796 0.2779111 0.1701494 0.1670079 0.1670079 0.1743608 0.1758567 0.1616393 0.2025635 0.1337297 0.2121649 
DQ989321/IND/cattle/2001/Asia1/ASIA/Unknown      0.1004136 0.1545862 0.1830912 0.1712765 0.1712765 0.1788922 0.1684246 0.1684246 0.1830912 0.1679935 0.1679935 0.1734697 0.1725785 0.1725785 0.1721829 0.1721829 0.1717893 0.1621325 0.1621325 0.1765763 0.1817746 0.0826960 0.1434493 0.1640060 0.2094540 0.1784966 0.1457470 0.1890848 0.2364246 0.1890848 0.1772096 0.1892302 0.2388397 0.1892302 0.0069884 0.0052176 0.0000000 0.0088444 0.0159812 0.0218494 0.0105690 0.0942308 0.0052176 0.2403622 0.2446261 0.1960105 0.1434493 0.0826960 0.0748756 0.2387403 0.2340370 0.2573379 0.2351986 0.2754146 0.1665887 0.1634731 0.1634731 0.1708138 0.1723850 0.1612785 0.1987639 0.1363015 0.2017893 
DQ989320/IND/cattle/2002/Asia1/ASIA/Unknown      0.0989555 0.1606290 0.1848935 0.1779041 0.1779041 0.1806348 0.1700180 0.1700180 0.1848935 0.1745304 0.1745304 0.1751400 0.1742369 0.1742369 0.1738320 0.1738320 0.1734292 0.1685113 0.1685113 0.1852359 0.1835833 0.0964856 0.1488509 0.1637345 0.2116992 0.1792823 0.1514186 0.1948048 0.2460394 0.1948048 0.1838778 0.1949557 0.2460029 0.1949557 0.0088674 0.0070614 0.0088444 0.0000000 0.0180282 0.0240425 0.0125181 0.1049960 0.0106665 0.2474148 0.2444861 0.2098432 0.1488509 0.0964856 0.0881413 0.2544086 0.2500608 0.2741454 0.2515223 0.2910456 0.1726613 0.1694648 0.1694648 0.1832343 0.1714823 0.1639244 0.2046717 0.1415859 0.2143904 
DQ989319/IND/cattle/2001/Asia1/ASIA/Unknown      0.1061007 0.1690396 0.1917789 0.1865155 0.1865155 0.1944209 0.1836174 0.1836174 0.1917789 0.1831374 0.1831374 0.1819952 0.1879627 0.1879627 0.1875219 0.1875219 0.1870832 0.1771124 0.1771124 0.1992134 0.1905604 0.1036193 0.1500587 0.1667331 0.2262450 0.1994204 0.1596063 0.1963321 0.2443965 0.1963321 0.1923431 0.1964823 0.2507836 0.1964823 0.0160242 0.0141782 0.0159812 0.0180282 0.0000000 0.0315660 0.0160450 0.1099732 0.0178463 0.2569208 0.2456054 0.2102645 0.1500587 0.1036193 0.0951203 0.2627243 0.2350143 0.2826390 0.2361931 0.2741528 0.1870824 0.1838503 0.1838503 0.1840083 0.1922933 0.1747736 0.2061086 0.1495263 0.2157334 
DQ989318/IND/cattle/2002/Asia1/ASIA/Unknown      0.1219018 0.1868493 0.2103362 0.1974904 0.1974904 0.2058067 0.1944878 0.1944878 0.2103362 0.1939606 0.1939606 0.2000359 0.1990795 0.1990795 0.1985947 0.1985947 0.1981123 0.1876717 0.1876717 0.2035765 0.2093240 0.1048787 0.1727235 0.1882677 0.2394836 0.2112245 0.1689728 0.2205048 0.2640402 0.2205048 0.2115820 0.2206760 0.2767326 0.2206760 0.0219108 0.0199889 0.0218494 0.0240425 0.0315660 0.0000000 0.0257839 0.1171078 0.0237940 0.2610597 0.2661604 0.2311520 0.1727235 0.1048787 0.0962030 0.2671192 0.2803011 0.2879937 0.2742426 0.3229122 0.1906924 0.1873560 0.1873560 0.2036027 0.1948113 0.1945572 0.2309520 0.1653458 0.2362985 
DQ989317/IND/buffalo/2000/Asia1/ASIA/Unknown     0.1062098 0.1596488 0.1836474 0.1793824 0.1793824 0.1871872 0.1764932 0.1764932 0.1836474 0.1760341 0.1760341 0.1739940 0.1731005 0.1731005 0.1803464 0.1803464 0.1799269 0.1700601 0.1700601 0.1918724 0.1823340 0.0981914 0.1504018 0.1712925 0.2101142 0.1926471 0.1530137 0.2034869 0.2441684 0.2034869 0.1826644 0.2036424 0.2468652 0.2036424 0.0105966 0.0087900 0.0105690 0.0125181 0.0160450 0.0257839 0.0000000 0.1100961 0.0123925 0.2539378 0.2453697 0.2032598 0.1504018 0.0981914 0.0898571 0.2523915 0.2335692 0.2718110 0.2434732 0.2819354 0.1732867 0.1701293 0.1701293 0.1845590 0.1858321 0.1646319 0.2134008 0.1408175 0.2231509 
DQ989315/IND/cattle/1993/Asia1/ASIA/Unknown      0.1336788 0.2015240 0.2159372 0.2115458 0.2115458 0.2185859 0.2076354 0.2076354 0.2159372 0.2081181 0.2081181 0.2116555 0.2121247 0.2121247 0.2116302 0.2116302 0.2111389 0.2020078 0.2020078 0.2165622 0.2150495 0.0767147 0.1644919 0.2139065 0.2329774 0.2149396 0.1767231 0.1602491 0.1963305 0.1602491 0.2038956 0.1603716 0.2206312 0.1603716 0.1047230 0.1019882 0.0942308 0.1049960 0.1099732 0.1171078 0.1100961 0.0000000 0.1019882 0.2561676 0.2285433 0.1829831 0.1644919 0.0767147 0.0691785 0.2449129 0.2514590 0.2634011 0.2397380 0.2921788 0.1699360 0.1668672 0.1668672 0.1836103 0.1664069 0.2021098 0.1573060 0.1766602 0.1660925 
DQ989314/IND/cattle/2001/Asia1/ASIA/Unknown      0.1032139 0.1582124 0.1870596 0.1751225 0.1751225 0.1828231 0.1722549 0.1722549 0.1870596 0.1718109 0.1718109 0.1773631 0.1764640 0.1764640 0.1760564 0.1760564 0.1756498 0.1659008 0.1659008 0.1874181 0.1857871 0.0902761 0.1467706 0.1674720 0.2137474 0.1852774 0.1492151 0.1992755 0.2476920 0.1992755 0.1810375 0.1994277 0.2505155 0.1994277 0.0087790 0.0069913 0.0052176 0.0106665 0.0178463 0.0237940 0.0123925 0.1019882 0.0000000 0.2446368 0.2447081 0.2066044 0.1467706 0.0902761 0.0822107 0.2430382 0.2384403 0.2618957 0.2396796 0.2779111 0.1764123 0.1732396 0.1732396 0.1805779 0.1758567 0.1587337 0.2091016 0.1396008 0.2121649 
DQ989313/IND/buffalo/1986/Asia1/ASIA/Unknown     0.2059645 0.1560538 0.1930649 0.1722597 0.1722597 0.1731096 0.1695364 0.1695364 0.1930649 0.1691216 0.1691216 0.1873810 0.1774272 0.1774272 0.1731304 0.1731304 0.1727523 0.1726835 0.1726835 0.1811068 0.1919232 0.2309632 0.2457332 0.2823511 0.2049118 0.2142219 0.1517664 0.2326642 0.2509374 0.2326642 0.1523460 0.2192250 0.2794114 0.2192250 0.2404547 0.2446368 0.2403622 0.2474148 0.2569208 0.2610597 0.2539378 0.2561676 0.2446368 0.0000000 0.1918912 0.2153298 0.2457332 0.2309632 0.2298512 0.1236176 0.2724303 0.1219339 0.2824283 0.3469406 0.2412609 0.2377809 0.2377809 0.2726970 0.1931012 0.2380579 0.2361399 0.1552745 0.2393330 
DQ989312/IND/sheep/1990/Asia1/ASIA/Unknown       0.1882914 0.1688865 0.2369178 0.2288578 0.2288578 0.2227583 0.2185669 0.2185669 0.2369178 0.2325763 0.2325763 0.2166456 0.2221856 0.2221856 0.2199776 0.2199776 0.2222485 0.2138099 0.2138099 0.2481472 0.2276245 0.2361189 0.2466713 0.3151748 0.2429931 0.2511823 0.1848838 0.2237327 0.2099543 0.2237327 0.1823929 0.2309078 0.2371153 0.2309078 0.2459526 0.2416747 0.2446261 0.2444861 0.2456054 0.2661604 0.2453697 0.2285433 0.2447081 0.1918912 0.0000000 0.1842253 0.2466713 0.2361189 0.2226896 0.2172834 0.2417377 0.2271508 0.2166131 0.2717124 0.2043482 0.2010963 0.2010963 0.2126368 0.2100979 0.2188011 0.2272685 0.1606045 0.2294047 
DQ989311/IND/buffalo/2002/Asia1/ASIA/Unknown     0.1614352 0.2145877 0.2465236 0.2401895 0.2401895 0.2508944 0.2291255 0.2291255 0.2465236 0.2441982 0.2441982 0.2324404 0.2330238 0.2330238 0.2306773 0.2306773 0.2330934 0.2293730 0.2293730 0.2270245 0.2446433 0.1601814 0.1276278 0.1857101 0.2675563 0.1980617 0.2006838 0.2158010 0.2425412 0.2158010 0.2247387 0.2230997 0.2659085 0.2230997 0.1960876 0.1998985 0.1960105 0.2098432 0.2102645 0.2311520 0.2032598 0.1829831 0.2066044 0.2153298 0.1842253 0.0000000 0.1276278 0.1601814 0.1495180 0.2088893 0.2914449 0.2187562 0.2681690 0.3105709 0.2381779 0.2344712 0.2344712 0.2580146 0.1721115 0.1801991 0.2193975 0.1875725 0.2156007 
DQ989310/IND/cattle/1999/Asia1/ASIA/Unknown      0.1431916 0.2011507 0.1868074 0.1814697 0.1814697 0.1788826 0.1715875 0.1715875 0.1868074 0.1780297 0.1780297 0.1759397 0.1759072 0.1759072 0.1754896 0.1754896 0.1750741 0.1718983 0.1718983 0.1943547 0.1845371 0.1272148 0.0000010 0.1161934 0.1988102 0.1163323 0.1456380 0.2054660 0.2383430 0.2054660 0.2180619 0.2056282 0.2494366 0.2056282 0.1441244 0.1408908 0.1434493 0.1488509 0.1500587 0.1727235 0.1504018 0.1644919 0.1467706 0.2457332 0.2466713 0.1276278 0.0000000 0.1272148 0.1178319 0.2319978 0.2160508 0.2504854 0.2337818 0.2742586 0.2227967 0.2192502 0.2192502 0.1923674 0.1905600 0.1801744 0.2089100 0.1685335 0.2189661 
DQ989309/IND/cattle/1996/Asia1/ASIA/Unknown      0.1210976 0.1722606 0.1647307 0.1471393 0.1471393 0.1608682 0.1444920 0.1444920 0.1647307 0.1441536 0.1441536 0.1522615 0.1516638 0.1516638 0.1478532 0.1478532 0.1475455 0.1454382 0.1454382 0.1516572 0.1632826 0.0000010 0.1272148 0.1852089 0.1655456 0.1659913 0.1252365 0.1535270 0.2116376 0.1535270 0.1809496 0.1536447 0.2123660 0.1536447 0.0929381 0.0902761 0.0826960 0.0964856 0.1036193 0.1048787 0.0981914 0.0767147 0.0902761 0.2309632 0.2361189 0.1601814 0.1272148 0.0000000 0.0052354 0.2175998 0.2181038 0.2342313 0.2146121 0.2751318 0.1558315 0.1528542 0.1528542 0.1673331 0.1415693 0.1689087 0.1565080 0.1473470 0.1593039 
DQ989308/IND/cattle/1994/Asia1/ASIA/Unknown      0.1150626 0.1610681 0.1572051 0.1466698 0.1466698 0.1603069 0.1440372 0.1440372 0.1572051 0.1437019 0.1437019 0.1450169 0.1476834 0.1476834 0.1473772 0.1473772 0.1470724 0.1383813 0.1383813 0.1511541 0.1556977 0.0052354 0.1178319 0.1738723 0.1649446 0.1551600 0.1248999 0.1530371 0.1993113 0.1530371 0.1695553 0.1531539 0.2181929 0.1531539 0.0847780 0.0822107 0.0748756 0.0881413 0.0951203 0.0962030 0.0898571 0.0691785 0.0822107 0.2298512 0.2226896 0.1495180 0.1178319 0.0052354 0.0000000 0.2166052 0.2051571 0.2330481 0.2015876 0.2597415 0.1578358 0.1548687 0.1548687 0.1633513 0.1411643 0.1584546 0.1560000 0.1373367 0.1587789 
DQ989307/IND/cattle/1992/Asia1/ASIA/Unknown      0.2197419 0.1767443 0.2123281 0.1939784 0.1939784 0.1915776 0.1878245 0.1878245 0.2123281 0.1907052 0.1907052 0.1911462 0.2038470 0.2038470 0.1916008 0.1916008 0.1911693 0.1910934 0.1910934 0.2068992 0.2035142 0.2175998 0.2319978 0.2882063 0.2121074 0.2487250 0.1682991 0.2297541 0.2432867 0.2297541 0.1798763 0.2229576 0.2620920 0.2229576 0.2388330 0.2430382 0.2387403 0.2544086 0.2627243 0.2671192 0.2523915 0.2449129 0.2430382 0.1236176 0.2172834 0.2088893 0.2319978 0.2175998 0.2166052 0.0000000 0.2637619 0.0146929 0.2652776 0.3470348 0.2100835 0.2067189 0.2067189 0.2302980 0.1954169 0.2353165 0.2263062 0.1559797 0.2436409 
DQ989306/IND/cattle/1986/Asia1/ASIA/Unknown      0.2318481 0.2281649 0.2683359 0.2615912 0.2615912 0.2621069 0.2499784 0.2499784 0.2683359 0.2574973 0.2574973 0.2548304 0.2458461 0.2458461 0.2548311 0.2548311 0.2541615 0.2420075 0.2420075 0.2712277 0.2681280 0.2181038 0.2160508 0.2627896 0.2374401 0.2805981 0.2259357 0.2532570 0.2243671 0.2532570 0.2315281 0.2459967 0.2161613 0.2459967 0.2341313 0.2384403 0.2340370 0.2500608 0.2350143 0.2803011 0.2335692 0.2514590 0.2384403 0.2724303 0.2417377 0.2914449 0.2160508 0.2181038 0.2051571 0.2637619 0.0000000 0.2379008 0.0497682 0.1533239 0.2260053 0.2222608 0.2222608 0.1796615 0.2224506 0.2444345 0.2570535 0.1914758 0.2592279 
DQ989305/IND/cattle/1990/Asia1/ASIA/Unknown      0.2295545 0.1911868 0.2348137 0.2151093 0.2151093 0.2126523 0.2086045 0.2086045 0.2348137 0.2116206 0.2116206 0.2121494 0.2258858 0.2258858 0.2126787 0.2126787 0.2121756 0.2120897 0.2120897 0.2292299 0.2256526 0.2342313 0.2504854 0.3021234 0.2403404 0.2678853 0.1821405 0.2308664 0.2464589 0.2308664 0.1944798 0.2239986 0.2834731 0.2239986 0.2574392 0.2618957 0.2573379 0.2741454 0.2826390 0.2879937 0.2718110 0.2634011 0.2618957 0.1219339 0.2271508 0.2187562 0.2504854 0.2342313 0.2330481 0.0146929 0.2379008 0.0000000 0.2330709 0.3659061 0.2334562 0.2298820 0.2298820 0.2551246 0.2176437 0.2606741 0.2273821 0.1688500 0.2398906 
DQ989304/IND/cattle/2000/Asia1/ASIA/Unknown      0.2365743 0.2277560 0.2613818 0.2629757 0.2629757 0.2644898 0.2514993 0.2514993 0.2613818 0.2589294 0.2589294 0.2562964 0.2474136 0.2474136 0.2562981 0.2562981 0.2556346 0.2436150 0.2436150 0.2725215 0.2694598 0.2146121 0.2337818 0.2898203 0.2439192 0.2875648 0.2247242 0.2425120 0.2078456 0.2425120 0.2265139 0.2427078 0.1976034 0.2427078 0.2352947 0.2396796 0.2351986 0.2515223 0.2361931 0.2742426 0.2434732 0.2397380 0.2396796 0.2824283 0.2166131 0.2681690 0.2337818 0.2146121 0.2015876 0.2652776 0.0497682 0.2330709 0.0000000 0.1069735 0.1997112 0.1961654 0.1961654 0.1584575 0.2162317 0.2354932 0.2463229 0.1841659 0.2432828 
DQ989303/IND/cattle/1993/Asia1/ASIA/Unknown      0.2997867 0.2672639 0.3246178 0.3262304 0.3262304 0.3280435 0.3136410 0.3136410 0.3246178 0.3217689 0.3217689 0.3082810 0.3091205 0.3091205 0.3190188 0.3190188 0.3182152 0.3048234 0.3048234 0.3432159 0.3235483 0.2751318 0.2742586 0.2928405 0.3226220 0.3315360 0.2812730 0.2916548 0.2593678 0.2916548 0.2793285 0.2918870 0.2673663 0.2918870 0.2826207 0.2779111 0.2754146 0.2910456 0.2741528 0.3229122 0.2819354 0.2921788 0.2779111 0.3469406 0.2717124 0.3105709 0.2742586 0.2751318 0.2597415 0.3470348 0.1533239 0.3659061 0.1069735 0.0000000 0.2412324 0.2373078 0.2373078 0.1857828 0.2527963 0.2704842 0.2958072 0.2424997 0.2858416 
AY593800/LBN/Unknown/1983/Asia1/ASIA/Unknown     0.1788908 0.1841900 0.2028105 0.1881894 0.1881894 0.1891279 0.1789931 0.1789931 0.2028105 0.1849866 0.1849866 0.1921509 0.1686388 0.1686388 0.1826499 0.1826499 0.1822478 0.1821760 0.1821760 0.1878718 0.2017891 0.1558315 0.2227967 0.2358584 0.1922108 0.2554878 0.1536427 0.1989568 0.2027274 0.1989568 0.1836499 0.2055117 0.2141909 0.2055117 0.1666538 0.1701494 0.1665887 0.1726613 0.1870824 0.1906924 0.1732867 0.1699360 0.1764123 0.2412609 0.2043482 0.2381779 0.2227967 0.1558315 0.1578358 0.2100835 0.2260053 0.2334562 0.1997112 0.2412324 0.0000000 0.0017246 0.0017246 0.1850010 0.1604345 0.1834815 0.2021893 0.1523105 0.1978804 
AY593799/LBN/Unknown/1983/Asia1/ASIA/Unknown     0.1819938 0.1810137 0.2061078 0.1914059 0.1914059 0.1923622 0.1821760 0.1821760 0.2061078 0.1881894 0.1881894 0.1954016 0.1717591 0.1717591 0.1858562 0.1858562 0.1854457 0.1853728 0.1853728 0.1911427 0.2051268 0.1528542 0.2192502 0.2394926 0.1955339 0.2518619 0.1565782 0.2021136 0.1993881 0.2021136 0.1867627 0.2086936 0.2176540 0.2086936 0.1635371 0.1670079 0.1634731 0.1694648 0.1838503 0.1873560 0.1701293 0.1668672 0.1732396 0.2377809 0.2010963 0.2344712 0.2192502 0.1528542 0.1548687 0.2067189 0.2222608 0.2298820 0.1961654 0.2373078 0.0017246 0.0000000 0.0000010 0.1880901 0.1632999 0.1803791 0.2053583 0.1552061 0.2010196 
AY593798/LBN/Unknown/1983/Asia1/ASIA/Unknown     0.1819938 0.1810137 0.2061078 0.1914059 0.1914059 0.1923622 0.1821760 0.1821760 0.2061078 0.1881894 0.1881894 0.1954016 0.1717591 0.1717591 0.1858562 0.1858562 0.1854457 0.1853728 0.1853728 0.1911427 0.2051268 0.1528542 0.2192502 0.2394926 0.1955339 0.2518619 0.1565782 0.2021136 0.1993881 0.2021136 0.1867627 0.2086936 0.2176540 0.2086936 0.1635371 0.1670079 0.1634731 0.1694648 0.1838503 0.1873560 0.1701293 0.1668672 0.1732396 0.2377809 0.2010963 0.2344712 0.2192502 0.1528542 0.1548687 0.2067189 0.2222608 0.2298820 0.1961654 0.2373078 0.0017246 0.0000010 0.0000000 0.1880901 0.1632999 0.1803791 0.2053583 0.1552061 0.2010196 
AY593796/ISR/Unknown/1963/Asia1/ASIA/Unknown     0.2009474 0.2318994 0.2253478 0.1985448 0.1985448 0.2053167 0.2024495 0.2024495 0.2253478 0.2019357 0.2019357 0.2077007 0.2068046 0.2068046 0.2063334 0.2063334 0.2058643 0.2036845 0.2036845 0.2121236 0.2165170 0.1673331 0.1923674 0.2384693 0.2254131 0.2323864 0.1748637 0.1841714 0.1893994 0.1841714 0.2365222 0.1904240 0.1915088 0.1904240 0.1778539 0.1743608 0.1708138 0.1832343 0.1840083 0.2036027 0.1845590 0.1836103 0.1805779 0.2726970 0.2126368 0.2580146 0.1923674 0.1673331 0.1633513 0.2302980 0.1796615 0.2551246 0.1584575 0.1857828 0.1850010 0.1880901 0.1880901 0.0000000 0.1921615 0.1709753 0.1872561 0.1799565 0.1962781 
