64
MN366244/BGD/cattle/2018/Asia1/ASIA/Unknown      0.0000000 0.0902994 0.0986422 0.0845503 0.0850505 0.0942760 0.0859843 0.0892121 0.0892121 0.0981585 0.0864973 0.0864973 0.0971120 0.0977727 0.0977727 0.0869297 0.0874475 0.0859843 0.0866651 0.0941917 0.0941917 0.0910963 0.0958952 0.0925567 0.0877887 0.0844581 0.1012295 0.0911462 0.0842563 0.0896134 0.1382720 0.0954868 0.0690876 0.0965645 0.1311812 0.0997895 0.0953519 0.0974180 0.0918815 0.0937040 0.0955197 0.0966874 0.0830781 0.0887132 0.0957420 0.1050087 0.0988298 0.0892272 0.0876444 0.0925567 0.1017554 0.0990656 0.1065404 0.0923222 0.1086968 0.1122659 0.1083868 0.1083868 0.1057854 0.0992455 0.1188050 0.0922741 0.0870043 0.0992903 
JF749849/PAK/Unknown/2002/Asia1/ASIA/Unknown     0.0902994 0.0000000 0.1067818 0.1088687 0.1094352 0.1034461 0.0983023 0.0982434 0.0982434 0.1062999 0.1110573 0.1110573 0.1041601 0.1078679 0.1078679 0.0976682 0.0981977 0.0983023 0.0990263 0.0993462 0.0993462 0.1029326 0.1029678 0.1082803 0.0807707 0.1138583 0.1095452 0.1050283 0.0885936 0.1058612 0.1417383 0.1111131 0.1022729 0.1105307 0.1405951 0.1143285 0.1236398 0.1190552 0.1210327 0.1244069 0.1078574 0.1264604 0.1119415 0.1013234 0.1237594 0.1180749 0.1077231 0.0993015 0.0744801 0.1082803 0.1121411 0.1077892 0.1180261 0.1102375 0.1169954 0.1216457 0.1203470 0.1203470 0.1258321 0.1218301 0.1295544 0.1098014 0.0540768 0.1135874 
OM471680/PAK/buffalo/2012/Asia1/ASIA/Unknown     0.0986422 0.1067818 0.0000000 0.1152774 0.1158600 0.0196158 0.0176424 0.0121760 0.0121760 0.0002911 0.1165240 0.1175244 0.0090072 0.0242000 0.0242000 0.0169711 0.0173007 0.0176424 0.0179977 0.0086792 0.0086792 0.0239672 0.0087122 0.0975127 0.1093340 0.1009564 0.0301339 0.1104583 0.0512065 0.1023380 0.1421352 0.1075912 0.0989283 0.1076963 0.1354375 0.1115328 0.1087728 0.1053471 0.1044733 0.1096265 0.1025663 0.1092530 0.0966721 0.1040824 0.1082543 0.1248098 0.1047245 0.1051386 0.1088966 0.0975127 0.1028420 0.1075561 0.1041745 0.1074746 0.1062814 0.1097678 0.1146490 0.1146490 0.1224364 0.1064355 0.1293267 0.1048010 0.1065872 0.1054236 
OM471679/PAK/cattle/2012/Asia1/ASIA/Unknown      0.0845503 0.1088687 0.1152774 0.0000000 0.0002913 0.1108072 0.1033282 0.1068483 0.1068483 0.1147747 0.0011700 0.0011700 0.1146770 0.1120856 0.1120856 0.1054257 0.1059809 0.1033282 0.1040876 0.1095654 0.1095654 0.1119216 0.1134521 0.1077409 0.1120136 0.0785063 0.1197393 0.0685508 0.1158324 0.1072646 0.1311493 0.1131576 0.0454516 0.1101377 0.1327064 0.1120696 0.1056579 0.1041391 0.1063815 0.1095260 0.0936526 0.1111183 0.0991180 0.0868273 0.1098592 0.1116706 0.1111238 0.1010920 0.1070478 0.1077409 0.1075731 0.1030323 0.1080051 0.1034033 0.1107008 0.1137363 0.1015621 0.1015621 0.1237615 0.1083756 0.1153006 0.1111878 0.1102137 0.1108205 
OM471678/PAK/cattle/2012/Asia1/ASIA/Unknown      0.0850505 0.1094352 0.1158600 0.0002913 0.0000000 0.1113771 0.1038812 0.1074082 0.1074082 0.1153564 0.0008765 0.0008765 0.1152585 0.1126618 0.1126618 0.1059832 0.1065397 0.1038812 0.1046435 0.1101344 0.1101344 0.1124937 0.1140329 0.1082947 0.1125904 0.0789846 0.1203242 0.0685786 0.1164165 0.1078307 0.1305261 0.1137393 0.0458449 0.1107112 0.1333433 0.1126460 0.1062093 0.1046935 0.1069334 0.1100899 0.0941732 0.1116829 0.0996558 0.0873321 0.1104253 0.1122369 0.1105534 0.1016479 0.1076151 0.1082947 0.1070189 0.1024901 0.1074402 0.1028477 0.1101275 0.1131522 0.1021130 0.1021130 0.1231506 0.1089447 0.1147265 0.1117634 0.1107851 0.1113989 
OM471677/PAK/buffalo/2012/Asia1/ASIA/Unknown     0.0942760 0.1034461 0.0196158 0.1108072 0.1113771 0.0000000 0.0114831 0.0074547 0.0074547 0.0192887 0.1120243 0.1130080 0.0186196 0.0203375 0.0203375 0.0108462 0.0111608 0.0114831 0.0118144 0.0175856 0.0175856 0.0175446 0.0176572 0.0938014 0.1031251 0.0951192 0.0271874 0.1070036 0.0464614 0.0968011 0.1382578 0.1019272 0.0950278 0.1020517 0.1315246 0.1058376 0.1075645 0.1032250 0.1038243 0.1085641 0.1003089 0.1070467 0.0955791 0.0988314 0.1082002 0.1206626 0.0999937 0.1013189 0.1036254 0.0938014 0.0981618 0.1033481 0.1006689 0.1064098 0.1027277 0.1061358 0.1141054 0.1141054 0.1220099 0.1032796 0.1266618 0.0997116 0.1037336 0.1001503 
OM471676/PAK/cattle/2011/Asia1/ASIA/Unknown      0.0859843 0.0983023 0.0176424 0.1033282 0.1038812 0.0114831 0.0000000 0.0056330 0.0056330 0.0173188 0.1045052 0.1054682 0.0166582 0.0125399 0.0125399 0.0029449 0.0032432 0.0000010 0.0002917 0.0149921 0.0149921 0.0080833 0.0157048 0.0855380 0.0939991 0.0891993 0.0184471 0.0995895 0.0408080 0.0897355 0.1293388 0.0946851 0.0870773 0.0948330 0.1260648 0.0994806 0.0970924 0.0930342 0.0944832 0.0978697 0.0922661 0.0986604 0.0855860 0.0927245 0.0976425 0.1134346 0.0954495 0.0980947 0.0965208 0.0855380 0.0926358 0.0963716 0.0946387 0.0990555 0.0966266 0.0999198 0.1052772 0.1052772 0.1143940 0.0962406 0.1211227 0.0925420 0.0961747 0.0938693 
OM471675/PAK/cattle/2011/Asia1/ASIA/Unknown      0.0892121 0.0982434 0.0121760 0.1068483 0.1074082 0.0074547 0.0056330 0.0000000 0.0000010 0.0118619 0.1080419 0.1090128 0.0112252 0.0134780 0.0134780 0.0050253 0.0053271 0.0056330 0.0059438 0.0102569 0.0102569 0.0114735 0.0102966 0.0891257 0.0963783 0.0924527 0.0214261 0.1010271 0.0429820 0.0938832 0.1311732 0.0989166 0.0904089 0.0990505 0.1253475 0.1027897 0.1006332 0.0963971 0.0970150 0.1014310 0.0955554 0.1010986 0.0889745 0.0949324 0.1012111 0.1157400 0.0952883 0.0979264 0.0978227 0.0891257 0.0943195 0.0996666 0.0968633 0.1014800 0.0988716 0.1021973 0.1079935 0.1079935 0.1157483 0.0984780 0.1224552 0.0967396 0.0985096 0.0971580 
OM471674/PAK/cattle/2011/Asia1/ASIA/Unknown      0.0892121 0.0982434 0.0121760 0.1068483 0.1074082 0.0074547 0.0056330 0.0000010 0.0000000 0.0118619 0.1080419 0.1090128 0.0112252 0.0134780 0.0134780 0.0050253 0.0053271 0.0056330 0.0059438 0.0102569 0.0102569 0.0114735 0.0102966 0.0891257 0.0963783 0.0924527 0.0214261 0.1010271 0.0429820 0.0938832 0.1311732 0.0989166 0.0904089 0.0990505 0.1253475 0.1027897 0.1006332 0.0963971 0.0970150 0.1014310 0.0955554 0.1010986 0.0889745 0.0949324 0.1012111 0.1157400 0.0952883 0.0979264 0.0978227 0.0891257 0.0943195 0.0996666 0.0968633 0.1014800 0.0988716 0.1021973 0.1079935 0.1079935 0.1157483 0.0984780 0.1224552 0.0967396 0.0985096 0.0971580 
OM471673/PAK/cattle/2012/Asia1/ASIA/Unknown      0.0981585 0.1062999 0.0002911 0.1147747 0.1153564 0.0192887 0.0173188 0.0118619 0.0118619 0.0000000 0.1160192 0.1170187 0.0086999 0.0238617 0.0238617 0.0166490 0.0169779 0.0173188 0.0176730 0.0083732 0.0083732 0.0236326 0.0084050 0.0970411 0.1088319 0.1004731 0.0297893 0.1099612 0.0508250 0.1018583 0.1426650 0.1071018 0.0984500 0.1072087 0.1348903 0.1110419 0.1082670 0.1048437 0.1039757 0.1091177 0.1020800 0.1087466 0.0961856 0.1035969 0.1077463 0.1242970 0.1042381 0.1046490 0.1083996 0.0970411 0.1023639 0.1070693 0.1036867 0.1069763 0.1057885 0.1092666 0.1141500 0.1141500 0.1229478 0.1069160 0.1288082 0.1043162 0.1061036 0.1049351 
OM471672/PAK/cattle/2012/Asia1/ASIA/Unknown      0.0864973 0.1110573 0.1165240 0.0011700 0.0008765 0.1120243 0.1045052 0.1080419 0.1080419 0.1160192 0.0000000 0.0005827 0.1159209 0.1133168 0.1133168 0.1066133 0.1071717 0.1045052 0.1052712 0.1107799 0.1107799 0.1131440 0.1146939 0.1098810 0.1142403 0.0794111 0.1209932 0.0698995 0.1180847 0.1094529 0.1323015 0.1154025 0.0462128 0.1123526 0.1338751 0.1142948 0.1072886 0.1057789 0.1080136 0.1111928 0.0956732 0.1127867 0.1007099 0.0887907 0.1115325 0.1138569 0.1116708 0.1032450 0.1092410 0.1098810 0.1086100 0.1040494 0.1090619 0.1044451 0.1117717 0.1148256 0.1025897 0.1025897 0.1238523 0.1105747 0.1153815 0.1134104 0.1124206 0.1130542 
OM471671/PAK/cattle/2012/Asia1/ASIA/Unknown      0.0864973 0.1110573 0.1175244 0.0011700 0.0008765 0.1130080 0.1054682 0.1090128 0.1090128 0.1170187 0.0005827 0.0000000 0.1169201 0.1143098 0.1143098 0.1075817 0.1081418 0.1054682 0.1062385 0.1117634 0.1117634 0.1141301 0.1156933 0.1098810 0.1142403 0.0794111 0.1219924 0.0698995 0.1180847 0.1094529 0.1323015 0.1154025 0.0462128 0.1123526 0.1338751 0.1142948 0.1072886 0.1057789 0.1080136 0.1111928 0.0956732 0.1127867 0.1007099 0.0887907 0.1115325 0.1138569 0.1116708 0.1032450 0.1092410 0.1098810 0.1086100 0.1040494 0.1090619 0.1044451 0.1117717 0.1148256 0.1025897 0.1025897 0.1248950 0.1105747 0.1163705 0.1134104 0.1124206 0.1130542 
OM471670/PAK/buffalo/2012/Asia1/ASIA/Unknown     0.0971120 0.1041601 0.0090072 0.1146770 0.1152585 0.0186196 0.0166582 0.0112252 0.0112252 0.0086999 0.1159209 0.1169201 0.0000000 0.0234830 0.0234830 0.0159921 0.0163195 0.0166582 0.0170098 0.0074540 0.0074540 0.0229447 0.0038336 0.0989596 0.1077430 0.1014817 0.0301130 0.1098653 0.0508323 0.1009591 0.1424355 0.1061904 0.0974147 0.1063006 0.1361626 0.1101319 0.1081698 0.1057446 0.1048666 0.1100270 0.1019880 0.1096518 0.0970593 0.1051178 0.1098236 0.1257505 0.1045023 0.1031304 0.1081233 0.0989596 0.1043139 0.1079133 0.1039558 0.1099873 0.1060575 0.1095354 0.1144140 0.1144140 0.1219932 0.1052065 0.1290626 0.1048926 0.1065122 0.1064837 
OM471669/PAK/cattle/2012/Asia1/ASIA/Unknown      0.0977727 0.1078679 0.0242000 0.1120856 0.1126618 0.0203375 0.0125399 0.0134780 0.0134780 0.0238617 0.1133168 0.1143098 0.0234830 0.0000000 0.0000010 0.0125323 0.0128536 0.0125399 0.0128781 0.0213760 0.0213760 0.0186989 0.0228437 0.0972508 0.1066418 0.0997350 0.0308633 0.1109856 0.0500047 0.1012782 0.1452044 0.1055835 0.0994690 0.1055473 0.1407915 0.1094001 0.1092754 0.1048469 0.1052969 0.1101408 0.1040968 0.1109404 0.0989909 0.1062394 0.1099355 0.1231751 0.1065037 0.1083171 0.1075212 0.0972508 0.1047218 0.1089140 0.1051453 0.1105053 0.1072839 0.1108235 0.1183858 0.1183858 0.1279793 0.1080601 0.1294667 0.1026578 0.1091238 0.1068562 
OM471668/PAK/cattle/2012/Asia1/ASIA/Unknown      0.0977727 0.1078679 0.0242000 0.1120856 0.1126618 0.0203375 0.0125399 0.0134780 0.0134780 0.0238617 0.1133168 0.1143098 0.0234830 0.0000010 0.0000000 0.0125323 0.0128536 0.0125399 0.0128781 0.0213760 0.0213760 0.0186989 0.0228437 0.0972508 0.1066418 0.0997350 0.0308633 0.1109856 0.0500047 0.1012782 0.1452044 0.1055835 0.0994690 0.1055473 0.1407915 0.1094001 0.1092754 0.1048469 0.1052969 0.1101408 0.1040968 0.1109404 0.0989909 0.1062394 0.1099355 0.1231751 0.1065037 0.1083171 0.1075212 0.0972508 0.1047218 0.1089140 0.1051453 0.1105053 0.1072839 0.1108235 0.1183858 0.1183858 0.1279793 0.1080601 0.1294667 0.1026578 0.1091238 0.1068562 
OM471667/PAK/buffalo/2011/Asia1/ASIA/Unknown     0.0869297 0.0976682 0.0169711 0.1054257 0.1059832 0.0108462 0.0029449 0.0050253 0.0050253 0.0166490 0.1066133 0.1075817 0.0159921 0.0125323 0.0125323 0.0000000 0.0002914 0.0029449 0.0032472 0.0143366 0.0143366 0.0074750 0.0150427 0.0854523 0.0938982 0.0891068 0.0217577 0.0989656 0.0411691 0.0896432 0.1296422 0.0945846 0.0890519 0.0947327 0.1259038 0.0993733 0.0980889 0.0928039 0.0954668 0.0988716 0.0921688 0.0985509 0.0865426 0.0905287 0.0986466 0.1121609 0.0944165 0.0979883 0.0953330 0.0854523 0.0925396 0.0962689 0.0936023 0.0989461 0.0955768 0.0988481 0.1054509 0.1054509 0.1132474 0.0961371 0.1199753 0.0924451 0.0960730 0.0937699 
OM471666/PAK/buffalo/2011/Asia1/ASIA/Unknown     0.0874475 0.0981977 0.0173007 0.1059809 0.1065397 0.0111608 0.0032432 0.0053271 0.0053271 0.0169779 0.1071717 0.1081418 0.0163195 0.0128536 0.0128536 0.0002914 0.0000000 0.0032432 0.0035465 0.0146593 0.0146593 0.0074727 0.0153684 0.0859578 0.0933605 0.0896282 0.0220953 0.0995088 0.0407843 0.0901603 0.1302572 0.0951155 0.0895701 0.0952619 0.1265255 0.0999107 0.0986416 0.0933443 0.0960107 0.0994280 0.0926979 0.0991046 0.0870662 0.0910503 0.0992039 0.1127300 0.0949460 0.0979432 0.0947926 0.0859578 0.0930603 0.0968018 0.0941334 0.0994969 0.0961148 0.0993973 0.1060064 0.1060064 0.1138341 0.0955989 0.1205617 0.0929703 0.0966017 0.0943001 
OM471665/PAK/buffalo/2011/Asia1/ASIA/Unknown     0.0859843 0.0983023 0.0176424 0.1033282 0.1038812 0.0114831 0.0000010 0.0056330 0.0056330 0.0173188 0.1045052 0.1054682 0.0166582 0.0125399 0.0125399 0.0029449 0.0032432 0.0000000 0.0002917 0.0149921 0.0149921 0.0080833 0.0157048 0.0855380 0.0939991 0.0891993 0.0184471 0.0995895 0.0408080 0.0897355 0.1293388 0.0946851 0.0870773 0.0948330 0.1260648 0.0994806 0.0970924 0.0930342 0.0944832 0.0978697 0.0922661 0.0986604 0.0855860 0.0927245 0.0976425 0.1134346 0.0954495 0.0980947 0.0965208 0.0855380 0.0926358 0.0963716 0.0946387 0.0990555 0.0966266 0.0999198 0.1052772 0.1052772 0.1143940 0.0962406 0.1211227 0.0925420 0.0961747 0.0938693 
OM471664/PAK/buffalo/2011/Asia1/ASIA/Unknown     0.0866651 0.0990263 0.0179977 0.1040876 0.1046435 0.0118144 0.0002917 0.0059438 0.0059438 0.0176730 0.1052712 0.1062385 0.0170098 0.0128781 0.0128781 0.0032472 0.0035465 0.0002917 0.0000000 0.0153365 0.0153365 0.0084032 0.0160533 0.0857227 0.0947239 0.0898942 0.0188018 0.1003344 0.0412536 0.0904256 0.1302415 0.0954027 0.0877572 0.0955486 0.1269705 0.1002157 0.0973191 0.0937631 0.0952144 0.0986239 0.0929770 0.0994165 0.0862738 0.0934333 0.0983977 0.1137074 0.0961688 0.0988321 0.0972576 0.0857227 0.0933359 0.0970950 0.0953589 0.0998084 0.0973598 0.1006745 0.1060486 0.1060486 0.1152288 0.0969701 0.1219702 0.0932480 0.0968920 0.0945845 
OM471663/PAK/cattle/2012/Asia1/ASIA/Unknown      0.0941917 0.0993462 0.0086792 0.1095654 0.1101344 0.0175856 0.0149921 0.0102569 0.0102569 0.0083732 0.1107799 0.1117634 0.0074540 0.0213760 0.0213760 0.0143366 0.0146593 0.0149921 0.0153365 0.0000000 0.0000010 0.0198685 0.0062433 0.0950223 0.1025459 0.0936743 0.0289751 0.1067793 0.0486782 0.0975298 0.1361574 0.1026591 0.0943946 0.1027809 0.1285896 0.1065634 0.1023915 0.1009805 0.0982286 0.1032018 0.0999670 0.1028605 0.0896871 0.1019746 0.1029849 0.1212784 0.1015148 0.1019087 0.1040668 0.0950223 0.1002838 0.1048829 0.1004502 0.1063230 0.1025021 0.1058986 0.1107441 0.1107441 0.1194949 0.1026289 0.1251708 0.1004426 0.1016364 0.1019807 
OM471662/PAK/cattle/2012/Asia1/ASIA/Unknown      0.0941917 0.0993462 0.0086792 0.1095654 0.1101344 0.0175856 0.0149921 0.0102569 0.0102569 0.0083732 0.1107799 0.1117634 0.0074540 0.0213760 0.0213760 0.0143366 0.0146593 0.0149921 0.0153365 0.0000010 0.0000000 0.0198685 0.0062433 0.0950223 0.1025459 0.0936743 0.0289751 0.1067793 0.0486782 0.0975298 0.1361574 0.1026591 0.0943946 0.1027809 0.1285896 0.1065634 0.1023915 0.1009805 0.0982286 0.1032018 0.0999670 0.1028605 0.0896871 0.1019746 0.1029849 0.1212784 0.1015148 0.1019087 0.1040668 0.0950223 0.1002838 0.1048829 0.1004502 0.1063230 0.1025021 0.1058986 0.1107441 0.1107441 0.1194949 0.1026289 0.1251708 0.1004426 0.1016364 0.1019807 
OM471661/PAK/cattle/2012/Asia1/ASIA/Unknown      0.0910963 0.1029326 0.0239672 0.1119216 0.1124937 0.0175446 0.0080833 0.0114735 0.0114735 0.0236326 0.1131440 0.1141301 0.0229447 0.0186989 0.0186989 0.0074750 0.0074727 0.0080833 0.0084032 0.0198685 0.0198685 0.0000000 0.0219632 0.0934906 0.1007142 0.0973952 0.0274950 0.1085551 0.0465111 0.0955559 0.1403910 0.1006617 0.0940837 0.1026954 0.1324728 0.1084144 0.1067056 0.1025203 0.1039548 0.1075428 0.0980875 0.1071808 0.0947452 0.1007182 0.1073348 0.1219813 0.1022369 0.1039195 0.1022589 0.0934906 0.0972157 0.1036194 0.0999796 0.1076842 0.1020353 0.1054383 0.1130933 0.1130933 0.1245909 0.1002295 0.1264552 0.0993981 0.1014706 0.1012304 
OM471660/PAK/buffalo/2012/Asia1/ASIA/Unknown     0.0958952 0.1029678 0.0087122 0.1134521 0.1140329 0.0176572 0.0157048 0.0102966 0.0102966 0.0084050 0.1146939 0.1156933 0.0038336 0.0228437 0.0228437 0.0150427 0.0153684 0.0157048 0.0160533 0.0062433 0.0062433 0.0219632 0.0000000 0.0966977 0.1058138 0.0986529 0.0298164 0.1096268 0.0489730 0.0979350 0.1399833 0.1025738 0.0960788 0.1032155 0.1329012 0.1070173 0.1048141 0.1024065 0.1015691 0.1066386 0.1007733 0.1062802 0.0938614 0.1027977 0.1064283 0.1243435 0.1042564 0.1008068 0.1073423 0.0966977 0.1020263 0.1057355 0.1032339 0.1067882 0.1053231 0.1087803 0.1131954 0.1131954 0.1197843 0.1044736 0.1279560 0.1018182 0.1053134 0.1033763 
MF372126/IND/gayal/1994/Asia1/ASIA/Unknown       0.0925567 0.1082803 0.0975127 0.1077409 0.1082947 0.0938014 0.0855380 0.0891257 0.0891257 0.0970411 0.1098810 0.1098810 0.0989596 0.0972508 0.0972508 0.0854523 0.0859578 0.0855380 0.0857227 0.0950223 0.0950223 0.0934906 0.0966977 0.0000000 0.1058158 0.1008854 0.1047736 0.0998598 0.0951794 0.0958133 0.1177757 0.1018017 0.0966029 0.1008471 0.1205922 0.1035916 0.1055700 0.0994747 0.1027010 0.1067675 0.0813100 0.1104711 0.0948577 0.0824858 0.1069178 0.0899237 0.1048213 0.0943130 0.0869914 0.0000010 0.0589487 0.0769835 0.0918290 0.0802679 0.0937266 0.0977971 0.0900297 0.0900297 0.1053207 0.1035776 0.0964061 0.0991093 0.1046868 0.1017937 
MF372125/IND/gayal/2016/Asia1/ASIA/Unknown       0.0877887 0.0807707 0.1093340 0.1120136 0.1125904 0.1031251 0.0939991 0.0963783 0.0963783 0.1088319 0.1142403 0.1142403 0.1077430 0.1066418 0.1066418 0.0938982 0.0933605 0.0939991 0.0947239 0.1025459 0.1025459 0.1007142 0.1058138 0.1058158 0.0000000 0.1011971 0.1110308 0.1065853 0.1004406 0.1106100 0.1515347 0.1146151 0.0936123 0.1145161 0.1531270 0.1194952 0.1089731 0.0918245 0.1008319 0.1056905 0.0961580 0.1054307 0.0952827 0.0968587 0.1040845 0.1171894 0.1107010 0.0992386 0.0418365 0.1058158 0.1162865 0.1136503 0.1215729 0.1073347 0.1232378 0.1270743 0.1241212 0.1241212 0.1312604 0.1069665 0.1264598 0.1156031 0.0881875 0.1180685 
MF782478/BGD/cattle/2013/Asia1/ASIA/Unknown      0.0844581 0.1138583 0.1009564 0.0785063 0.0789846 0.0951192 0.0891993 0.0924527 0.0924527 0.1004731 0.0794111 0.0794111 0.1014817 0.0997350 0.0997350 0.0891068 0.0896282 0.0891993 0.0898942 0.0936743 0.0936743 0.0973952 0.0986529 0.1008854 0.1011971 0.0000000 0.1070461 0.0976909 0.0968103 0.0905835 0.1372133 0.0960655 0.0674654 0.0947161 0.1249211 0.0989901 0.0793355 0.0828142 0.0728122 0.0759675 0.0931601 0.0755132 0.0664811 0.0909221 0.0753261 0.1168426 0.1096496 0.0969186 0.1073182 0.1008854 0.1046959 0.1039346 0.1009839 0.1012338 0.1045677 0.1075032 0.1073394 0.1073394 0.1227694 0.0982306 0.1128713 0.0933122 0.1104302 0.0940856 
KM268898/TUR/cattle/2013/Asia1/ASIA/Unknown      0.1012295 0.1095452 0.0301339 0.1197393 0.1203242 0.0271874 0.0184471 0.0214261 0.0214261 0.0297893 0.1209932 0.1219924 0.0301130 0.0308633 0.0308633 0.0217577 0.0220953 0.0184471 0.0188018 0.0289751 0.0289751 0.0274950 0.0298164 0.1047736 0.1110308 0.1070461 0.0000000 0.1124813 0.0561712 0.1052073 0.1467086 0.1104938 0.1030428 0.1105880 0.1380592 0.1144266 0.1137778 0.1069238 0.1109370 0.1146566 0.1072697 0.1154394 0.1005767 0.1060159 0.1134503 0.1305530 0.1088098 0.1098685 0.1119901 0.1047736 0.1098815 0.1135057 0.1139431 0.1115699 0.1149903 0.1197954 0.1197550 0.1197550 0.1320147 0.1156225 0.1365486 0.1048119 0.1105739 0.1067687 
JN006720/PAK/Unknown/2009/Asia1/ASIA/Unknown     0.0911462 0.1050283 0.1104583 0.0685508 0.0685786 0.1070036 0.0995895 0.1010271 0.1010271 0.1099612 0.0698995 0.0698995 0.1098653 0.1109856 0.1109856 0.0989656 0.0995088 0.0995895 0.1003344 0.1067793 0.1067793 0.1085551 0.1096268 0.0998598 0.1065853 0.0976909 0.1124813 0.0000000 0.1078851 0.1131628 0.1417940 0.1197319 0.0527317 0.1182618 0.1401427 0.1212262 0.1129523 0.1034302 0.1087216 0.1132500 0.0969922 0.1172294 0.1085003 0.0803453 0.1139677 0.1052831 0.1114306 0.1101931 0.1039582 0.0998598 0.1081276 0.1008092 0.1095024 0.0984044 0.1105909 0.1146104 0.0994691 0.0994691 0.1275909 0.1140347 0.1114422 0.1203394 0.1072456 0.1203072 
JN006719/PAK/Unknown/2008/Asia1/ASIA/Unknown     0.0842563 0.0885936 0.0512065 0.1158324 0.1164165 0.0464614 0.0408080 0.0429820 0.0429820 0.0508250 0.1180847 0.1180847 0.0508323 0.0500047 0.0500047 0.0411691 0.0407843 0.0408080 0.0412536 0.0486782 0.0486782 0.0465111 0.0489730 0.0951794 0.1004406 0.0968103 0.0561712 0.1078851 0.0000000 0.0957575 0.1292285 0.0998844 0.0969386 0.1009582 0.1338951 0.1037628 0.1021327 0.1016278 0.1001943 0.1042252 0.0945078 0.1057004 0.0916690 0.1017426 0.1038634 0.1134356 0.0982877 0.0964506 0.0982950 0.0951794 0.0968578 0.0951790 0.0963855 0.1042161 0.0958556 0.1002055 0.1109328 0.1109328 0.1146655 0.0997466 0.1139548 0.0976988 0.0867684 0.0995800 
HQ631363/CHN/pig/2006/Asia1/ASIA/Unknown         0.0896134 0.1058612 0.1023380 0.1072646 0.1078307 0.0968011 0.0897355 0.0938832 0.0938832 0.1018583 0.1094529 0.1094529 0.1009591 0.1012782 0.1012782 0.0896432 0.0901603 0.0897355 0.0904256 0.0975298 0.0975298 0.0955559 0.0979350 0.0958133 0.1106100 0.0905835 0.1052073 0.1131628 0.0957575 0.0000000 0.1318668 0.0044423 0.0965498 0.0059437 0.0955883 0.0124612 0.1056992 0.1026904 0.0987245 0.1030766 0.1032714 0.1008460 0.0920067 0.0985395 0.1027828 0.1121982 0.1040638 0.1092437 0.0952471 0.0958133 0.1046572 0.1004526 0.1091003 0.0912722 0.1121829 0.1141920 0.0974216 0.0974216 0.1159782 0.1031265 0.1013976 0.0089958 0.0939522 0.0150435 
HQ632774/MYS/cattle/1999/Asia1/ASIA/Unknown      0.1382720 0.1417383 0.1421352 0.1311493 0.1305261 0.1382578 0.1293388 0.1311732 0.1311732 0.1426650 0.1323015 0.1323015 0.1424355 0.1452044 0.1452044 0.1296422 0.1302572 0.1293388 0.1302415 0.1361574 0.1361574 0.1403910 0.1399833 0.1177757 0.1515347 0.1372133 0.1467086 0.1417940 0.1292285 0.1318668 0.0000000 0.1385764 0.1308859 0.1374054 0.1189172 0.1392651 0.1422319 0.1437963 0.1433512 0.1460582 0.1289590 0.1474375 0.1306511 0.1227117 0.1467663 0.1285076 0.1310670 0.1358391 0.1367944 0.1177757 0.1097908 0.1244523 0.0985156 0.1158129 0.1004733 0.1037215 0.1251634 0.1251634 0.1200992 0.1390276 0.1290862 0.1335061 0.1394006 0.1321556 
FJ906802/CHN/pig/2006/Asia1/ASIA/Unknown         0.0954868 0.1111131 0.1075912 0.1131576 0.1137393 0.1019272 0.0946851 0.0989166 0.0989166 0.1071018 0.1154025 0.1154025 0.1061904 0.1055835 0.1055835 0.0945846 0.0951155 0.0946851 0.0954027 0.1026591 0.1026591 0.1006617 0.1025738 0.1018017 0.1146151 0.0960655 0.1104938 0.1197319 0.0998844 0.0044423 0.1385764 0.0000000 0.1026469 0.0099584 0.0994947 0.0166703 0.1120557 0.1090135 0.1048836 0.1093990 0.1100325 0.1070959 0.0980048 0.1047477 0.1091099 0.1196737 0.1103722 0.1152014 0.0999211 0.1018017 0.1109313 0.1070772 0.1144589 0.0967548 0.1176433 0.1197075 0.1035573 0.1035573 0.1216111 0.1080009 0.1060600 0.0124656 0.0999074 0.0180326 
HQ113233/AFG/cow/2009/Asia1/ASIA/Unknown         0.0690876 0.1022729 0.0989283 0.0454516 0.0458449 0.0950278 0.0870773 0.0904089 0.0904089 0.0984500 0.0462128 0.0462128 0.0974147 0.0994690 0.0994690 0.0890519 0.0895701 0.0870773 0.0877572 0.0943946 0.0943946 0.0940837 0.0960788 0.0966029 0.0936123 0.0674654 0.1030428 0.0527317 0.0969386 0.0965498 0.1308859 0.1026469 0.0000000 0.1013150 0.1237660 0.1012803 0.0865760 0.0935917 0.0863918 0.0904245 0.0893113 0.0930503 0.0812123 0.0753509 0.0916102 0.0984616 0.1063713 0.0932165 0.0909241 0.0966029 0.1020962 0.0972700 0.0998701 0.0936448 0.1024352 0.1053049 0.0959741 0.0959741 0.1206121 0.0964180 0.1090835 0.1013682 0.1008470 0.1002999 
GQ452295/VNM/cattle/2007/Asia1/ASIA/Unknown      0.0965645 0.1105307 0.1076963 0.1101377 0.1107112 0.1020517 0.0948330 0.0990505 0.0990505 0.1072087 0.1123526 0.1123526 0.1063006 0.1055473 0.1055473 0.0947327 0.0952619 0.0948330 0.0955486 0.1027809 0.1027809 0.1026954 0.1032155 0.1008471 0.1145161 0.0947161 0.1105880 0.1182618 0.1009582 0.0059437 0.1374054 0.0099584 0.1013150 0.0000000 0.0972727 0.0062550 0.1111630 0.1100988 0.1049985 0.1094989 0.1102188 0.1060802 0.0981432 0.1002719 0.1087637 0.1175817 0.1090428 0.1168299 0.0994022 0.1008471 0.1108678 0.1067446 0.1128992 0.0983612 0.1160558 0.1181052 0.1025728 0.1025728 0.1211670 0.1085996 0.1065404 0.0146671 0.1009765 0.0209690 
GU125646/VNM/buffalo/2005/Asia1/ASIA/Unknown     0.1311812 0.1405951 0.1354375 0.1327064 0.1333433 0.1315246 0.1260648 0.1253475 0.1253475 0.1348903 0.1338751 0.1338751 0.1361626 0.1407915 0.1407915 0.1259038 0.1265255 0.1260648 0.1269705 0.1285896 0.1285896 0.1324728 0.1329012 0.1205922 0.1531270 0.1249211 0.1380592 0.1401427 0.1338951 0.0955883 0.1189172 0.0994947 0.1237660 0.0972727 0.0000000 0.1066245 0.1401756 0.1344669 0.1341122 0.1360830 0.1338270 0.1397492 0.1261720 0.1266473 0.1377124 0.1364318 0.1295587 0.1379167 0.1361249 0.1205922 0.1224896 0.1405733 0.1114137 0.1247389 0.1145710 0.1181762 0.1240531 0.1240531 0.1400659 0.1409920 0.1291075 0.1008465 0.1250736 0.0979714 
GU125645/VNM/cattle/2007/Asia1/ASIA/Unknown      0.0997895 0.1143285 0.1115328 0.1120696 0.1126460 0.1058376 0.0994806 0.1027897 0.1027897 0.1110419 0.1142948 0.1142948 0.1101319 0.1094001 0.1094001 0.0993733 0.0999107 0.0994806 0.1002157 0.1065634 0.1065634 0.1084144 0.1070173 0.1035916 0.1194952 0.0989901 0.1144266 0.1212262 0.1037628 0.0124612 0.1392651 0.0166703 0.1012803 0.0062550 0.1066245 0.0000000 0.1167163 0.1166662 0.1103876 0.1150397 0.1123040 0.1115226 0.1033815 0.1035677 0.1153050 0.1175352 0.1109569 0.1187916 0.1041361 0.1035916 0.1137445 0.1061856 0.1171916 0.1002330 0.1204147 0.1224981 0.1063817 0.1063817 0.1241719 0.1089892 0.1089966 0.0209129 0.1037689 0.0281894 
DQ989323/IND/cattle/2002/Asia1/ASIA/Unknown      0.0953519 0.1236398 0.1087728 0.1056579 0.1062093 0.1075645 0.0970924 0.1006332 0.1006332 0.1082670 0.1072886 0.1072886 0.1081698 0.1092754 0.1092754 0.0980889 0.0986416 0.0970924 0.0973191 0.1023915 0.1023915 0.1067056 0.1048141 0.1055700 0.1089731 0.0793355 0.1137778 0.1129523 0.1021327 0.1056992 0.1422319 0.1120557 0.0865760 0.1111630 0.1401756 0.1167163 0.0000000 0.0251053 0.0127493 0.0157302 0.0995784 0.0163065 0.0202030 0.1195430 0.0163674 0.1197531 0.1130350 0.1090556 0.1188257 0.1055700 0.1201465 0.1147395 0.1151450 0.1094115 0.1194227 0.1214453 0.1141628 0.1141628 0.1237365 0.1113093 0.1127623 0.1076236 0.1221740 0.1111700 
DQ989322/IND/cattle/2002/Asia1/ASIA/Unknown      0.0974180 0.1190552 0.1053471 0.1041391 0.1046935 0.1032250 0.0930342 0.0963971 0.0963971 0.1048437 0.1057789 0.1057789 0.1057446 0.1048469 0.1048469 0.0928039 0.0933443 0.0930342 0.0937631 0.1009805 0.1009805 0.1025203 0.1024065 0.0994747 0.0918245 0.0828142 0.1069238 0.1034302 0.1016278 0.1026904 0.1437963 0.1090135 0.0935917 0.1100988 0.1344669 0.1166662 0.0251053 0.0000000 0.0193107 0.0241261 0.0849510 0.0230801 0.0260992 0.1070011 0.0228264 0.1150487 0.1135292 0.1000898 0.1101307 0.0994747 0.1121535 0.1053422 0.1092542 0.0994570 0.1134313 0.1154132 0.1074275 0.1074275 0.1187555 0.1046904 0.1076594 0.1076809 0.1110545 0.1083892 
DQ989321/IND/cattle/2001/Asia1/ASIA/Unknown      0.0918815 0.1210327 0.1044733 0.1063815 0.1069334 0.1038243 0.0944832 0.0970150 0.0970150 0.1039757 0.1080136 0.1080136 0.1048666 0.1052969 0.1052969 0.0954668 0.0960107 0.0944832 0.0952144 0.0982286 0.0982286 0.1039548 0.1015691 0.1027010 0.1008319 0.0728122 0.1109370 0.1087216 0.1001943 0.0987245 0.1433512 0.1048836 0.0863918 0.1049985 0.1341122 0.1103876 0.0127493 0.0193107 0.0000000 0.0124872 0.0977711 0.0111802 0.0149569 0.1131191 0.0105976 0.1170148 0.1102899 0.1025669 0.1122432 0.1027010 0.1174055 0.1089096 0.1132853 0.1005773 0.1175185 0.1195221 0.1083317 0.1083317 0.1214055 0.1043805 0.1057783 0.1016742 0.1149326 0.1033110 
DQ989320/IND/cattle/2002/Asia1/ASIA/Unknown      0.0937040 0.1244069 0.1096265 0.1095260 0.1100899 0.1085641 0.0978697 0.1014310 0.1014310 0.1091177 0.1111928 0.1111928 0.1100270 0.1101408 0.1101408 0.0988716 0.0994280 0.0978697 0.0986239 0.1032018 0.1032018 0.1075428 0.1066386 0.1067675 0.1056905 0.0759675 0.1146566 0.1132500 0.1042252 0.1030766 0.1460582 0.1093990 0.0904245 0.1094989 0.1360830 0.1150397 0.0157302 0.0241261 0.0124872 0.0000000 0.1016318 0.0166977 0.0192913 0.1156797 0.0161142 0.1211381 0.1128028 0.1107148 0.1185186 0.1067675 0.1217157 0.1113080 0.1144585 0.1088444 0.1187604 0.1207957 0.1170364 0.1170364 0.1248261 0.1096008 0.1132137 0.1061103 0.1198062 0.1077920 
DQ989319/IND/cattle/2001/Asia1/ASIA/Unknown      0.0955197 0.1078574 0.1025663 0.0936526 0.0941732 0.1003089 0.0922661 0.0955554 0.0955554 0.1020800 0.0956732 0.0956732 0.1019880 0.1040968 0.1040968 0.0921688 0.0926979 0.0922661 0.0929770 0.0999670 0.0999670 0.0980875 0.1007733 0.0813100 0.0961580 0.0931601 0.1072697 0.0969922 0.0945078 0.1032714 0.1289590 0.1100325 0.0893113 0.1102188 0.1338270 0.1123040 0.0995784 0.0849510 0.0977711 0.1016318 0.0000000 0.1024086 0.0866425 0.0783583 0.0982976 0.0975473 0.1043011 0.0928881 0.0975382 0.0813100 0.0832030 0.0853212 0.0977960 0.0848266 0.1017280 0.1045789 0.0950768 0.0950768 0.1131692 0.1001997 0.1059074 0.1102098 0.1070322 0.1115727 
DQ989318/IND/cattle/2002/Asia1/ASIA/Unknown      0.0966874 0.1264604 0.1092530 0.1111183 0.1116829 0.1070467 0.0986604 0.1010986 0.1010986 0.1087466 0.1127867 0.1127867 0.1096518 0.1109404 0.1109404 0.0985509 0.0991046 0.0986604 0.0994165 0.1028605 0.1028605 0.1071808 0.1062802 0.1104711 0.1054307 0.0755132 0.1154394 0.1172294 0.1057004 0.1008460 0.1474375 0.1070959 0.0930503 0.1060802 0.1397492 0.1115226 0.0163065 0.0230801 0.0111802 0.0166977 0.1024086 0.0000000 0.0188940 0.1189469 0.0134827 0.1207313 0.1172593 0.1060470 0.1159665 0.1104711 0.1255907 0.1137628 0.1191780 0.1089528 0.1230916 0.1251539 0.1129120 0.1129120 0.1253411 0.1080739 0.1092967 0.1032379 0.1209049 0.1055036 
DQ989317/IND/buffalo/2000/Asia1/ASIA/Unknown     0.0830781 0.1119415 0.0966721 0.0991180 0.0996558 0.0955791 0.0855860 0.0889745 0.0889745 0.0961856 0.1007099 0.1007099 0.0970593 0.0989909 0.0989909 0.0865426 0.0870662 0.0855860 0.0862738 0.0896871 0.0896871 0.0947452 0.0938614 0.0948577 0.0952827 0.0664811 0.1005767 0.1085003 0.0916690 0.0920067 0.1306511 0.0980048 0.0812123 0.0981432 0.1261720 0.1033815 0.0202030 0.0260992 0.0149569 0.0192913 0.0866425 0.0188940 0.0000000 0.1043597 0.0173334 0.1120832 0.1015040 0.0969053 0.1057450 0.0948577 0.1099010 0.1016292 0.1043595 0.0965692 0.1074155 0.1093293 0.1044637 0.1044637 0.1154916 0.0976838 0.1011922 0.0939298 0.1061040 0.0969757 
DQ989315/IND/cattle/1993/Asia1/ASIA/Unknown      0.0887132 0.1013234 0.1040824 0.0868273 0.0873321 0.0988314 0.0927245 0.0949324 0.0949324 0.1035969 0.0887907 0.0887907 0.1051178 0.1062394 0.1062394 0.0905287 0.0910503 0.0927245 0.0934333 0.1019746 0.1019746 0.1007182 0.1027977 0.0824858 0.0968587 0.0909221 0.1060159 0.0803453 0.1017426 0.0985395 0.1227117 0.1047477 0.0753509 0.1002719 0.1266473 0.1035677 0.1195430 0.1070011 0.1131191 0.1156797 0.0783583 0.1189469 0.1043597 0.0000000 0.1164916 0.0929242 0.1059521 0.0960894 0.0920703 0.0824858 0.0861423 0.0843871 0.0971964 0.0809389 0.0997083 0.1034754 0.0959268 0.0959268 0.1118513 0.1033642 0.1061485 0.1024780 0.0944424 0.1014003 
DQ989314/IND/cattle/2001/Asia1/ASIA/Unknown      0.0957420 0.1237594 0.1082543 0.1098592 0.1104253 0.1082002 0.0976425 0.1012111 0.1012111 0.1077463 0.1115325 0.1115325 0.1098236 0.1099355 0.1099355 0.0986466 0.0992039 0.0976425 0.0983977 0.1029849 0.1029849 0.1073348 0.1064283 0.1069178 0.1040845 0.0753261 0.1134503 0.1139677 0.1038634 0.1027828 0.1467663 0.1091099 0.0916102 0.1087637 0.1377124 0.1153050 0.0163674 0.0228264 0.0105976 0.0161142 0.0982976 0.0134827 0.0173334 0.1164916 0.0000000 0.1237433 0.1120606 0.1054724 0.1157772 0.1069178 0.1220012 0.1159544 0.1157298 0.1056427 0.1206291 0.1226844 0.1159034 0.1159034 0.1257876 0.1099424 0.1106293 0.1048421 0.1186026 0.1065190 
DQ989313/IND/buffalo/1986/Asia1/ASIA/Unknown     0.1050087 0.1180749 0.1248098 0.1116706 0.1122369 0.1206626 0.1134346 0.1157400 0.1157400 0.1242970 0.1138569 0.1138569 0.1257505 0.1231751 0.1231751 0.1121609 0.1127300 0.1134346 0.1137074 0.1212784 0.1212784 0.1219813 0.1243435 0.0899237 0.1171894 0.1168426 0.1305530 0.1052831 0.1134356 0.1121982 0.1285076 0.1196737 0.0984616 0.1175817 0.1364318 0.1175352 0.1197531 0.1150487 0.1170148 0.1211381 0.0975473 0.1207313 0.1120832 0.0929242 0.1237433 0.0000000 0.1173790 0.1095726 0.1039044 0.0899237 0.0952875 0.0887081 0.1070675 0.0974890 0.1079403 0.1122963 0.1043271 0.1043271 0.1148378 0.1127613 0.1118445 0.1166812 0.1139371 0.1198337 
DQ989312/IND/sheep/1990/Asia1/ASIA/Unknown       0.0988298 0.1077231 0.1047245 0.1111238 0.1105534 0.0999937 0.0954495 0.0952883 0.0952883 0.1042381 0.1116708 0.1116708 0.1045023 0.1065037 0.1065037 0.0944165 0.0949460 0.0954495 0.0961688 0.1015148 0.1015148 0.1022369 0.1042564 0.1048213 0.1107010 0.1096496 0.1088098 0.1114306 0.0982877 0.1040638 0.1310670 0.1103722 0.1063713 0.1090428 0.1295587 0.1109569 0.1130350 0.1135292 0.1102899 0.1128028 0.1043011 0.1172593 0.1015040 0.1059521 0.1120606 0.1173790 0.0000000 0.0812823 0.1017669 0.1048213 0.1022390 0.1004683 0.0947638 0.0944075 0.0970449 0.0991720 0.1163978 0.1163978 0.1145374 0.1052993 0.1128575 0.1082691 0.0994036 0.1077264 
DQ989311/IND/buffalo/2002/Asia1/ASIA/Unknown     0.0892272 0.0993015 0.1051386 0.1010920 0.1016479 0.1013189 0.0980947 0.0979264 0.0979264 0.1046490 0.1032450 0.1032450 0.1031304 0.1083171 0.1083171 0.0979883 0.0979432 0.0980947 0.0988321 0.1019087 0.1019087 0.1039195 0.1008068 0.0943130 0.0992386 0.0969186 0.1098685 0.1101931 0.0964506 0.1092437 0.1358391 0.1152014 0.0932165 0.1168299 0.1379167 0.1187916 0.1090556 0.1000898 0.1025669 0.1107148 0.0928881 0.1060470 0.0969053 0.0960894 0.1054724 0.1095726 0.0812823 0.0000000 0.0951451 0.0943130 0.1034252 0.0970182 0.0976106 0.0900120 0.0995826 0.1028459 0.0993401 0.0993401 0.1108787 0.0951548 0.1069336 0.1153687 0.0973027 0.1115742 
DQ989310/IND/cattle/1999/Asia1/ASIA/Unknown      0.0876444 0.0744801 0.1088966 0.1070478 0.1076151 0.1036254 0.0965208 0.0978227 0.0978227 0.1083996 0.1092410 0.1092410 0.1081233 0.1075212 0.1075212 0.0953330 0.0947926 0.0965208 0.0972576 0.1040668 0.1040668 0.1022589 0.1073423 0.0869914 0.0418365 0.1073182 0.1119901 0.1039582 0.0982950 0.0952471 0.1367944 0.0999211 0.0909241 0.0994022 0.1361249 0.1041361 0.1188257 0.1101307 0.1122432 0.1185186 0.0975382 0.1159665 0.1057450 0.0920703 0.1157772 0.1039044 0.1017669 0.0951451 0.0000000 0.0869914 0.1011001 0.0966342 0.1091976 0.0916474 0.1113721 0.1149691 0.1119463 0.1119463 0.1197000 0.1021689 0.1119512 0.0993194 0.0748967 0.1002960 
DQ989309/IND/cattle/1996/Asia1/ASIA/Unknown      0.0925567 0.1082803 0.0975127 0.1077409 0.1082947 0.0938014 0.0855380 0.0891257 0.0891257 0.0970411 0.1098810 0.1098810 0.0989596 0.0972508 0.0972508 0.0854523 0.0859578 0.0855380 0.0857227 0.0950223 0.0950223 0.0934906 0.0966977 0.0000010 0.1058158 0.1008854 0.1047736 0.0998598 0.0951794 0.0958133 0.1177757 0.1018017 0.0966029 0.1008471 0.1205922 0.1035916 0.1055700 0.0994747 0.1027010 0.1067675 0.0813100 0.1104711 0.0948577 0.0824858 0.1069178 0.0899237 0.1048213 0.0943130 0.0869914 0.0000000 0.0589487 0.0769835 0.0918290 0.0802679 0.0937266 0.0977971 0.0900297 0.0900297 0.1053207 0.1035776 0.0964061 0.0991093 0.1046868 0.1017937 
DQ989308/IND/cattle/1994/Asia1/ASIA/Unknown      0.1017554 0.1121411 0.1028420 0.1075731 0.1070189 0.0981618 0.0926358 0.0943195 0.0943195 0.1023639 0.1086100 0.1086100 0.1043139 0.1047218 0.1047218 0.0925396 0.0930603 0.0926358 0.0933359 0.1002838 0.1002838 0.0972157 0.1020263 0.0589487 0.1162865 0.1046959 0.1098815 0.1081276 0.0968578 0.1046572 0.1097908 0.1109313 0.1020962 0.1108678 0.1224896 0.1137445 0.1201465 0.1121535 0.1174055 0.1217157 0.0832030 0.1255907 0.1099010 0.0861423 0.1220012 0.0952875 0.1022390 0.1034252 0.1011001 0.0589487 0.0000000 0.0851256 0.0670295 0.0845166 0.0674121 0.0700610 0.1058645 0.1058645 0.1013603 0.1173304 0.1050338 0.1055930 0.1093273 0.1065916 
DQ989307/IND/cattle/1992/Asia1/ASIA/Unknown      0.0990656 0.1077892 0.1075561 0.1030323 0.1024901 0.1033481 0.0963716 0.0996666 0.0996666 0.1070693 0.1040494 0.1040494 0.1079133 0.1089140 0.1089140 0.0962689 0.0968018 0.0963716 0.0970950 0.1048829 0.1048829 0.1036194 0.1057355 0.0769835 0.1136503 0.1039346 0.1135057 0.1008092 0.0951790 0.1004526 0.1244523 0.1070772 0.0972700 0.1067446 0.1405733 0.1061856 0.1147395 0.1053422 0.1089096 0.1113080 0.0853212 0.1137628 0.1016292 0.0843871 0.1159544 0.0887081 0.1004683 0.0970182 0.0966342 0.0769835 0.0851256 0.0000000 0.1002445 0.0397478 0.1018257 0.1045964 0.0970801 0.0970801 0.1187102 0.1045179 0.0955902 0.1048980 0.1035137 0.1054517 
DQ989306/IND/cattle/1986/Asia1/ASIA/Unknown      0.1065404 0.1180261 0.1041745 0.1080051 0.1074402 0.1006689 0.0946387 0.0968633 0.0968633 0.1036867 0.1090619 0.1090619 0.1039558 0.1051453 0.1051453 0.0936023 0.0941334 0.0946387 0.0953589 0.1004502 0.1004502 0.0999796 0.1032339 0.0918290 0.1215729 0.1009839 0.1139431 0.1095024 0.0963855 0.1091003 0.0985156 0.1144589 0.0998701 0.1128992 0.1114137 0.1171916 0.1151450 0.1092542 0.1132853 0.1144585 0.0977960 0.1191780 0.1043595 0.0971964 0.1157298 0.1070675 0.0947638 0.0976106 0.1091976 0.0918290 0.0670295 0.1002445 0.0000000 0.0971871 0.0041506 0.0050639 0.1130600 0.1130600 0.0625613 0.1048084 0.1009102 0.1110255 0.1130537 0.1075602 
DQ989305/IND/cattle/1990/Asia1/ASIA/Unknown      0.0923222 0.1102375 0.1074746 0.1034033 0.1028477 0.1064098 0.0990555 0.1014800 0.1014800 0.1069763 0.1044451 0.1044451 0.1099873 0.1105053 0.1105053 0.0989461 0.0994969 0.0990555 0.0998084 0.1063230 0.1063230 0.1076842 0.1067882 0.0802679 0.1073347 0.1012338 0.1115699 0.0984044 0.1042161 0.0912722 0.1158129 0.0967548 0.0936448 0.0983612 0.1247389 0.1002330 0.1094115 0.0994570 0.1005773 0.1088444 0.0848266 0.1089528 0.0965692 0.0809389 0.1056427 0.0974890 0.0944075 0.0900120 0.0916474 0.0802679 0.0845166 0.0397478 0.0971871 0.0000000 0.0982290 0.1014917 0.0988348 0.0988348 0.1072774 0.1015733 0.0915913 0.0940043 0.0997271 0.0972030 
DQ989304/IND/cattle/2000/Asia1/ASIA/Unknown      0.1086968 0.1169954 0.1062814 0.1107008 0.1101275 0.1027277 0.0966266 0.0988716 0.0988716 0.1057885 0.1117717 0.1117717 0.1060575 0.1072839 0.1072839 0.0955768 0.0961148 0.0966266 0.0973598 0.1025021 0.1025021 0.1020353 0.1053231 0.0937266 0.1232378 0.1045677 0.1149903 0.1105909 0.0958556 0.1121829 0.1004733 0.1176433 0.1024352 0.1160558 0.1145710 0.1204147 0.1194227 0.1134313 0.1175185 0.1187604 0.1017280 0.1230916 0.1074155 0.0997083 0.1206291 0.1079403 0.0970449 0.0995826 0.1113721 0.0937266 0.0674121 0.1018257 0.0041506 0.0982290 0.0000000 0.0038618 0.1146001 0.1146001 0.0644274 0.1078212 0.1021927 0.1141532 0.1119583 0.1106147 
DQ989303/IND/cattle/1993/Asia1/ASIA/Unknown      0.1122659 0.1216457 0.1097678 0.1137363 0.1131522 0.1061358 0.0999198 0.1021973 0.1021973 0.1092666 0.1148256 0.1148256 0.1095354 0.1108235 0.1108235 0.0988481 0.0993973 0.0999198 0.1006745 0.1058986 0.1058986 0.1054383 0.1087803 0.0977971 0.1270743 0.1075032 0.1197954 0.1146104 0.1002055 0.1141920 0.1037215 0.1197075 0.1053049 0.1181052 0.1181762 0.1224981 0.1214453 0.1154132 0.1195221 0.1207957 0.1045789 0.1251539 0.1093293 0.1034754 0.1226844 0.1122963 0.0991720 0.1028459 0.1149691 0.0977971 0.0700610 0.1045964 0.0050639 0.1014917 0.0038618 0.0000000 0.1164362 0.1164362 0.0669704 0.1112416 0.1054939 0.1161877 0.1140511 0.1126086 
AY593800/LBN/Unknown/1983/Asia1/ASIA/Unknown     0.1083868 0.1203470 0.1146490 0.1015621 0.1021130 0.1141054 0.1052772 0.1079935 0.1079935 0.1141500 0.1025897 0.1025897 0.1144140 0.1183858 0.1183858 0.1054509 0.1060064 0.1052772 0.1060486 0.1107441 0.1107441 0.1130933 0.1131954 0.0900297 0.1241212 0.1073394 0.1197550 0.0994691 0.1109328 0.0974216 0.1251634 0.1035573 0.0959741 0.1025728 0.1240531 0.1063817 0.1141628 0.1074275 0.1083317 0.1170364 0.0950768 0.1129120 0.1044637 0.0959268 0.1159034 0.1043271 0.1163978 0.0993401 0.1119463 0.0900297 0.1058645 0.0970801 0.1130600 0.0988348 0.1146001 0.1164362 0.0000000 0.0000010 0.1195441 0.1047099 0.1002689 0.1046338 0.1109414 0.0996307 
