58
MN366244/BGD/cattle/2018/Asia1/ASIA/Unknown      0.0000000 0.0776737 0.0659271 0.0732794 0.0732794 0.0767240 0.0580783 0.0606302 0.0606302 0.0659271 0.0712004 0.0712004 0.0607306 0.0607306 0.0580783 0.0634969 0.0685967 0.0834275 0.1087934 0.0623146 0.0710814 0.0634424 0.0723862 0.0671029 0.0993283 0.0723839 0.0848833 0.0703842 0.0619679 0.0703842 0.0727371 0.0829029 0.0682878 0.0743945 0.0881411 0.0733527 0.0623258 0.0663582 0.0853747 0.0714106 0.0803145 0.0610242 0.0762435 0.0834275 0.0802721 0.0636905 0.0713882 0.0738782 0.0713882 0.0687161 0.0604861 0.0604861 0.0563173 0.0719740 0.0942723 0.0696867 0.1001344 0.0942870 
JF749849/PAK/Unknown/2002/Asia1/ASIA/Unknown     0.0776737 0.0000000 0.0632002 0.0617146 0.0617146 0.0683427 0.0554408 0.0579647 0.0579647 0.0632002 0.0630072 0.0630072 0.0580599 0.0580599 0.0554408 0.0660244 0.0658405 0.0790106 0.1503674 0.0627590 0.0683060 0.0666860 0.0699597 0.0631379 0.0945960 0.0684513 0.0401243 0.0664020 0.0870901 0.0664020 0.0627349 0.0667410 0.0634880 0.0641051 0.0710889 0.0632504 0.0526293 0.0637639 0.0744308 0.0562848 0.0839472 0.0777576 0.0992925 0.0790106 0.0756866 0.0611102 0.0684519 0.0693722 0.0684519 0.0712573 0.0728059 0.0728059 0.0695117 0.0989573 0.0704419 0.0657391 0.0628771 0.0904574 
OM471680/PAK/buffalo/2012/Asia1/ASIA/Unknown     0.0659271 0.0632002 0.0000000 0.0439919 0.0439919 0.0156631 0.0057165 0.0037902 0.0037902 0.0000010 0.0116137 0.0116137 0.0076697 0.0076697 0.0057165 0.0136621 0.0018844 0.0845019 0.1486547 0.0644769 0.0197796 0.0554259 0.0525387 0.0527583 0.1007450 0.0604125 0.0598086 0.0557790 0.0893841 0.0557790 0.0569726 0.0608499 0.0576273 0.0581643 0.0878535 0.0574247 0.0472097 0.0585473 0.0651729 0.0586570 0.0701115 0.0606075 0.0875518 0.0845019 0.0754416 0.0483457 0.0797785 0.0745774 0.0797785 0.0826062 0.0727395 0.0727395 0.0753767 0.1001795 0.0616248 0.0552459 0.0802940 0.0813757 
OM471679/PAK/cattle/2012/Asia1/ASIA/Unknown      0.0732794 0.0617146 0.0439919 0.0000000 0.0000010 0.0540465 0.0367199 0.0390935 0.0390935 0.0439919 0.0438640 0.0438640 0.0391546 0.0391546 0.0367199 0.0465950 0.0464720 0.0767152 0.1326223 0.0537774 0.0488426 0.0552081 0.0662144 0.0678796 0.0996220 0.0734532 0.0634917 0.0713511 0.0828649 0.0713511 0.0508912 0.0546310 0.0455427 0.0519496 0.0757611 0.0512955 0.0411177 0.0492811 0.0615635 0.0710079 0.0893830 0.0683464 0.0831926 0.0767152 0.0709101 0.0393668 0.0632980 0.0735531 0.0632980 0.0660715 0.0709290 0.0709290 0.0587655 0.0981253 0.0635835 0.0706046 0.0883791 0.0905823 
OM471678/PAK/cattle/2012/Asia1/ASIA/Unknown      0.0732794 0.0617146 0.0439919 0.0000010 0.0000000 0.0540465 0.0367199 0.0390935 0.0390935 0.0439919 0.0438640 0.0438640 0.0391546 0.0391546 0.0367199 0.0465950 0.0464720 0.0767152 0.1326223 0.0537774 0.0488426 0.0552081 0.0662144 0.0678796 0.0996220 0.0734532 0.0634917 0.0713511 0.0828649 0.0713511 0.0508912 0.0546310 0.0455427 0.0519496 0.0757611 0.0512955 0.0411177 0.0492811 0.0615635 0.0710079 0.0893830 0.0683464 0.0831926 0.0767152 0.0709101 0.0393668 0.0632980 0.0735531 0.0632980 0.0660715 0.0709290 0.0709290 0.0587655 0.0981253 0.0635835 0.0706046 0.0883791 0.0905823 
OM471677/PAK/buffalo/2012/Asia1/ASIA/Unknown     0.0767240 0.0683427 0.0156631 0.0540465 0.0540465 0.0000000 0.0136240 0.0116137 0.0116137 0.0156631 0.0197728 0.0197728 0.0156690 0.0156690 0.0136240 0.0219341 0.0177185 0.0904044 0.1651808 0.0749668 0.0197859 0.0657746 0.0574429 0.0629560 0.1067532 0.0656333 0.0649694 0.0662015 0.1012866 0.0662015 0.0620431 0.0714793 0.0679972 0.0686639 0.0999109 0.0677370 0.0570321 0.0691163 0.0763020 0.0694209 0.0754857 0.0712100 0.0935186 0.0904044 0.0868744 0.0585061 0.0912063 0.0858495 0.0912063 0.0941450 0.0783919 0.0783919 0.0867884 0.1100536 0.0667616 0.0655440 0.0803430 0.0871832 
OM471676/PAK/cattle/2011/Asia1/ASIA/Unknown      0.0580783 0.0554408 0.0057165 0.0367199 0.0367199 0.0136240 0.0000000 0.0018841 0.0018841 0.0057165 0.0096211 0.0096211 0.0018865 0.0018865 0.0000010 0.0076796 0.0076638 0.0758630 0.1365167 0.0568412 0.0136200 0.0479189 0.0451778 0.0453606 0.0915104 0.0527744 0.0522567 0.0482192 0.0806980 0.0482192 0.0495511 0.0531344 0.0500972 0.0505461 0.0790701 0.0499327 0.0400826 0.0508788 0.0571085 0.0561600 0.0622433 0.0529149 0.0788157 0.0758630 0.0671311 0.0409945 0.0714569 0.0663802 0.0714569 0.0741985 0.0644819 0.0644819 0.0670804 0.0909952 0.0541028 0.0477720 0.0716029 0.0728747 
OM471675/PAK/cattle/2011/Asia1/ASIA/Unknown      0.0606302 0.0579647 0.0037902 0.0390935 0.0390935 0.0116137 0.0018841 0.0000000 0.0000010 0.0037902 0.0076549 0.0076549 0.0037916 0.0037916 0.0018841 0.0096475 0.0057165 0.0786612 0.1404092 0.0593256 0.0156433 0.0503644 0.0475775 0.0477720 0.0944936 0.0552607 0.0547155 0.0506816 0.0835102 0.0506816 0.0519691 0.0556449 0.0525495 0.0530263 0.0819139 0.0523731 0.0424091 0.0533751 0.0597286 0.0587206 0.0647998 0.0554178 0.0816440 0.0786612 0.0698270 0.0433911 0.0741551 0.0690403 0.0741551 0.0769234 0.0671612 0.0671612 0.0697719 0.0939624 0.0565515 0.0502071 0.0744181 0.0756302 
OM471674/PAK/cattle/2011/Asia1/ASIA/Unknown      0.0606302 0.0579647 0.0037902 0.0390935 0.0390935 0.0116137 0.0018841 0.0000010 0.0000000 0.0037902 0.0076549 0.0076549 0.0037916 0.0037916 0.0018841 0.0096475 0.0057165 0.0786612 0.1404092 0.0593256 0.0156433 0.0503644 0.0475775 0.0477720 0.0944936 0.0552607 0.0547155 0.0506816 0.0835102 0.0506816 0.0519691 0.0556449 0.0525495 0.0530263 0.0819139 0.0523731 0.0424091 0.0533751 0.0597286 0.0587206 0.0647998 0.0554178 0.0816440 0.0786612 0.0698270 0.0433911 0.0741551 0.0690403 0.0741551 0.0769234 0.0671612 0.0671612 0.0697719 0.0939624 0.0565515 0.0502071 0.0744181 0.0756302 
OM471673/PAK/cattle/2012/Asia1/ASIA/Unknown      0.0659271 0.0632002 0.0000010 0.0439919 0.0439919 0.0156631 0.0057165 0.0037902 0.0037902 0.0000000 0.0116137 0.0116137 0.0076697 0.0076697 0.0057165 0.0136621 0.0018844 0.0845019 0.1486547 0.0644769 0.0197796 0.0554259 0.0525387 0.0527583 0.1007450 0.0604125 0.0598086 0.0557790 0.0893841 0.0557790 0.0569726 0.0608499 0.0576273 0.0581643 0.0878535 0.0574247 0.0472097 0.0585473 0.0651729 0.0586570 0.0701115 0.0606075 0.0875518 0.0845019 0.0754416 0.0483457 0.0797785 0.0745774 0.0797785 0.0826062 0.0727395 0.0727395 0.0753767 0.1001795 0.0616248 0.0552459 0.0802940 0.0813757 
OM471669/PAK/cattle/2012/Asia1/ASIA/Unknown      0.0712004 0.0630072 0.0116137 0.0438640 0.0438640 0.0197728 0.0096211 0.0076549 0.0076549 0.0116137 0.0000000 0.0000010 0.0116180 0.0116180 0.0096211 0.0177400 0.0136240 0.0902790 0.1400645 0.0592214 0.0197664 0.0552611 0.0575036 0.0526034 0.0943031 0.0602306 0.0546199 0.0556120 0.0951790 0.0556120 0.0568054 0.0606647 0.0574558 0.0579891 0.0817532 0.0522822 0.0470757 0.0583699 0.0649661 0.0586142 0.0646833 0.0604235 0.0933878 0.0902790 0.0753850 0.0482041 0.0795216 0.0745222 0.0795216 0.0823383 0.0725051 0.0725051 0.0751334 0.0937730 0.0614422 0.0550824 0.0800237 0.0811085 
OM471668/PAK/cattle/2012/Asia1/ASIA/Unknown      0.0712004 0.0630072 0.0116137 0.0438640 0.0438640 0.0197728 0.0096211 0.0076549 0.0076549 0.0116137 0.0000010 0.0000000 0.0116180 0.0116180 0.0096211 0.0177400 0.0136240 0.0902790 0.1400645 0.0592214 0.0197664 0.0552611 0.0575036 0.0526034 0.0943031 0.0602306 0.0546199 0.0556120 0.0951790 0.0556120 0.0568054 0.0606647 0.0574558 0.0579891 0.0817532 0.0522822 0.0470757 0.0583699 0.0649661 0.0586142 0.0646833 0.0604235 0.0933878 0.0902790 0.0753850 0.0482041 0.0795216 0.0745222 0.0795216 0.0823383 0.0725051 0.0725051 0.0751334 0.0937730 0.0614422 0.0550824 0.0800237 0.0811085 
OM471667/PAK/buffalo/2011/Asia1/ASIA/Unknown     0.0607306 0.0580599 0.0076697 0.0391546 0.0391546 0.0156690 0.0018865 0.0037916 0.0037916 0.0076697 0.0116180 0.0116180 0.0000000 0.0000010 0.0018865 0.0096600 0.0096399 0.0788019 0.1407291 0.0594213 0.0156643 0.0504449 0.0476523 0.0478474 0.0946708 0.0553502 0.0548032 0.0507631 0.0836595 0.0507631 0.0520512 0.0557360 0.0526337 0.0531121 0.0820613 0.0524566 0.0424739 0.0534621 0.0598304 0.0588184 0.0649070 0.0555082 0.0817912 0.0788019 0.0699484 0.0434595 0.0742836 0.0691588 0.0742836 0.0770576 0.0672775 0.0672775 0.0698930 0.0941376 0.0566416 0.0502870 0.0745527 0.0757638 
OM471666/PAK/buffalo/2011/Asia1/ASIA/Unknown     0.0607306 0.0580599 0.0076697 0.0391546 0.0391546 0.0156690 0.0018865 0.0037916 0.0037916 0.0076697 0.0116180 0.0116180 0.0000010 0.0000000 0.0018865 0.0096600 0.0096399 0.0788019 0.1407291 0.0594213 0.0156643 0.0504449 0.0476523 0.0478474 0.0946708 0.0553502 0.0548032 0.0507631 0.0836595 0.0507631 0.0520512 0.0557360 0.0526337 0.0531121 0.0820613 0.0524566 0.0424739 0.0534621 0.0598304 0.0588184 0.0649070 0.0555082 0.0817912 0.0788019 0.0699484 0.0434595 0.0742836 0.0691588 0.0742836 0.0770576 0.0672775 0.0672775 0.0698930 0.0941376 0.0566416 0.0502870 0.0745527 0.0757638 
OM471665/PAK/buffalo/2011/Asia1/ASIA/Unknown     0.0580783 0.0554408 0.0057165 0.0367199 0.0367199 0.0136240 0.0000010 0.0018841 0.0018841 0.0057165 0.0096211 0.0096211 0.0018865 0.0018865 0.0000000 0.0076796 0.0076638 0.0758630 0.1365167 0.0568412 0.0136200 0.0479189 0.0451778 0.0453606 0.0915104 0.0527744 0.0522567 0.0482192 0.0806980 0.0482192 0.0495511 0.0531344 0.0500972 0.0505461 0.0790701 0.0499327 0.0400826 0.0508788 0.0571085 0.0561600 0.0622433 0.0529149 0.0788157 0.0758630 0.0671311 0.0409945 0.0714569 0.0663802 0.0714569 0.0741985 0.0644819 0.0644819 0.0670804 0.0909952 0.0541028 0.0477720 0.0716029 0.0728747 
OM471661/PAK/cattle/2012/Asia1/ASIA/Unknown      0.0634969 0.0660244 0.0136621 0.0465950 0.0465950 0.0219341 0.0076796 0.0096475 0.0096475 0.0136621 0.0177400 0.0177400 0.0096600 0.0096600 0.0076796 0.0000000 0.0157004 0.0818909 0.1452485 0.0672560 0.0219268 0.0581397 0.0502182 0.0503154 0.1042096 0.0578980 0.0625473 0.0532851 0.0926136 0.0532851 0.0596563 0.0636530 0.0552698 0.0609254 0.0911183 0.0601359 0.0497644 0.0613278 0.0681184 0.0669040 0.0676894 0.0634023 0.0907976 0.0818909 0.0728995 0.0509882 0.0828503 0.0720677 0.0828503 0.0800597 0.0702037 0.0702037 0.0784299 0.0974590 0.0643557 0.0527803 0.0835102 0.0845184 
OM471660/PAK/buffalo/2012/Asia1/ASIA/Unknown     0.0685967 0.0658405 0.0018844 0.0464720 0.0464720 0.0177185 0.0076638 0.0057165 0.0057165 0.0018844 0.0136240 0.0136240 0.0096399 0.0096399 0.0076638 0.0157004 0.0000000 0.0874373 0.1527576 0.0670720 0.0218788 0.0579822 0.0550448 0.0552773 0.1038781 0.0630111 0.0623775 0.0583535 0.0923318 0.0583535 0.0594969 0.0634763 0.0601900 0.0607581 0.0908372 0.0599737 0.0496361 0.0611583 0.0679209 0.0612745 0.0727859 0.0632268 0.0905190 0.0874373 0.0782683 0.0508523 0.0826062 0.0773650 0.0826062 0.0854620 0.0755509 0.0755509 0.0781984 0.1032950 0.0641819 0.0577902 0.0832527 0.0842643 
MF372126/IND/gayal/1994/Asia1/ASIA/Unknown       0.0834275 0.0790106 0.0845019 0.0767152 0.0767152 0.0904044 0.0758630 0.0786612 0.0786612 0.0845019 0.0902790 0.0902790 0.0788019 0.0788019 0.0758630 0.0818909 0.0874373 0.0000000 0.1371554 0.0922926 0.0901116 0.0802634 0.0900096 0.0744421 0.1230708 0.0858672 0.0749023 0.0779816 0.0812307 0.0779816 0.0838372 0.1015098 0.0910868 0.0982136 0.1283782 0.0966147 0.0841010 0.0979497 0.1045681 0.0803990 0.0941039 0.0808827 0.1080995 0.0000010 0.0357751 0.0769113 0.0703383 0.0573431 0.0703383 0.0676277 0.0632464 0.0632464 0.0828105 0.0784015 0.0991331 0.0771669 0.1077349 0.1099848 
MF372125/IND/gayal/2016/Asia1/ASIA/Unknown       0.1087934 0.1503674 0.1486547 0.1326223 0.1326223 0.1651808 0.1365167 0.1404092 0.1404092 0.1486547 0.1400645 0.1400645 0.1407291 0.1407291 0.1365167 0.1452485 0.1527576 0.1371554 0.0000000 0.1067144 0.1481610 0.1216217 0.1517947 0.1228131 0.1622749 0.1381932 0.1544696 0.1281902 0.1065614 0.1281902 0.0994471 0.1216318 0.1014228 0.1100967 0.1329029 0.1008472 0.0929974 0.1516627 0.1182627 0.1343072 0.1532339 0.1369252 0.1241004 0.1371554 0.1325540 0.1256293 0.1346823 0.1193297 0.1346823 0.1307691 0.1316048 0.1316048 0.1236071 0.1281602 0.1624474 0.1264214 0.2123539 0.1729352 
MF782478/BGD/cattle/2013/Asia1/ASIA/Unknown      0.0623146 0.0627590 0.0644769 0.0537774 0.0537774 0.0749668 0.0568412 0.0593256 0.0593256 0.0644769 0.0592214 0.0592214 0.0594213 0.0594213 0.0568412 0.0672560 0.0670720 0.0922926 0.1067144 0.0000000 0.0643292 0.0497054 0.0681881 0.0672639 0.0786159 0.0725574 0.0696612 0.0705546 0.0578410 0.0705546 0.0348599 0.0425177 0.0352056 0.0354925 0.0509823 0.0306504 0.0261173 0.0685776 0.0435654 0.0635804 0.0704566 0.0596975 0.0691937 0.0922926 0.0719670 0.0554294 0.0558516 0.0606208 0.0558516 0.0584369 0.0691480 0.0691480 0.0566653 0.0750645 0.0754198 0.0698537 0.0914248 0.0887120 
KM268898/TUR/cattle/2013/Asia1/ASIA/Unknown      0.0710814 0.0683060 0.0197796 0.0488426 0.0488426 0.0197859 0.0136200 0.0156433 0.0156433 0.0197796 0.0197664 0.0197664 0.0156643 0.0156643 0.0136200 0.0219268 0.0218788 0.0901116 0.1481610 0.0643292 0.0000000 0.0603917 0.0574148 0.0576590 0.1004729 0.0654454 0.0596729 0.0607791 0.0950020 0.0607791 0.0568456 0.0659360 0.0625988 0.0631951 0.0876244 0.0572954 0.0519451 0.0636103 0.0704823 0.0586570 0.0754438 0.0656808 0.0873246 0.0901116 0.0752539 0.0532362 0.0851961 0.0743944 0.0851961 0.0880692 0.0725595 0.0725595 0.0751895 0.0972772 0.0665735 0.0601887 0.0800855 0.0869052 
JN006720/PAK/Unknown/2009/Asia1/ASIA/Unknown     0.0634424 0.0666860 0.0554259 0.0552081 0.0552081 0.0657746 0.0479189 0.0503644 0.0503644 0.0554259 0.0552611 0.0552611 0.0504449 0.0504449 0.0479189 0.0581397 0.0579822 0.0802634 0.1216217 0.0497054 0.0603917 0.0000000 0.0590568 0.0659764 0.0929549 0.0769798 0.0684155 0.0693076 0.0785150 0.0693076 0.0573179 0.0612356 0.0579822 0.0585271 0.0826215 0.0577763 0.0474811 0.0704724 0.0627617 0.0762778 0.0610770 0.0636412 0.0767577 0.0802634 0.0770647 0.0489802 0.0690294 0.0675720 0.0690294 0.0718568 0.0702853 0.0702853 0.0673064 0.0771205 0.0925875 0.0686078 0.0825454 0.0999957 
JN006719/PAK/Unknown/2008/Asia1/ASIA/Unknown     0.0723862 0.0699597 0.0525387 0.0662144 0.0662144 0.0574429 0.0451778 0.0475775 0.0475775 0.0525387 0.0575036 0.0575036 0.0476523 0.0476523 0.0451778 0.0502182 0.0550448 0.0900096 0.1517947 0.0681881 0.0574148 0.0590568 0.0000000 0.0613460 0.1108245 0.0694122 0.0806700 0.0646133 0.0967654 0.0646133 0.0685705 0.0788335 0.0695943 0.0758590 0.0899963 0.0693182 0.0634823 0.0628587 0.0841529 0.0774872 0.0719784 0.0810475 0.0987120 0.0900096 0.0805048 0.0598495 0.0875098 0.0681159 0.0875098 0.0846192 0.0688210 0.0688210 0.0829922 0.1028274 0.0846697 0.0639646 0.0914122 0.0886092 
HQ631363/CHN/pig/2006/Asia1/ASIA/Unknown         0.0671029 0.0631379 0.0527583 0.0678796 0.0678796 0.0629560 0.0453606 0.0477720 0.0477720 0.0527583 0.0526034 0.0526034 0.0478474 0.0478474 0.0453606 0.0503154 0.0552773 0.0744421 0.1228131 0.0672639 0.0576590 0.0659764 0.0613460 0.0000000 0.0955093 0.0076826 0.0650244 0.0038062 0.0525162 0.0038062 0.0724867 0.0770140 0.0733895 0.0741287 0.0849973 0.0730968 0.0621281 0.0638479 0.0790474 0.0476838 0.0811077 0.0710813 0.0868904 0.0744421 0.0659383 0.0507003 0.0692717 0.0704735 0.0692717 0.0720026 0.0659454 0.0659454 0.0701416 0.0827763 0.0659984 0.0018865 0.0832989 0.0313129 
HQ632774/MYS/cattle/1999/Asia1/ASIA/Unknown      0.0993283 0.0945960 0.1007450 0.0996220 0.0996220 0.1067532 0.0915104 0.0944936 0.0944936 0.1007450 0.0943031 0.0943031 0.0946708 0.0946708 0.0915104 0.1042096 0.1038781 0.1230708 0.1622749 0.0786159 0.1004729 0.0929549 0.1108245 0.0955093 0.0000000 0.1079391 0.0963322 0.0995779 0.0862419 0.0995779 0.0935535 0.1055940 0.0948951 0.0960012 0.1096711 0.0826232 0.0819260 0.0894624 0.1022983 0.0841112 0.1021004 0.0879399 0.1091323 0.1230708 0.1007887 0.0923210 0.0886489 0.0797541 0.0886489 0.0916507 0.0949776 0.0949776 0.0838794 0.0915062 0.1092542 0.0984550 0.1166978 0.1347760 
FJ906802/CHN/pig/2006/Asia1/ASIA/Unknown         0.0723839 0.0684513 0.0604125 0.0734532 0.0734532 0.0656333 0.0527744 0.0552607 0.0552607 0.0604125 0.0602306 0.0602306 0.0553502 0.0553502 0.0527744 0.0578980 0.0630111 0.0858672 0.1381932 0.0725574 0.0654454 0.0769798 0.0694122 0.0076826 0.1079391 0.0000000 0.0703120 0.0116870 0.0575596 0.0116870 0.0778840 0.0826479 0.0788794 0.0796948 0.0909579 0.0785523 0.0673246 0.0692281 0.0910045 0.0526208 0.0889839 0.0822985 0.0990523 0.0858672 0.0769349 0.0610852 0.0768176 0.0815438 0.0768176 0.0796085 0.0769690 0.0769690 0.0777899 0.0945659 0.0680609 0.0096512 0.0773175 0.0268011 
HQ113233/AFG/cow/2009/Asia1/ASIA/Unknown         0.0848833 0.0401243 0.0598086 0.0634917 0.0634917 0.0649694 0.0522567 0.0547155 0.0547155 0.0598086 0.0546199 0.0546199 0.0548032 0.0548032 0.0522567 0.0625473 0.0623775 0.0749023 0.1544696 0.0696612 0.0596729 0.0684155 0.0806700 0.0650244 0.0963322 0.0703120 0.0000000 0.0682903 0.0827223 0.0682903 0.0592463 0.0684751 0.0547656 0.0604963 0.0904313 0.0597190 0.0494280 0.0709501 0.0703867 0.0531621 0.0798894 0.0739065 0.0974639 0.0749023 0.0717046 0.0682803 0.0759527 0.0710758 0.0759527 0.0788010 0.0802332 0.0802332 0.0888082 0.0855761 0.0828150 0.0676123 0.0648403 0.0922201 
GQ452295/VNM/cattle/2007/Asia1/ASIA/Unknown      0.0703842 0.0664020 0.0557790 0.0713511 0.0713511 0.0662015 0.0482192 0.0506816 0.0506816 0.0557790 0.0556120 0.0556120 0.0507631 0.0507631 0.0482192 0.0532851 0.0583535 0.0779816 0.1281902 0.0705546 0.0607791 0.0693076 0.0646133 0.0038062 0.0995779 0.0116870 0.0682903 0.0000000 0.0555193 0.0000010 0.0758917 0.0806136 0.0768618 0.0776565 0.0914943 0.0765445 0.0653111 0.0671599 0.0827936 0.0505812 0.0848567 0.0690851 0.0907823 0.0779816 0.0692671 0.0560397 0.0727105 0.0738670 0.0727105 0.0755043 0.0692816 0.0692816 0.0736380 0.0865098 0.0693274 0.0057379 0.0872211 0.0338719 
GU125646/VNM/buffalo/2005/Asia1/ASIA/Unknown     0.0619679 0.0870901 0.0893841 0.0828649 0.0828649 0.1012866 0.0806980 0.0835102 0.0835102 0.0893841 0.0951790 0.0951790 0.0836595 0.0836595 0.0806980 0.0926136 0.0923318 0.0812307 0.1065614 0.0578410 0.0950020 0.0785150 0.0967654 0.0525162 0.0862419 0.0575596 0.0827223 0.0555193 0.0000000 0.0555193 0.0735618 0.0782169 0.0744986 0.0752662 0.0892750 0.0741940 0.0629970 0.0866924 0.0864625 0.0748438 0.1093125 0.0895663 0.0851739 0.0812307 0.0780743 0.0703407 0.0723879 0.0716907 0.0723879 0.0751806 0.0772942 0.0772942 0.0733111 0.0843272 0.0921283 0.0549913 0.1017549 0.0760582 
GU125645/VNM/cattle/2007/Asia1/ASIA/Unknown      0.0703842 0.0664020 0.0557790 0.0713511 0.0713511 0.0662015 0.0482192 0.0506816 0.0506816 0.0557790 0.0556120 0.0556120 0.0507631 0.0507631 0.0482192 0.0532851 0.0583535 0.0779816 0.1281902 0.0705546 0.0607791 0.0693076 0.0646133 0.0038062 0.0995779 0.0116870 0.0682903 0.0000010 0.0555193 0.0000000 0.0758917 0.0806136 0.0768618 0.0776565 0.0914943 0.0765445 0.0653111 0.0671599 0.0827936 0.0505812 0.0848567 0.0690851 0.0907823 0.0779816 0.0692671 0.0560397 0.0727105 0.0738670 0.0727105 0.0755043 0.0692816 0.0692816 0.0736380 0.0865098 0.0693274 0.0057379 0.0872211 0.0338719 
DQ989323/IND/cattle/2002/Asia1/ASIA/Unknown      0.0727371 0.0627349 0.0569726 0.0508912 0.0508912 0.0620431 0.0495511 0.0519691 0.0519691 0.0569726 0.0568054 0.0568054 0.0520512 0.0520512 0.0495511 0.0596563 0.0594969 0.0838372 0.0994471 0.0348599 0.0568456 0.0573179 0.0685705 0.0724867 0.0935535 0.0778840 0.0592463 0.0758917 0.0735618 0.0758917 0.0000000 0.0222865 0.0158042 0.0159204 0.0486632 0.0157700 0.0116338 0.0685550 0.0227899 0.0774087 0.0708505 0.0676793 0.0801577 0.0838372 0.0861267 0.0554038 0.0693250 0.0740578 0.0693250 0.0720622 0.0775745 0.0775745 0.0649269 0.0869492 0.0806257 0.0751243 0.1036622 0.0945093 
DQ989322/IND/cattle/2002/Asia1/ASIA/Unknown      0.0829029 0.0667410 0.0608499 0.0546310 0.0546310 0.0714793 0.0531344 0.0556449 0.0556449 0.0608499 0.0606647 0.0606647 0.0557360 0.0557360 0.0531344 0.0636530 0.0634763 0.1015098 0.1216318 0.0425177 0.0659360 0.0612356 0.0788335 0.0770140 0.1055940 0.0826479 0.0684751 0.0806136 0.0782169 0.0806136 0.0222865 0.0000000 0.0224943 0.0137625 0.0517508 0.0224400 0.0180450 0.0761137 0.0160476 0.0855460 0.0928931 0.0751105 0.0884967 0.1015098 0.0916671 0.0569207 0.0795708 0.0879864 0.0795708 0.0824924 0.0886081 0.0886081 0.0693358 0.0946568 0.0798771 0.0797638 0.1166587 0.1002014 
DQ989321/IND/cattle/2001/Asia1/ASIA/Unknown      0.0682878 0.0634880 0.0576273 0.0455427 0.0455427 0.0679972 0.0500972 0.0525495 0.0525495 0.0576273 0.0574558 0.0574558 0.0526337 0.0526337 0.0500972 0.0552698 0.0601900 0.0910868 0.1014228 0.0352056 0.0625988 0.0579822 0.0695943 0.0733895 0.0948951 0.0788794 0.0547656 0.0768618 0.0744986 0.0768618 0.0158042 0.0224943 0.0000000 0.0160621 0.0492154 0.0159089 0.0117327 0.0694089 0.0230079 0.0784219 0.0774289 0.0685101 0.0812245 0.0910868 0.0875313 0.0560478 0.0702035 0.0751924 0.0702035 0.0674880 0.0787977 0.0787977 0.0657425 0.0883860 0.0816711 0.0760714 0.1052384 0.0958469 
DQ989320/IND/cattle/2002/Asia1/ASIA/Unknown      0.0743945 0.0641051 0.0581643 0.0519496 0.0519496 0.0686639 0.0505461 0.0530263 0.0530263 0.0581643 0.0579891 0.0579891 0.0531121 0.0531121 0.0505461 0.0609254 0.0607581 0.0982136 0.1100967 0.0354925 0.0631951 0.0585271 0.0758590 0.0741287 0.0960012 0.0796948 0.0604963 0.0776565 0.0752662 0.0776565 0.0159204 0.0137625 0.0160621 0.0000000 0.0445105 0.0160267 0.0118170 0.0676688 0.0140592 0.0767419 0.0839430 0.0691906 0.0795622 0.0982136 0.0944909 0.0542210 0.0709228 0.0791352 0.0709228 0.0737463 0.0854716 0.0854716 0.0664111 0.0928061 0.0793938 0.0768470 0.1065444 0.0969486 
DQ989319/IND/cattle/2001/Asia1/ASIA/Unknown      0.0881411 0.0710889 0.0878535 0.0757611 0.0757611 0.0999109 0.0790701 0.0819139 0.0819139 0.0878535 0.0817532 0.0817532 0.0820613 0.0820613 0.0790701 0.0911183 0.0908372 0.1283782 0.1329029 0.0509823 0.0876244 0.0826215 0.0899963 0.0849973 0.1096711 0.0909579 0.0904313 0.0914943 0.0892750 0.0914943 0.0486632 0.0517508 0.0492154 0.0445105 0.0000000 0.0440709 0.0389270 0.0958214 0.0531348 0.0934646 0.1052900 0.0982615 0.1099704 0.1283782 0.1150648 0.0633860 0.0909214 0.1028090 0.0909214 0.0940523 0.1003517 0.1003517 0.0799061 0.1033419 0.1068787 0.0879009 0.1163566 0.1164228 
DQ989318/IND/cattle/2002/Asia1/ASIA/Unknown      0.0733527 0.0632504 0.0574247 0.0512955 0.0512955 0.0677370 0.0499327 0.0523731 0.0523731 0.0574247 0.0522822 0.0522822 0.0524566 0.0524566 0.0499327 0.0601359 0.0599737 0.0966147 0.1008472 0.0306504 0.0572954 0.0577763 0.0693182 0.0730968 0.0826232 0.0785523 0.0597190 0.0765445 0.0741940 0.0765445 0.0157700 0.0224400 0.0159089 0.0160267 0.0440709 0.0000000 0.0117088 0.0638114 0.0229507 0.0725541 0.0771048 0.0682442 0.0808720 0.0966147 0.0871345 0.0558495 0.0699209 0.0748815 0.0699209 0.0726881 0.0728652 0.0728652 0.0654834 0.0879798 0.0813254 0.0757623 0.0984332 0.0953921 
DQ989317/IND/buffalo/2000/Asia1/ASIA/Unknown     0.0623258 0.0526293 0.0472097 0.0411177 0.0411177 0.0570321 0.0400826 0.0424091 0.0424091 0.0472097 0.0470757 0.0470757 0.0424739 0.0424739 0.0400826 0.0497644 0.0496361 0.0841010 0.0929974 0.0261173 0.0519451 0.0474811 0.0634823 0.0621281 0.0819260 0.0673246 0.0494280 0.0653111 0.0629970 0.0653111 0.0116338 0.0180450 0.0117327 0.0118170 0.0389270 0.0117088 0.0000000 0.0581541 0.0184451 0.0666005 0.0734546 0.0625155 0.0692115 0.0841010 0.0807134 0.0455209 0.0587657 0.0688813 0.0587657 0.0613929 0.0722784 0.0722784 0.0544088 0.0814693 0.0699517 0.0646732 0.0852929 0.0830434 
DQ989315/IND/cattle/1993/Asia1/ASIA/Unknown      0.0663582 0.0637639 0.0585473 0.0492811 0.0492811 0.0691163 0.0508788 0.0533751 0.0533751 0.0585473 0.0583699 0.0583699 0.0534621 0.0534621 0.0508788 0.0613278 0.0611583 0.0979497 0.1516627 0.0685776 0.0636103 0.0704724 0.0628587 0.0638479 0.0894624 0.0692281 0.0709501 0.0671599 0.0866924 0.0671599 0.0685550 0.0761137 0.0694089 0.0676688 0.0958214 0.0638114 0.0581541 0.0000000 0.0783690 0.0501473 0.0880257 0.0726944 0.0526370 0.0979497 0.0883204 0.0457325 0.0747410 0.0699975 0.0747410 0.0776366 0.0758038 0.0758038 0.0701664 0.0873708 0.0708946 0.0664812 0.0930862 0.0853861 
DQ989314/IND/cattle/2001/Asia1/ASIA/Unknown      0.0853747 0.0744308 0.0651729 0.0615635 0.0615635 0.0763020 0.0571085 0.0597286 0.0597286 0.0651729 0.0649661 0.0649661 0.0598304 0.0598304 0.0571085 0.0681184 0.0679209 0.1045681 0.1182627 0.0435654 0.0704823 0.0627617 0.0841529 0.0790474 0.1022983 0.0910045 0.0703867 0.0827936 0.0864625 0.0827936 0.0227899 0.0160476 0.0230079 0.0140592 0.0531348 0.0229507 0.0184451 0.0783690 0.0000000 0.0881907 0.0936433 0.0714212 0.0849250 0.1045681 0.1006128 0.0583396 0.0797985 0.0844347 0.0797985 0.0828338 0.0911515 0.0911515 0.0750779 0.0912054 0.0859653 0.0818913 0.1208359 0.1099410 
DQ989313/IND/buffalo/1986/Asia1/ASIA/Unknown     0.0714106 0.0562848 0.0586570 0.0710079 0.0710079 0.0694209 0.0561600 0.0587206 0.0587206 0.0586570 0.0586142 0.0586142 0.0588184 0.0588184 0.0561600 0.0669040 0.0612745 0.0803990 0.1343072 0.0635804 0.0586570 0.0762778 0.0774872 0.0476838 0.0841112 0.0526208 0.0531621 0.0505812 0.0748438 0.0505812 0.0774087 0.0855460 0.0784219 0.0767419 0.0934646 0.0725541 0.0666005 0.0501473 0.0881907 0.0000000 0.0826684 0.0728432 0.0773847 0.0803990 0.0718337 0.0594873 0.0699985 0.0502356 0.0699985 0.0727693 0.0634125 0.0634125 0.0708885 0.0627060 0.0764414 0.0501096 0.0693069 0.0726235 
DQ989312/IND/sheep/1990/Asia1/ASIA/Unknown       0.0803145 0.0839472 0.0701115 0.0893830 0.0893830 0.0754857 0.0622433 0.0647998 0.0647998 0.0701115 0.0646833 0.0646833 0.0649070 0.0649070 0.0622433 0.0676894 0.0727859 0.0941039 0.1532339 0.0704566 0.0754438 0.0610770 0.0719784 0.0811077 0.1021004 0.0889839 0.0798894 0.0848567 0.1093125 0.0848567 0.0708505 0.0928931 0.0774289 0.0839430 0.1052900 0.0771048 0.0734546 0.0880257 0.0936433 0.0826684 0.0000000 0.0828646 0.1122989 0.0941039 0.0843596 0.0856022 0.0888483 0.0808578 0.0888483 0.0859107 0.0897330 0.0897330 0.0964140 0.0852932 0.1058027 0.0839366 0.1173814 0.1136791 
DQ989311/IND/buffalo/2002/Asia1/ASIA/Unknown     0.0610242 0.0777576 0.0606075 0.0683464 0.0683464 0.0712100 0.0529149 0.0554178 0.0554178 0.0606075 0.0604235 0.0604235 0.0555082 0.0555082 0.0529149 0.0634023 0.0632268 0.0808827 0.1369252 0.0596975 0.0656808 0.0636412 0.0810475 0.0710813 0.0879399 0.0822985 0.0739065 0.0690851 0.0895663 0.0690851 0.0676793 0.0751105 0.0685101 0.0691906 0.0982615 0.0682442 0.0625155 0.0726944 0.0714212 0.0728432 0.0828646 0.0000000 0.0799203 0.0808827 0.0833859 0.0590585 0.0586001 0.0633737 0.0586001 0.0612161 0.0614687 0.0614687 0.0594597 0.0636839 0.0694002 0.0737588 0.0907462 0.1059145 
DQ989310/IND/cattle/1999/Asia1/ASIA/Unknown      0.0762435 0.0992925 0.0875518 0.0831926 0.0831926 0.0935186 0.0788157 0.0816440 0.0816440 0.0875518 0.0933878 0.0933878 0.0817912 0.0817912 0.0788157 0.0907976 0.0905190 0.1080995 0.1241004 0.0691937 0.0873246 0.0767577 0.0987120 0.0868904 0.1091323 0.0990523 0.0974639 0.0907823 0.0851739 0.0907823 0.0801577 0.0884967 0.0812245 0.0795622 0.1099704 0.0808720 0.0692115 0.0526370 0.0849250 0.0773847 0.1122989 0.0799203 0.0000000 0.1080995 0.0980463 0.0732871 0.0952775 0.0879248 0.0952775 0.0984703 0.0994089 0.0994089 0.0968935 0.0910267 0.1023114 0.0897779 0.1323558 0.1251554 
DQ989309/IND/cattle/1996/Asia1/ASIA/Unknown      0.0834275 0.0790106 0.0845019 0.0767152 0.0767152 0.0904044 0.0758630 0.0786612 0.0786612 0.0845019 0.0902790 0.0902790 0.0788019 0.0788019 0.0758630 0.0818909 0.0874373 0.0000010 0.1371554 0.0922926 0.0901116 0.0802634 0.0900096 0.0744421 0.1230708 0.0858672 0.0749023 0.0779816 0.0812307 0.0779816 0.0838372 0.1015098 0.0910868 0.0982136 0.1283782 0.0966147 0.0841010 0.0979497 0.1045681 0.0803990 0.0941039 0.0808827 0.1080995 0.0000000 0.0357751 0.0769113 0.0703383 0.0573431 0.0703383 0.0676277 0.0632464 0.0632464 0.0828105 0.0784015 0.0991331 0.0771669 0.1077349 0.1099848 
DQ989308/IND/cattle/1994/Asia1/ASIA/Unknown      0.0802721 0.0756866 0.0754416 0.0709101 0.0709101 0.0868744 0.0671311 0.0698270 0.0698270 0.0754416 0.0753850 0.0753850 0.0699484 0.0699484 0.0671311 0.0728995 0.0782683 0.0357751 0.1325540 0.0719670 0.0752539 0.0770647 0.0805048 0.0659383 0.1007887 0.0769349 0.0717046 0.0692671 0.0780743 0.0692671 0.0861267 0.0916671 0.0875313 0.0944909 0.1150648 0.0871345 0.0807134 0.0883204 0.1006128 0.0718337 0.0843596 0.0833859 0.0980463 0.0357751 0.0000000 0.0735844 0.0649208 0.0449184 0.0649208 0.0622644 0.0604187 0.0604187 0.0714282 0.0698003 0.1017240 0.0685682 0.1037137 0.0999350 
DQ989307/IND/cattle/1992/Asia1/ASIA/Unknown      0.0636905 0.0611102 0.0483457 0.0393668 0.0393668 0.0585061 0.0409945 0.0433911 0.0433911 0.0483457 0.0482041 0.0482041 0.0434595 0.0434595 0.0409945 0.0509882 0.0508523 0.0769113 0.1256293 0.0554294 0.0532362 0.0489802 0.0598495 0.0507003 0.0923210 0.0610852 0.0682803 0.0560397 0.0703407 0.0560397 0.0554038 0.0569207 0.0560478 0.0542210 0.0633860 0.0558495 0.0455209 0.0457325 0.0583396 0.0594873 0.0856022 0.0590585 0.0732871 0.0769113 0.0735844 0.0000000 0.0697584 0.0619136 0.0697584 0.0726305 0.0537002 0.0537002 0.0594274 0.0785065 0.0772052 0.0531951 0.0838496 0.0814017 
DQ989306/IND/cattle/1986/Asia1/ASIA/Unknown      0.0713882 0.0684519 0.0797785 0.0632980 0.0632980 0.0912063 0.0714569 0.0741551 0.0741551 0.0797785 0.0795216 0.0795216 0.0742836 0.0742836 0.0714569 0.0828503 0.0826062 0.0703383 0.1346823 0.0558516 0.0851961 0.0690294 0.0875098 0.0692717 0.0886489 0.0768176 0.0759527 0.0727105 0.0723879 0.0727105 0.0693250 0.0795708 0.0702035 0.0709228 0.0909214 0.0699209 0.0587657 0.0747410 0.0797985 0.0699985 0.0888483 0.0586001 0.0952775 0.0703383 0.0649208 0.0697584 0.0000000 0.0589446 0.0000010 0.0018895 0.0594532 0.0594532 0.0244147 0.0584646 0.0830974 0.0719605 0.0992589 0.0998727 
DQ989305/IND/cattle/1990/Asia1/ASIA/Unknown      0.0738782 0.0693722 0.0745774 0.0735531 0.0735531 0.0858495 0.0663802 0.0690403 0.0690403 0.0745774 0.0745222 0.0745222 0.0691588 0.0691588 0.0663802 0.0720677 0.0773650 0.0573431 0.1193297 0.0606208 0.0743944 0.0675720 0.0681159 0.0704735 0.0797541 0.0815438 0.0710758 0.0738670 0.0716907 0.0738670 0.0740578 0.0879864 0.0751924 0.0791352 0.1028090 0.0748815 0.0688813 0.0699975 0.0844347 0.0502356 0.0808578 0.0633737 0.0879248 0.0573431 0.0449184 0.0619136 0.0589446 0.0000000 0.0589446 0.0563734 0.0597716 0.0597716 0.0706063 0.0510902 0.0881059 0.0731179 0.0899603 0.1047730 
DQ989304/IND/cattle/2000/Asia1/ASIA/Unknown      0.0713882 0.0684519 0.0797785 0.0632980 0.0632980 0.0912063 0.0714569 0.0741551 0.0741551 0.0797785 0.0795216 0.0795216 0.0742836 0.0742836 0.0714569 0.0828503 0.0826062 0.0703383 0.1346823 0.0558516 0.0851961 0.0690294 0.0875098 0.0692717 0.0886489 0.0768176 0.0759527 0.0727105 0.0723879 0.0727105 0.0693250 0.0795708 0.0702035 0.0709228 0.0909214 0.0699209 0.0587657 0.0747410 0.0797985 0.0699985 0.0888483 0.0586001 0.0952775 0.0703383 0.0649208 0.0697584 0.0000010 0.0589446 0.0000000 0.0018895 0.0594532 0.0594532 0.0244147 0.0584646 0.0830974 0.0719605 0.0992589 0.0998727 
DQ989303/IND/cattle/1993/Asia1/ASIA/Unknown      0.0687161 0.0712573 0.0826062 0.0660715 0.0660715 0.0941450 0.0741985 0.0769234 0.0769234 0.0826062 0.0823383 0.0823383 0.0770576 0.0770576 0.0741985 0.0800597 0.0854620 0.0676277 0.1307691 0.0584369 0.0880692 0.0718568 0.0846192 0.0720026 0.0916507 0.0796085 0.0788010 0.0755043 0.0751806 0.0755043 0.0720622 0.0824924 0.0674880 0.0737463 0.0940523 0.0726881 0.0613929 0.0776366 0.0828338 0.0727693 0.0859107 0.0612161 0.0984703 0.0676277 0.0622644 0.0726305 0.0018895 0.0563734 0.0018895 0.0000000 0.0568533 0.0568533 0.0265981 0.0559167 0.0859759 0.0747180 0.1025700 0.1029805 
AY593800/LBN/Unknown/1983/Asia1/ASIA/Unknown     0.0604861 0.0728059 0.0727395 0.0709290 0.0709290 0.0783919 0.0644819 0.0671612 0.0671612 0.0727395 0.0725051 0.0725051 0.0672775 0.0672775 0.0644819 0.0702037 0.0755509 0.0632464 0.1316048 0.0691480 0.0725595 0.0702853 0.0688210 0.0659454 0.0949776 0.0769690 0.0802332 0.0692816 0.0772942 0.0692816 0.0775745 0.0886081 0.0787977 0.0854716 0.1003517 0.0728652 0.0722784 0.0758038 0.0911515 0.0634125 0.0897330 0.0614687 0.0994089 0.0632464 0.0604187 0.0537002 0.0594532 0.0597716 0.0594532 0.0568533 0.0000000 0.0000010 0.0549192 0.0730456 0.0782254 0.0685809 0.0755426 0.0937330 
AY593799/LBN/Unknown/1983/Asia1/ASIA/Unknown     0.0604861 0.0728059 0.0727395 0.0709290 0.0709290 0.0783919 0.0644819 0.0671612 0.0671612 0.0727395 0.0725051 0.0725051 0.0672775 0.0672775 0.0644819 0.0702037 0.0755509 0.0632464 0.1316048 0.0691480 0.0725595 0.0702853 0.0688210 0.0659454 0.0949776 0.0769690 0.0802332 0.0692816 0.0772942 0.0692816 0.0775745 0.0886081 0.0787977 0.0854716 0.1003517 0.0728652 0.0722784 0.0758038 0.0911515 0.0634125 0.0897330 0.0614687 0.0994089 0.0632464 0.0604187 0.0537002 0.0594532 0.0597716 0.0594532 0.0568533 0.0000010 0.0000000 0.0549192 0.0730456 0.0782254 0.0685809 0.0755426 0.0937330 
AY593796/ISR/Unknown/1963/Asia1/ASIA/Unknown     0.0563173 0.0695117 0.0753767 0.0587655 0.0587655 0.0867884 0.0670804 0.0697719 0.0697719 0.0753767 0.0751334 0.0751334 0.0698930 0.0698930 0.0670804 0.0784299 0.0781984 0.0828105 0.1236071 0.0566653 0.0751895 0.0673064 0.0829922 0.0701416 0.0838794 0.0777899 0.0888082 0.0736380 0.0733111 0.0736380 0.0649269 0.0693358 0.0657425 0.0664111 0.0799061 0.0654834 0.0544088 0.0701664 0.0750779 0.0708885 0.0964140 0.0594597 0.0968935 0.0828105 0.0714282 0.0594274 0.0244147 0.0706063 0.0244147 0.0265981 0.0549192 0.0549192 0.0000000 0.0644600 0.0786616 0.0728683 0.0981058 0.0957890 
AY593795/PAK/Unknown/1954/Asia1/ASIA/Unknown     0.0719740 0.0989573 0.1001795 0.0981253 0.0981253 0.1100536 0.0909952 0.0939624 0.0939624 0.1001795 0.0937730 0.0937730 0.0941376 0.0941376 0.0909952 0.0974590 0.1032950 0.0784015 0.1281602 0.0750645 0.0972772 0.0771205 0.1028274 0.0827763 0.0915062 0.0945659 0.0855761 0.0865098 0.0843272 0.0865098 0.0869492 0.0946568 0.0883860 0.0928061 0.1033419 0.0879798 0.0814693 0.0873708 0.0912054 0.0627060 0.0852932 0.0636839 0.0910267 0.0784015 0.0698003 0.0785065 0.0584646 0.0510902 0.0584646 0.0559167 0.0730456 0.0730456 0.0644600 0.0000000 0.1113048 0.0855803 0.1213161 0.1132541 
AY390432/Unknown/Unknown/2005/Asia1/ASIA/Unknown 0.0942723 0.0704419 0.0616248 0.0635835 0.0635835 0.0667616 0.0541028 0.0565515 0.0565515 0.0616248 0.0614422 0.0614422 0.0566416 0.0566416 0.0541028 0.0643557 0.0641819 0.0991331 0.1624474 0.0754198 0.0665735 0.0925875 0.0846697 0.0659984 0.1092542 0.0680609 0.0828150 0.0693274 0.0921283 0.0693274 0.0806257 0.0798771 0.0816711 0.0793938 0.1068787 0.0813254 0.0699517 0.0708946 0.0859653 0.0764414 0.1058027 0.0694002 0.1023114 0.0991331 0.1017240 0.0772052 0.0830974 0.0881059 0.0830974 0.0859759 0.0782254 0.0782254 0.0786616 0.1113048 0.0000000 0.0686280 0.1003046 0.0898685 
EF614458/MNG/cattle/2005/Asia1/ASIA/Unknown      0.0696867 0.0657391 0.0552459 0.0706046 0.0706046 0.0655440 0.0477720 0.0502071 0.0502071 0.0552459 0.0550824 0.0550824 0.0502870 0.0502870 0.0477720 0.0527803 0.0577902 0.0771669 0.1264214 0.0698537 0.0601887 0.0686078 0.0639646 0.0018865 0.0984550 0.0096512 0.0676123 0.0057379 0.0549913 0.0057379 0.0751243 0.0797638 0.0760714 0.0768470 0.0879009 0.0757623 0.0646732 0.0664812 0.0818913 0.0501096 0.0839366 0.0737588 0.0897779 0.0771669 0.0685682 0.0531951 0.0719605 0.0731179 0.0719605 0.0747180 0.0685809 0.0685809 0.0728683 0.0855803 0.0686280 0.0000000 0.0862379 0.0290565 
EF149010/CHN/Unknown/2005/Asia1/ASIA/Unknown     0.1001344 0.0628771 0.0802940 0.0883791 0.0883791 0.0803430 0.0716029 0.0744181 0.0744181 0.0802940 0.0800237 0.0800237 0.0745527 0.0745527 0.0716029 0.0835102 0.0832527 0.1077349 0.2123539 0.0914248 0.0800855 0.0825454 0.0914122 0.0832989 0.1166978 0.0773175 0.0648403 0.0872211 0.1017549 0.0872211 0.1036622 0.1166587 0.1052384 0.1065444 0.1163566 0.0984332 0.0852929 0.0930862 0.1208359 0.0693069 0.1173814 0.0907462 0.1323558 0.1077349 0.1037137 0.0838496 0.0992589 0.0899603 0.0992589 0.1025700 0.0755426 0.0755426 0.0981058 0.1213161 0.1003046 0.0862379 0.0000000 0.0833409 
EF149009/CHN/Unknown/2005/Asia1/ASIA/Unknown     0.0942870 0.0904574 0.0813757 0.0905823 0.0905823 0.0871832 0.0728747 0.0756302 0.0756302 0.0813757 0.0811085 0.0811085 0.0757638 0.0757638 0.0728747 0.0845184 0.0842643 0.1099848 0.1729352 0.0887120 0.0869052 0.0999957 0.0886092 0.0313129 0.1347760 0.0268011 0.0922201 0.0338719 0.0760582 0.0338719 0.0945093 0.1002014 0.0958469 0.0969486 0.1164228 0.0953921 0.0830434 0.0853861 0.1099410 0.0726235 0.1136791 0.1059145 0.1251554 0.1099848 0.0999350 0.0814017 0.0998727 0.1047730 0.0998727 0.1029805 0.0937330 0.0937330 0.0957890 0.1132541 0.0898685 0.0290565 0.0833409 0.0000000 
