18
ON557390/ZMB/cow/2015/SAT3/I-SEZ/Unknown               0.0000000 0.5218047 0.4774685 0.5443247 0.1651813 0.5296672 0.4781142 0.5220289 0.4763065 0.4737769 0.4771079 0.1740170 1.2143249 0.4984531 0.1690049 0.1769575 0.1791880 0.5107631 
MW355677/ZAF/cattle/1979/SAT3/I-SEZ/Unknown            0.5218047 0.0000000 0.2038681 0.4891794 0.4790319 0.1471122 0.2049311 0.1407299 0.2030111 0.2327668 0.4056395 0.5034227 1.2384579 0.1578291 0.4929800 0.5146933 0.5157327 0.1639882 
MW355676/ZWE/cattle/1976/SAT3/I-SEZ/Unknown            0.4774685 0.2038681 0.0000000 0.5098191 0.4425206 0.2004409 0.0051528 0.2081719 0.0017042 0.1961017 0.4251076 0.4700996 1.1523686 0.1993150 0.4571677 0.4748894 0.4759190 0.1767432 
MH053352/ZWE/african-buffalo/1990/SAT3/III-NWZ/Unknown 0.5443247 0.4891794 0.5098191 0.0000000 0.5499553 0.4696935 0.5131770 0.4484908 0.5075860 0.5011285 0.4980068 0.5837564 1.4055252 0.4684302 0.5736867 0.5685007 0.5720724 0.5529359 
MH053351/ZWE/cattle/1984/SAT3/II-WZ/Unknown            0.1651813 0.4790319 0.4425206 0.5499553 0.0000000 0.4689099 0.4461257 0.4825469 0.4435240 0.4653721 0.4227959 0.1763901 1.2120047 0.4749947 0.1706323 0.1794528 0.1813184 0.4820419 
MH053350/ZWE/african-buffalo/1983/SAT3/I-SEZ/Unknown   0.5296672 0.1471122 0.2004409 0.4696935 0.4689099 0.0000000 0.2045869 0.0976999 0.1983614 0.2130804 0.3873406 0.5247143 1.2205561 0.1253512 0.5066011 0.4909186 0.4919749 0.1702556 
MH053348/ZWE/cattle/1977/SAT3/I-SEZ/Unknown            0.4781142 0.2049311 0.0051528 0.5131770 0.4461257 0.2045869 0.0000000 0.2123427 0.0057336 0.2000270 0.4270654 0.4817329 1.1664292 0.2033645 0.4686273 0.4826517 0.4836818 0.1793690 
MH053347/ZWE/cattle/1976/SAT3/I-SEZ/Unknown            0.5220289 0.1407299 0.2081719 0.4484908 0.4825469 0.0976999 0.2123427 0.0000000 0.2069779 0.2199929 0.3886350 0.5350918 1.1674758 0.1173407 0.5189599 0.5076283 0.5086830 0.1723359 
MH053346/ZWE/cattle/1976/SAT3/I-SEZ/Unknown            0.4763065 0.2030111 0.0017042 0.5075860 0.4435240 0.1983614 0.0057336 0.2069779 0.0000000 0.1972814 0.4259478 0.4696311 1.1590251 0.2004998 0.4567141 0.4744188 0.4754477 0.1778436 
MH053344/ZWE/cattle/1974/SAT3/I-SEZ/Unknown            0.4737769 0.2327668 0.1961017 0.5011285 0.4653721 0.2130804 0.2000270 0.2199929 0.1972814 0.0000000 0.3954573 0.4981512 1.3258736 0.2186494 0.4833979 0.5124994 0.5135259 0.2048210 
MH053343/ZWE/cattle/1934/SAT3/III-NWZ/Unknown          0.4771079 0.4056395 0.4251076 0.4980068 0.4227959 0.3873406 0.4270654 0.3886350 0.4259478 0.3954573 0.0000000 0.4869552 1.2055568 0.4043012 0.4806032 0.4898114 0.4937866 0.4393797 
MH053338/BWA/cattle/1966/SAT3/II-WZ/Unknown            0.1740170 0.5034227 0.4700996 0.5837564 0.1763901 0.5247143 0.4817329 0.5350918 0.4696311 0.4981512 0.4869552 0.0000000 1.4464546 0.4739145 0.0176243 0.1838651 0.1841623 0.5150286 
KJ820999/UGA/cattle/2013/SAT3/V-EA/Unknown             1.2143249 1.2384579 1.1523686 1.4055252 1.2120047 1.2205561 1.1664292 1.1674758 1.1590251 1.3258736 1.2055568 1.4464546 0.0000000 1.2878701 1.4023376 1.2895321 1.2924010 1.2754383 
KM268901/ZWE/cattle/1991/SAT3/I-SEZ/Unknown            0.4984531 0.1578291 0.1993150 0.4684302 0.4749947 0.1253512 0.2033645 0.1173407 0.2004998 0.2186494 0.4043012 0.4739145 1.2878701 0.0000000 0.4641194 0.5072276 0.5082616 0.1700755 
AY593853/BWA/Unknown/1965/SAT3/II-WZ/Unknown           0.1690049 0.4929800 0.4571677 0.5736867 0.1706323 0.5066011 0.4686273 0.5189599 0.4567141 0.4833979 0.4806032 0.0176243 1.4023376 0.4641194 0.0000000 0.1735863 0.1738697 0.5106659 
AY593852/KEN/Unknown/1960/SAT3/II-WZ/Unknown           0.1769575 0.5146933 0.4748894 0.5685007 0.1794528 0.4909186 0.4826517 0.5076283 0.4744188 0.5124994 0.4898114 0.1838651 1.2895321 0.5072276 0.1735863 0.0000000 0.0016993 0.5533965 
AY593851/BWA/Unknown/1961/SAT3/II-WZ/Unknown           0.1791880 0.5157327 0.4759190 0.5720724 0.1813184 0.4919749 0.4836818 0.5086830 0.4754477 0.5135259 0.4937866 0.1841623 1.2924010 0.5082616 0.1738697 0.0016993 0.0000000 0.5544219 
AY593850/ZAF/Unknown/1959/SAT3/I-SEZ/Unknown           0.5107631 0.1639882 0.1767432 0.5529359 0.4820419 0.1702556 0.1793690 0.1723359 0.1778436 0.2048210 0.4393797 0.5150286 1.2754383 0.1700755 0.5106659 0.5533965 0.5544219 0.0000000 
