18
ON557390/ZMB/cow/2015/SAT3/I-SEZ/Unknown               0.0000000 0.1542779 0.1998369 0.2104246 0.1191316 0.1558732 0.2033842 0.1978721 0.1998369 0.2637614 0.1568161 0.1465159 3.7789148 0.2185685 0.1325096 0.1634151 0.1634151 0.2236508 
MW355677/ZAF/cattle/1979/SAT3/I-SEZ/Unknown            0.1542779 0.0000000 0.1863481 0.1492944 0.1771286 0.1025760 0.1898929 0.0986720 0.1863481 0.2245022 0.0909703 0.1629402 4.1693718 0.1486944 0.1539234 0.2003421 0.2003421 0.1619339 
MW355676/ZWE/cattle/1976/SAT3/I-SEZ/Unknown            0.1998369 0.1863481 0.0000000 0.1573575 0.1694459 0.1783529 0.0017530 0.1858746 0.0000010 0.2365847 0.1656081 0.2161851 5.1460298 0.1534863 0.2043986 0.2088342 0.2088342 0.1757797 
MH053352/ZWE/african-buffalo/1990/SAT3/III-NWZ/Unknown 0.2104246 0.1492944 0.1573575 0.0000000 0.1524506 0.1427394 0.1605602 0.1775164 0.1573575 0.1837032 0.1629147 0.1886375 5.3028768 0.1650456 0.1795970 0.2057662 0.2057662 0.1410650 
MH053351/ZWE/cattle/1984/SAT3/II-WZ/Unknown            0.1191316 0.1771286 0.1694459 0.1524506 0.0000000 0.1502626 0.1728080 0.2027495 0.1694459 0.2011567 0.2014703 0.1345907 5.1617327 0.1973112 0.1227313 0.1237277 0.1237277 0.1654865 
MH053350/ZWE/african-buffalo/1983/SAT3/I-SEZ/Unknown   0.1558732 0.1025760 0.1783529 0.1427394 0.1502626 0.0000000 0.1819333 0.0801424 0.1783529 0.2109175 0.1507885 0.2184992 4.3717918 0.1343932 0.2023142 0.2186096 0.2186096 0.1565962 
MH053348/ZWE/cattle/1977/SAT3/I-SEZ/Unknown            0.2033842 0.1898929 0.0017530 0.1605602 0.1728080 0.1819333 0.0000000 0.1895715 0.0017530 0.2401822 0.1688901 0.2198157 5.1997483 0.1568443 0.2079915 0.2126248 0.2126248 0.1792783 
MH053347/ZWE/cattle/1976/SAT3/I-SEZ/Unknown            0.1978721 0.0986720 0.1858746 0.1775164 0.2027495 0.0801424 0.1895715 0.0000000 0.1858746 0.2946220 0.1025183 0.2365646 4.5102289 0.1256179 0.2164033 0.2417882 0.2417882 0.1848247 
MH053346/ZWE/cattle/1976/SAT3/I-SEZ/Unknown            0.1998369 0.1863481 0.0000010 0.1573575 0.1694459 0.1783529 0.0017530 0.1858746 0.0000000 0.2365847 0.1656081 0.2161851 5.1460298 0.1534863 0.2043986 0.2088342 0.2088342 0.1757797 
MH053344/ZWE/cattle/1974/SAT3/I-SEZ/Unknown            0.2637614 0.2245022 0.2365847 0.1837032 0.2011567 0.2109175 0.2401822 0.2946220 0.2365847 0.0000000 0.2184820 0.2457323 5.1813796 0.2694838 0.2178790 0.2325260 0.2325260 0.1944089 
MH053343/ZWE/cattle/1934/SAT3/III-NWZ/Unknown          0.1568161 0.0909703 0.1656081 0.1629147 0.2014703 0.1507885 0.1688901 0.1025183 0.1656081 0.2184820 0.0000000 0.2001946 4.2078494 0.1300923 0.1819168 0.2071106 0.2071106 0.1620639 
MH053338/BWA/cattle/1966/SAT3/II-WZ/Unknown            0.1465159 0.1629402 0.2161851 0.1886375 0.1345907 0.2184992 0.2198157 0.2365646 0.2161851 0.2457323 0.2001946 0.0000000 4.2701792 0.2153158 0.0201472 0.1576264 0.1576264 0.1999194 
KJ820999/UGA/cattle/2013/SAT3/V-EA/Unknown             3.7789148 4.1693718 5.1460298 5.3028768 5.1617327 4.3717918 5.1997483 4.5102289 5.1460298 5.1813796 4.2078494 4.2701792 0.0000000 4.7931878 4.2018626 4.6639885 4.6639885 5.0115615 
KM268901/ZWE/cattle/1991/SAT3/I-SEZ/Unknown            0.2185685 0.1486944 0.1534863 0.1650456 0.1973112 0.1343932 0.1568443 0.1256179 0.1534863 0.2694838 0.1300923 0.2153158 4.7931878 0.0000000 0.2035413 0.2142101 0.2142101 0.1583772 
AY593853/BWA/Unknown/1965/SAT3/II-WZ/Unknown           0.1325096 0.1539234 0.2043986 0.1795970 0.1227313 0.2023142 0.2079915 0.2164033 0.2043986 0.2178790 0.1819168 0.0201472 4.2018626 0.2035413 0.0000000 0.1483692 0.1483692 0.1945239 
AY593852/KEN/Unknown/1960/SAT3/II-WZ/Unknown           0.1634151 0.2003421 0.2088342 0.2057662 0.1237277 0.2186096 0.2126248 0.2417882 0.2088342 0.2325260 0.2071106 0.1576264 4.6639885 0.2142101 0.1483692 0.0000000 0.0000010 0.2229316 
AY593851/BWA/Unknown/1961/SAT3/II-WZ/Unknown           0.1634151 0.2003421 0.2088342 0.2057662 0.1237277 0.2186096 0.2126248 0.2417882 0.2088342 0.2325260 0.2071106 0.1576264 4.6639885 0.2142101 0.1483692 0.0000010 0.0000000 0.2229316 
AY593850/ZAF/Unknown/1959/SAT3/I-SEZ/Unknown           0.2236508 0.1619339 0.1757797 0.1410650 0.1654865 0.1565962 0.1792783 0.1848247 0.1757797 0.1944089 0.1620639 0.1999194 5.0115615 0.1583772 0.1945239 0.2229316 0.2229316 0.0000000 
