18
ON557390/ZMB/cow/2015/SAT3/I-SEZ/Unknown               0.0000000 0.0818333 0.0797044 0.0750993 0.0372693 0.0742724 0.0817302 0.0751882 0.0805672 0.0783547 0.0992898 0.0528124 0.4171492 0.0910675 0.0510655 0.0459721 0.0466094 0.0709269 
MW355677/ZAF/cattle/1979/SAT3/I-SEZ/Unknown            0.0818333 0.0000000 0.0591995 0.0694900 0.0839646 0.0612915 0.0614438 0.0627005 0.0598673 0.0576557 0.0628848 0.0920961 0.4061825 0.0736348 0.0907080 0.0895694 0.0899892 0.0517348 
MW355676/ZWE/cattle/1976/SAT3/I-SEZ/Unknown            0.0797044 0.0591995 0.0000000 0.0671492 0.0752156 0.0572075 0.0022198 0.0645409 0.0011048 0.0654500 0.0691640 0.0988653 0.4014354 0.0748412 0.0910022 0.0839373 0.0855350 0.0584177 
MH053352/ZWE/african-buffalo/1990/SAT3/III-NWZ/Unknown 0.0750993 0.0694900 0.0671492 0.0000000 0.0675339 0.0664728 0.0695889 0.0706556 0.0678904 0.0728242 0.0723816 0.0851682 0.4111153 0.0830649 0.0800687 0.0814200 0.0835242 0.0640863 
MH053351/ZWE/cattle/1984/SAT3/II-WZ/Unknown            0.0372693 0.0839646 0.0752156 0.0675339 0.0000000 0.0687415 0.0778835 0.0721110 0.0760428 0.0790807 0.0954838 0.0495758 0.4228701 0.0851019 0.0430691 0.0454832 0.0470652 0.0658339 
MH053350/ZWE/african-buffalo/1983/SAT3/I-SEZ/Unknown   0.0742724 0.0612915 0.0572075 0.0664728 0.0687415 0.0000000 0.0588830 0.0485960 0.0590251 0.0593008 0.0663606 0.0866987 0.3851276 0.0706207 0.0817025 0.0839782 0.0861578 0.0621159 
MH053348/ZWE/cattle/1977/SAT3/I-SEZ/Unknown            0.0817302 0.0614438 0.0022198 0.0695889 0.0778835 0.0588830 0.0000000 0.0663035 0.0033511 0.0678885 0.0703496 0.1018646 0.4070967 0.0773263 0.0939072 0.0867323 0.0883607 0.0601382 
MH053347/ZWE/cattle/1976/SAT3/I-SEZ/Unknown            0.0751882 0.0627005 0.0645409 0.0706556 0.0721110 0.0485960 0.0663035 0.0000000 0.0664683 0.0566605 0.0645545 0.0854364 0.3937595 0.0735199 0.0842339 0.0822155 0.0837892 0.0592193 
MH053346/ZWE/cattle/1976/SAT3/I-SEZ/Unknown            0.0805672 0.0598673 0.0011048 0.0678904 0.0760428 0.0590251 0.0033511 0.0664683 0.0000000 0.0661875 0.0698946 0.0998502 0.4047010 0.0756113 0.0919387 0.0848231 0.0864340 0.0590922 
MH053344/ZWE/cattle/1974/SAT3/I-SEZ/Unknown            0.0783547 0.0576557 0.0654500 0.0728242 0.0790807 0.0593008 0.0678885 0.0566605 0.0661875 0.0000000 0.0719964 0.0960219 0.4205480 0.0726766 0.0906858 0.0887166 0.0897362 0.0548608 
MH053343/ZWE/cattle/1934/SAT3/III-NWZ/Unknown          0.0992898 0.0628848 0.0691640 0.0723816 0.0954838 0.0663606 0.0703496 0.0645545 0.0698946 0.0719964 0.0000000 0.1064890 0.4025357 0.0662542 0.1011002 0.1030737 0.1048601 0.0685765 
MH053338/BWA/cattle/1966/SAT3/II-WZ/Unknown            0.0528124 0.0920961 0.0988653 0.0851682 0.0495758 0.0866987 0.1018646 0.0854364 0.0998502 0.0960219 0.1064890 0.0000000 0.4314536 0.0995078 0.0142784 0.0617650 0.0635064 0.0805628 
KJ820999/UGA/cattle/2013/SAT3/V-EA/Unknown             0.4171492 0.4061825 0.4014354 0.4111153 0.4228701 0.3851276 0.4070967 0.3937595 0.4047010 0.4205480 0.4025357 0.4314536 0.0000000 0.4206012 0.4282528 0.4243211 0.4292779 0.4147929 
KM268901/ZWE/cattle/1991/SAT3/I-SEZ/Unknown            0.0910675 0.0736348 0.0748412 0.0830649 0.0851019 0.0706207 0.0773263 0.0735199 0.0756113 0.0726766 0.0662542 0.0995078 0.4206012 0.0000000 0.0941246 0.1012414 0.1023327 0.0679640 
AY593853/BWA/Unknown/1965/SAT3/II-WZ/Unknown           0.0510655 0.0907080 0.0910022 0.0800687 0.0430691 0.0817025 0.0939072 0.0842339 0.0919387 0.0906858 0.1011002 0.0142784 0.4282528 0.0941246 0.0000000 0.0569644 0.0586558 0.0768074 
AY593852/KEN/Unknown/1960/SAT3/II-WZ/Unknown           0.0459721 0.0895694 0.0839373 0.0814200 0.0454832 0.0839782 0.0867323 0.0822155 0.0848231 0.0887166 0.1030737 0.0617650 0.4243211 0.1012414 0.0569644 0.0000000 0.0011019 0.0773557 
AY593851/BWA/Unknown/1961/SAT3/II-WZ/Unknown           0.0466094 0.0899892 0.0855350 0.0835242 0.0470652 0.0861578 0.0883607 0.0837892 0.0864340 0.0897362 0.1048601 0.0635064 0.4292779 0.1023327 0.0586558 0.0011019 0.0000000 0.0782570 
AY593850/ZAF/Unknown/1959/SAT3/I-SEZ/Unknown           0.0709269 0.0517348 0.0584177 0.0640863 0.0658339 0.0621159 0.0601382 0.0592193 0.0590922 0.0548608 0.0685765 0.0805628 0.4147929 0.0679640 0.0768074 0.0773557 0.0782570 0.0000000 
