18
ON557390/ZMB/cow/2015/SAT3/I-SEZ/Unknown               0.0000000 0.0702034 0.0866760 0.0974614 0.0395470 0.0805613 0.0913559 0.0911325 0.0896531 0.1000436 0.0836797 0.0648246 0.5514255 0.0904797 0.0575283 0.0603228 0.0603228 0.0806072 
MW355677/ZAF/cattle/1979/SAT3/I-SEZ/Unknown            0.0702034 0.0000000 0.0711647 0.0816810 0.0733943 0.0475495 0.0753248 0.0579822 0.0723241 0.0684854 0.0690790 0.0850488 0.4665144 0.0628331 0.0761545 0.0703130 0.0703130 0.0580381 
MW355676/ZWE/cattle/1976/SAT3/I-SEZ/Unknown            0.0866760 0.0711647 0.0000000 0.0758491 0.0923104 0.0658894 0.0022880 0.0785917 0.0022842 0.0989102 0.0786803 0.1068334 0.5164745 0.0749559 0.1032879 0.1045340 0.1045340 0.0585158 
MH053352/ZWE/african-buffalo/1990/SAT3/III-NWZ/Unknown 0.0974614 0.0816810 0.0758491 0.0000000 0.0896805 0.0732121 0.0772561 0.0870806 0.0797619 0.1013535 0.0822207 0.1050210 0.5140075 0.0936740 0.0956268 0.0981404 0.0981404 0.0779411 
MH053351/ZWE/cattle/1984/SAT3/II-WZ/Unknown            0.0395470 0.0733943 0.0923104 0.0896805 0.0000000 0.0748482 0.0972224 0.0889228 0.0954216 0.0946750 0.0872752 0.0604203 0.5916620 0.0889838 0.0534188 0.0451948 0.0451948 0.0797637 
MH053350/ZWE/african-buffalo/1983/SAT3/I-SEZ/Unknown   0.0805613 0.0475495 0.0658894 0.0732121 0.0748482 0.0000000 0.0698202 0.0570724 0.0669987 0.0815554 0.0741746 0.0804846 0.5080049 0.0593483 0.0741320 0.0690765 0.0690765 0.0517532 
MH053348/ZWE/cattle/1977/SAT3/I-SEZ/Unknown            0.0913559 0.0753248 0.0022880 0.0772561 0.0972224 0.0698202 0.0000000 0.0829860 0.0046261 0.1038493 0.0830151 0.1119925 0.5321098 0.0791366 0.1083350 0.1096047 0.1096047 0.0623257 
MH053347/ZWE/cattle/1976/SAT3/I-SEZ/Unknown            0.0911325 0.0579822 0.0785917 0.0870806 0.0889228 0.0570724 0.0829860 0.0000000 0.0797958 0.0909974 0.0785862 0.1015792 0.4841290 0.0715402 0.0948468 0.0944217 0.0944217 0.0772423 
MH053346/ZWE/cattle/1976/SAT3/I-SEZ/Unknown            0.0896531 0.0723241 0.0022842 0.0797619 0.0954216 0.0669987 0.0046261 0.0797958 0.0000000 0.1002048 0.0827259 0.1100643 0.5059552 0.0761113 0.1064585 0.1044322 0.1044322 0.0596092 
MH053344/ZWE/cattle/1974/SAT3/I-SEZ/Unknown            0.1000436 0.0684854 0.0989102 0.1013535 0.0946750 0.0815554 0.1038493 0.0909974 0.1002048 0.0000000 0.0948775 0.1181559 0.4857044 0.0918305 0.1171366 0.1067127 0.1067127 0.0785786 
MH053343/ZWE/cattle/1934/SAT3/III-NWZ/Unknown          0.0836797 0.0690790 0.0786803 0.0822207 0.0872752 0.0741746 0.0830151 0.0785862 0.0827259 0.0948775 0.0000000 0.1023922 0.5439641 0.0853108 0.0957889 0.1025329 0.1025329 0.0670344 
MH053338/BWA/cattle/1966/SAT3/II-WZ/Unknown            0.0648246 0.0850488 0.1068334 0.1050210 0.0604203 0.0804846 0.1119925 0.1015792 0.1100643 0.1181559 0.1023922 0.0000000 0.6294554 0.0918357 0.0110873 0.0493185 0.0493185 0.0850718 
KJ820999/UGA/cattle/2013/SAT3/V-EA/Unknown             0.5514255 0.4665144 0.5164745 0.5140075 0.5916620 0.5080049 0.5321098 0.4841290 0.5059552 0.4857044 0.5439641 0.6294554 0.0000000 0.5029970 0.6014247 0.5745714 0.5745714 0.5049873 
KM268901/ZWE/cattle/1991/SAT3/I-SEZ/Unknown            0.0904797 0.0628331 0.0749559 0.0936740 0.0889838 0.0593483 0.0791366 0.0715402 0.0761113 0.0918305 0.0853108 0.0918357 0.5029970 0.0000000 0.0885339 0.0846366 0.0846366 0.0669900 
AY593853/BWA/Unknown/1965/SAT3/II-WZ/Unknown           0.0575283 0.0761545 0.1032879 0.0956268 0.0534188 0.0741320 0.1083350 0.0948468 0.1064585 0.1171366 0.0957889 0.0110873 0.6014247 0.0885339 0.0000000 0.0447619 0.0447619 0.0794737 
AY593852/KEN/Unknown/1960/SAT3/II-WZ/Unknown           0.0603228 0.0703130 0.1045340 0.0981404 0.0451948 0.0690765 0.1096047 0.0944217 0.1044322 0.1067127 0.1025329 0.0493185 0.5745714 0.0846366 0.0447619 0.0000000 0.0000010 0.0726616 
AY593851/BWA/Unknown/1961/SAT3/II-WZ/Unknown           0.0603228 0.0703130 0.1045340 0.0981404 0.0451948 0.0690765 0.1096047 0.0944217 0.1044322 0.1067127 0.1025329 0.0493185 0.5745714 0.0846366 0.0447619 0.0000010 0.0000000 0.0726616 
AY593850/ZAF/Unknown/1959/SAT3/I-SEZ/Unknown           0.0806072 0.0580381 0.0585158 0.0779411 0.0797637 0.0517532 0.0623257 0.0772423 0.0596092 0.0785786 0.0670344 0.0850718 0.5049873 0.0669900 0.0794737 0.0726616 0.0726616 0.0000000 
