16
MH053310/UGA/cattle/1970/C/AFRICA/Unknown   0.0000000 0.2669526 0.2884286 0.2669526 0.2390930 0.3176570 0.2386122 0.2390930 0.2767640 0.2390930 0.2344344 0.3004942 0.2407924 0.2567797 0.2864355 0.2899574 
MH053309/KEN/cattle/1967/C/AFRICA/Unknown   0.2669526 0.0000000 0.0754915 0.0000010 0.3635294 0.4615148 0.3941931 0.3635294 0.4338979 0.3635294 0.3962039 0.4131100 0.3991872 0.3734814 0.4337866 0.4378346 
MH053308/ETH/Unknown/1971/C/AFRICA/Unknown  0.2884286 0.0754915 0.0000000 0.0754915 0.3530364 0.4701819 0.4126853 0.3530364 0.4423625 0.3530364 0.4009919 0.3967096 0.4181029 0.3151308 0.4422509 0.4462950 
KM268897/KEN/cattle/2004/C/AFRICA/Unknown   0.2669526 0.0000010 0.0754915 0.0000000 0.3635294 0.4615148 0.3941931 0.3635294 0.4338979 0.3635294 0.3962039 0.4131100 0.3991872 0.3734814 0.4337866 0.4378346 
AY593810/GBR/Unknown/1970/C/V-EA/Unknown    0.2390930 0.3635294 0.3530364 0.3635294 0.0000000 0.1731400 0.1427193 0.0000010 0.1602895 0.0000010 0.1356800 0.1782649 0.1464617 0.1677221 0.1613265 0.1642049 
X74812/AZE/Unknown/1965/C/EURO-SA/Unknown   0.3176570 0.4615148 0.4701819 0.4615148 0.1731400 0.0000000 0.2119258 0.1731400 0.0240733 0.1731400 0.2208010 0.1087655 0.2171433 0.2141335 0.0163864 0.0182644 
OQ383267/BRA/cow/1963/C/EURO-SA/Unknown     0.2386122 0.3941931 0.4126853 0.3941931 0.1427193 0.2119258 0.0000000 0.1427193 0.1933751 0.1427193 0.0162629 0.2300724 0.0017593 0.2268143 0.1934980 0.1966260 
OQ383266/GBR/Unknown/2002/C/V-EA/Unknown    0.2390930 0.3635294 0.3530364 0.3635294 0.0000010 0.1731400 0.1427193 0.0000000 0.1602895 0.0000010 0.1356800 0.1782649 0.1464617 0.1677221 0.1613265 0.1642049 
OQ383265/NLD/cow/2000/C/EURO-SA/Unknown     0.2767640 0.4338979 0.4423625 0.4338979 0.1602895 0.0240733 0.1933751 0.1602895 0.0000000 0.1602895 0.1941392 0.0895773 0.1981710 0.1935110 0.0071049 0.0089086 
OQ356339/GBR/cow/1987/C/V-EA/Unknown        0.2390930 0.3635294 0.3530364 0.3635294 0.0000010 0.1731400 0.1427193 0.0000010 0.1602895 0.0000000 0.1356800 0.1782649 0.1464617 0.1677221 0.1613265 0.1642049 
AY593809/ARG/Unknown/1969/C/EURO-SA/Unknown 0.2344344 0.3962039 0.4009919 0.3962039 0.1356800 0.2208010 0.0162629 0.1356800 0.1941392 0.1356800 0.0000000 0.2182174 0.0181723 0.2207092 0.1942703 0.1973839 
AY593808/ARG/Unknown/1966/C/EURO-SA/Unknown 0.3004942 0.4131100 0.3967096 0.4131100 0.1782649 0.1087655 0.2300724 0.1782649 0.0895773 0.1782649 0.2182174 0.0000000 0.2353798 0.2177661 0.0847675 0.0871407 
AY593807/BRA/Unknown/1955/C/EURO-SA/Unknown 0.2407924 0.3991872 0.4181029 0.3991872 0.1464617 0.2171433 0.0017593 0.1464617 0.1981710 0.1464617 0.0181723 0.2353798 0.0000000 0.2287096 0.1983525 0.2015292 
AY593806/BRA/Unknown/1971/C/EURO-SA/Unknown 0.2567797 0.3734814 0.3151308 0.3734814 0.1677221 0.2141335 0.2268143 0.1677221 0.1935110 0.1677221 0.2207092 0.2177661 0.2287096 0.0000000 0.1949842 0.1916855 
AY593805/DEU/Unknown/1960/C/EURO-SA/Unknown 0.2864355 0.4337866 0.4422509 0.4337866 0.1613265 0.0163864 0.1934980 0.1613265 0.0071049 0.1613265 0.1942703 0.0847675 0.1983525 0.1949842 0.0000000 0.0017529 
AY593804/CHE/Unknown/1965/C/EURO-SA/Unknown 0.2899574 0.4378346 0.4462950 0.4378346 0.1642049 0.0182644 0.1966260 0.1642049 0.0089086 0.1642049 0.1973839 0.0871407 0.2015292 0.1916855 0.0017529 0.0000000 
