15
MH053310/UGA/cattle/1970/C/AFRICA/Unknown   0.0000000 0.0793398 0.1093352 0.0828782 0.1262678 0.1614086 0.1276209 0.1262678 0.1465094 0.1365393 0.1255841 0.1276209 0.1643954 0.1279055 0.1281713 
MH053309/KEN/cattle/1967/C/AFRICA/Unknown   0.0793398 0.0000000 0.0828493 0.0022716 0.1190070 0.1493970 0.1114564 0.1190070 0.1354501 0.1200045 0.1199639 0.1114564 0.1424783 0.1213693 0.1244510 
MH053308/ETH/Unknown/1971/C/AFRICA/Unknown  0.1093352 0.0828493 0.0000000 0.0838975 0.1010914 0.1201806 0.1015142 0.1010914 0.1098083 0.1157785 0.0973925 0.1015142 0.1263162 0.0977178 0.0949120 
KM268897/KEN/cattle/2004/C/AFRICA/Unknown   0.0828782 0.0022716 0.0838975 0.0000000 0.1201524 0.1506575 0.1125962 0.1201524 0.1366819 0.1211729 0.1211183 0.1125962 0.1436979 0.1225601 0.1256479 
AY593810/GBR/Unknown/1970/C/V-EA/Unknown    0.1262678 0.1190070 0.1010914 0.1201524 0.0000000 0.1084084 0.0845711 0.0000010 0.1010716 0.0946640 0.0888432 0.0845711 0.1077782 0.0864664 0.0863402 
X74812/AZE/Unknown/1965/C/EURO-SA/Unknown   0.1614086 0.1493970 0.1201806 0.1506575 0.1084084 0.0000000 0.0937480 0.1084084 0.0312019 0.0989244 0.0554698 0.0937480 0.1265517 0.0168901 0.0203140 
OQ383267/BRA/cow/1963/C/EURO-SA/Unknown     0.1276209 0.1114564 0.1015142 0.1125962 0.0845711 0.0937480 0.0000000 0.0845711 0.0896004 0.0093336 0.0779052 0.0000010 0.0971900 0.0759991 0.0761270 
OQ383266/GBR/Unknown/2002/C/V-EA/Unknown    0.1262678 0.1190070 0.1010914 0.1201524 0.0000010 0.1084084 0.0845711 0.0000000 0.1010716 0.0946640 0.0888432 0.0845711 0.1077782 0.0864664 0.0863402 
OQ383265/NLD/cow/2000/C/EURO-SA/Unknown     0.1465094 0.1354501 0.1098083 0.1366819 0.1010716 0.0312019 0.0896004 0.1010716 0.0000000 0.0893357 0.0489590 0.0896004 0.1229699 0.0126036 0.0159136 
AY593809/ARG/Unknown/1969/C/EURO-SA/Unknown 0.1365393 0.1200045 0.1157785 0.1211729 0.0946640 0.0989244 0.0093336 0.0946640 0.0893357 0.0000000 0.0827181 0.0093336 0.1114528 0.0781817 0.0806609 
AY593808/ARG/Unknown/1966/C/EURO-SA/Unknown 0.1255841 0.1199639 0.0973925 0.1211183 0.0888432 0.0554698 0.0779052 0.0888432 0.0489590 0.0827181 0.0000000 0.0779052 0.0980189 0.0338410 0.0357429 
AY593807/BRA/Unknown/1955/C/EURO-SA/Unknown 0.1276209 0.1114564 0.1015142 0.1125962 0.0845711 0.0937480 0.0000010 0.0845711 0.0896004 0.0093336 0.0779052 0.0000000 0.0971900 0.0759991 0.0761270 
AY593806/BRA/Unknown/1971/C/EURO-SA/Unknown 0.1643954 0.1424783 0.1263162 0.1436979 0.1077782 0.1265517 0.0971900 0.1077782 0.1229699 0.1114528 0.0980189 0.0971900 0.0000000 0.1031195 0.1033100 
AY593805/DEU/Unknown/1960/C/EURO-SA/Unknown 0.1279055 0.1213693 0.0977178 0.1225601 0.0864664 0.0168901 0.0759991 0.0864664 0.0126036 0.0781817 0.0338410 0.0759991 0.1031195 0.0000000 0.0030438 
AY593804/CHE/Unknown/1965/C/EURO-SA/Unknown 0.1281713 0.1244510 0.0949120 0.1256479 0.0863402 0.0203140 0.0761270 0.0863402 0.0159136 0.0806609 0.0357429 0.0761270 0.1033100 0.0030438 0.0000000 
