16
MH053310/UGA/cattle/1970/C/AFRICA/Unknown   0.0000000 0.0975349 0.0779263 0.0988858 0.1509867 0.1520198 0.1569156 0.1527001 0.1454409 0.1509867 0.1686030 0.1444096 0.1576852 0.1440660 0.1343891 0.1343891 
MH053309/KEN/cattle/1967/C/AFRICA/Unknown   0.0975349 0.0000000 0.0750587 0.0007404 0.1354984 0.1403683 0.1219902 0.1338453 0.1267003 0.1354984 0.1344398 0.1265218 0.1212982 0.1111871 0.1216594 0.1216594 
MH053308/ETH/Unknown/1971/C/AFRICA/Unknown  0.0779263 0.0750587 0.0000000 0.0762755 0.1274039 0.1265733 0.1254924 0.1289939 0.1241936 0.1274039 0.1301902 0.1187318 0.1248030 0.1220984 0.1086871 0.1086871 
KM268897/KEN/cattle/2004/C/AFRICA/Unknown   0.0988858 0.0007404 0.0762755 0.0000000 0.1371451 0.1420777 0.1221686 0.1354841 0.1283177 0.1371451 0.1346395 0.1267092 0.1214755 0.1113494 0.1232485 0.1232485 
AY593810/GBR/Unknown/1970/C/V-EA/Unknown    0.1509867 0.1354984 0.1274039 0.1371451 0.0000000 0.1280338 0.1108330 0.0007383 0.1199599 0.0000010 0.1203270 0.1077971 0.1101878 0.1246977 0.1136596 0.1136596 
X74812/AZE/Unknown/1965/C/EURO-SA/Unknown   0.1520198 0.1403683 0.1265733 0.1420777 0.1280338 0.0000000 0.1092684 0.1295831 0.0244333 0.1280338 0.1188443 0.0556621 0.1086169 0.1147196 0.0161483 0.0161483 
OQ383267/BRA/cow/1963/C/EURO-SA/Unknown     0.1569156 0.1219902 0.1254924 0.1221686 0.1108330 0.1092684 0.0000000 0.1109916 0.1051012 0.1108330 0.0099540 0.0945001 0.0003688 0.0807728 0.0941197 0.0941197 
OQ383266/GBR/Unknown/2002/C/V-EA/Unknown    0.1527001 0.1338453 0.1289939 0.1354841 0.0007383 0.1295831 0.1109916 0.0000000 0.1201324 0.0007383 0.1205026 0.1079475 0.1103455 0.1248842 0.1138212 0.1138212 
OQ383265/NLD/cow/2000/C/EURO-SA/Unknown     0.1454409 0.1267003 0.1241936 0.1283177 0.1199599 0.0244333 0.1051012 0.1201324 0.0000000 0.1199599 0.1141134 0.0507007 0.1044614 0.1117161 0.0087852 0.0087852 
OQ356339/GBR/cow/1987/C/V-EA/Unknown        0.1509867 0.1354984 0.1274039 0.1371451 0.0000010 0.1280338 0.1108330 0.0007383 0.1199599 0.0000000 0.1203270 0.1077971 0.1101878 0.1246977 0.1136596 0.1136596 
AY593809/ARG/Unknown/1969/C/EURO-SA/Unknown 0.1686030 0.1344398 0.1301902 0.1346395 0.1203270 0.1188443 0.0099540 0.1205026 0.1141134 0.1203270 0.0000000 0.1046474 0.0103492 0.0893264 0.1042818 0.1042818 
AY593808/ARG/Unknown/1966/C/EURO-SA/Unknown 0.1444096 0.1265218 0.1187318 0.1267092 0.1077971 0.0556621 0.0945001 0.1079475 0.0507007 0.1077971 0.1046474 0.0000000 0.0951264 0.0999243 0.0419378 0.0419378 
AY593807/BRA/Unknown/1955/C/EURO-SA/Unknown 0.1576852 0.1212982 0.1248030 0.1214755 0.1101878 0.1086169 0.0003688 0.1103455 0.1044614 0.1101878 0.0103492 0.0951264 0.0000000 0.0813708 0.0935029 0.0935029 
AY593806/BRA/Unknown/1971/C/EURO-SA/Unknown 0.1440660 0.1111871 0.1220984 0.1113494 0.1246977 0.1147196 0.0807728 0.1248842 0.1117161 0.1246977 0.0893264 0.0999243 0.0813708 0.0000000 0.0992869 0.0992869 
AY593805/DEU/Unknown/1960/C/EURO-SA/Unknown 0.1343891 0.1216594 0.1086871 0.1232485 0.1136596 0.0161483 0.0941197 0.1138212 0.0087852 0.1136596 0.1042818 0.0419378 0.0935029 0.0992869 0.0000000 0.0000010 
AY593804/CHE/Unknown/1965/C/EURO-SA/Unknown 0.1343891 0.1216594 0.1086871 0.1232485 0.1136596 0.0161483 0.0941197 0.1138212 0.0087852 0.1136596 0.1042818 0.0419378 0.0935029 0.0992869 0.0000010 0.0000000 
