16
MH053310/UGA/cattle/1970/C/AFRICA/Unknown   0.0000000 0.1041640 0.1253126 0.1083253 0.2025430 0.2611608 0.2407225 0.2011583 0.2583228 0.2025430 0.2573464 0.2425488 0.2407225 0.2547757 0.2481247 0.2528034 
MH053309/KEN/cattle/1967/C/AFRICA/Unknown   0.1041640 0.0000000 0.0691607 0.0045934 0.1889590 0.2384077 0.2257888 0.1885272 0.2394489 0.1889590 0.2569927 0.2386370 0.2257888 0.2451838 0.2310020 0.2354560 
MH053308/ETH/Unknown/1971/C/AFRICA/Unknown  0.1253126 0.0691607 0.0000000 0.0710467 0.1963744 0.2428592 0.2171933 0.1950169 0.2347880 0.1963744 0.2455580 0.2300447 0.2171933 0.2491921 0.2215193 0.2258714 
KM268897/KEN/cattle/2004/C/AFRICA/Unknown   0.1083253 0.0045934 0.0710467 0.0000000 0.1949569 0.2458976 0.2258947 0.1935888 0.2468974 0.1949569 0.2570959 0.2445686 0.2258947 0.2452895 0.2382056 0.2380049 
AY593810/GBR/Unknown/1970/C/V-EA/Unknown    0.2025430 0.1889590 0.1963744 0.1949569 0.0000000 0.1872303 0.1519130 0.0005701 0.1824048 0.0000010 0.1699259 0.1613179 0.1519130 0.1828614 0.1728658 0.1737486 
X74812/AZE/Unknown/1965/C/EURO-SA/Unknown   0.2611608 0.2384077 0.2428592 0.2458976 0.1872303 0.0000000 0.1312105 0.1872303 0.0283327 0.1872303 0.1494483 0.0911026 0.1312105 0.1694738 0.0179657 0.0186133 
OQ383267/BRA/cow/1963/C/EURO-SA/Unknown     0.2407225 0.2257888 0.2171933 0.2258947 0.1519130 0.1312105 0.0000000 0.1506976 0.1319674 0.1519130 0.0198345 0.1184808 0.0000010 0.1245560 0.1175422 0.1180601 
OQ383266/GBR/Unknown/2002/C/V-EA/Unknown    0.2011583 0.1885272 0.1950169 0.1935888 0.0005701 0.1872303 0.1506976 0.0000000 0.1824048 0.0005701 0.1686083 0.1625599 0.1506976 0.1815242 0.1728658 0.1737486 
OQ383265/NLD/cow/2000/C/EURO-SA/Unknown     0.2583228 0.2394489 0.2347880 0.2468974 0.1824048 0.0283327 0.1319674 0.1824048 0.0000000 0.1824048 0.1457226 0.0793203 0.1319674 0.1658711 0.0111196 0.0129549 
OQ356339/GBR/cow/1987/C/V-EA/Unknown        0.2025430 0.1889590 0.1963744 0.1949569 0.0000010 0.1872303 0.1519130 0.0005701 0.1824048 0.0000000 0.1699259 0.1613179 0.1519130 0.1828614 0.1728658 0.1737486 
AY593809/ARG/Unknown/1969/C/EURO-SA/Unknown 0.2573464 0.2569927 0.2455580 0.2570959 0.1699259 0.1494483 0.0198345 0.1686083 0.1457226 0.1699259 0.0000000 0.1247243 0.0198345 0.1490190 0.1342579 0.1348769 
AY593808/ARG/Unknown/1966/C/EURO-SA/Unknown 0.2425488 0.2386370 0.2300447 0.2445686 0.1613179 0.0911026 0.1184808 0.1625599 0.0793203 0.1613179 0.1247243 0.0000000 0.1184808 0.1685376 0.0716929 0.0719765 
AY593807/BRA/Unknown/1955/C/EURO-SA/Unknown 0.2407225 0.2257888 0.2171933 0.2258947 0.1519130 0.1312105 0.0000010 0.1506976 0.1319674 0.1519130 0.0198345 0.1184808 0.0000000 0.1245560 0.1175422 0.1180601 
AY593806/BRA/Unknown/1971/C/EURO-SA/Unknown 0.2547757 0.2451838 0.2491921 0.2452895 0.1828614 0.1694738 0.1245560 0.1815242 0.1658711 0.1828614 0.1490190 0.1685376 0.1245560 0.0000000 0.1587808 0.1592784 
AY593805/DEU/Unknown/1960/C/EURO-SA/Unknown 0.2481247 0.2310020 0.2215193 0.2382056 0.1728658 0.0179657 0.1175422 0.1728658 0.0111196 0.1728658 0.1342579 0.0716929 0.1175422 0.1587808 0.0000000 0.0017129 
AY593804/CHE/Unknown/1965/C/EURO-SA/Unknown 0.2528034 0.2354560 0.2258714 0.2380049 0.1737486 0.0186133 0.1180601 0.1737486 0.0129549 0.1737486 0.1348769 0.0719765 0.1180601 0.1592784 0.0017129 0.0000000 
