71
JF749860/KEN/Unknown/2002/SAT1/I-NWZ/Unknown           0.0000000 0.0828088 0.0772084 0.1125817 0.0750272 0.0610785 0.0665003 0.0637013 0.0832444 0.5777955 0.5777955 0.5781638 0.1270203 0.0699892 0.0685695 0.3494598 0.6344750 0.5662321 0.6120688 0.0967518 0.0850346 0.0680960 0.5673006 0.5673006 0.5746006 0.5760902 0.0976168 0.0633684 0.3516589 0.0897383 0.1048205 0.6169627 0.1069610 0.1017843 0.0974554 0.1027541 0.1267123 0.0699892 0.0685695 0.0691686 0.0684027 0.0673686 0.0631788 0.0662216 0.0625842 0.0715627 0.0680105 0.0619049 0.0627827 0.0672121 0.0691121 0.0754195 0.0696190 0.0724584 0.0765312 0.0671256 0.0691822 0.0691822 0.0695569 0.0695569 0.0730048 0.0727565 0.0727565 0.0730048 0.0692580 0.0692580 0.0718343 0.0713965 0.0713965 0.0718343 0.0717362 
OM863583/KEN/cattle/2013/SAT1/I-NWZ/Unknown            0.0828088 0.0000000 0.0892954 0.1091512 0.0625313 0.0680730 0.0705268 0.0742146 0.0007268 0.5714888 0.5714888 0.5718581 0.1315021 0.0688556 0.0644015 0.3664446 0.6290603 0.5520106 0.6108551 0.0942876 0.0781837 0.0802923 0.5666526 0.5666526 0.5704293 0.5711741 0.0945513 0.0738612 0.3524142 0.0844393 0.1116733 0.6350071 0.1108080 0.0935536 0.1026617 0.1023661 0.1256877 0.0688556 0.0644015 0.0668029 0.0662157 0.0732354 0.0700788 0.0625421 0.0634968 0.0668688 0.0798463 0.0668802 0.0727823 0.0799038 0.0700375 0.0737689 0.0696408 0.0745205 0.0756286 0.0666112 0.0631051 0.0631051 0.0634710 0.0634710 0.0678478 0.0683902 0.0683902 0.0678478 0.0662194 0.0662194 0.0755737 0.0751178 0.0751178 0.0755737 0.0754672 
OM863582/KEN/cattle/2010/SAT1/I-NWZ/Unknown            0.0772084 0.0892954 0.0000000 0.1205150 0.0801053 0.0699986 0.0699515 0.0726569 0.0897433 0.5976310 0.5976310 0.5980083 0.1380727 0.0688287 0.0680496 0.3822132 0.6518162 0.5934373 0.6238724 0.0991319 0.0875157 0.0789081 0.5936244 0.5936244 0.5992134 0.6000061 0.1057817 0.0723147 0.3778422 0.0959783 0.1087194 0.6522707 0.1140292 0.1062506 0.1030074 0.1053396 0.1294512 0.0688287 0.0680496 0.0765538 0.0773621 0.0728523 0.0703872 0.0767508 0.0750266 0.0789079 0.0816163 0.0691760 0.0789308 0.0683635 0.0697902 0.0750359 0.0734871 0.0762230 0.0821936 0.0721962 0.0754775 0.0754775 0.0758614 0.0758614 0.0756417 0.0754984 0.0754984 0.0756417 0.0737369 0.0737369 0.0778308 0.0773773 0.0773773 0.0778308 0.0777223 
MW355669/ZMB/cattle/1988/SAT1/I-NWZ/Unknown            0.1125817 0.1091512 0.1205150 0.0000000 0.0867531 0.1050469 0.1004860 0.1090748 0.1096704 0.5969650 0.5969650 0.5973385 0.1546271 0.1035845 0.1033803 0.4009679 0.6345185 0.5655528 0.6419031 0.0895535 0.0823810 0.1094800 0.5861448 0.5861448 0.5967472 0.5974806 0.0903324 0.1086660 0.3931268 0.0912082 0.1010119 0.6397221 0.1008236 0.0921621 0.0930093 0.1016004 0.1136337 0.1035845 0.1033803 0.1085083 0.1052296 0.1041654 0.1100768 0.1055367 0.1017877 0.1088225 0.1059299 0.0997231 0.1051612 0.1173005 0.1002145 0.1122816 0.1088147 0.1184005 0.1213972 0.1036992 0.1063029 0.1063029 0.1067617 0.1067617 0.1085194 0.1062912 0.1062912 0.1085194 0.1050281 0.1050281 0.1159360 0.1153382 0.1153382 0.1159360 0.1149249 
MW355668/TZA/cattle/1980/SAT1/I-NWZ/Unknown            0.0750272 0.0625313 0.0801053 0.0867531 0.0000000 0.0570210 0.0625230 0.0667646 0.0629194 0.5717570 0.5717570 0.5721239 0.1215411 0.0619839 0.0582578 0.3492183 0.5970197 0.5274642 0.5921901 0.0721283 0.0559077 0.0743857 0.5614778 0.5614778 0.5645580 0.5657545 0.0693987 0.0664211 0.3393416 0.0636556 0.0788543 0.6051713 0.0812153 0.0680585 0.0781467 0.0746885 0.0968789 0.0619839 0.0582578 0.0638988 0.0686968 0.0622099 0.0644387 0.0643972 0.0659461 0.0687142 0.0761784 0.0604592 0.0708196 0.0669647 0.0624040 0.0646748 0.0630228 0.0669968 0.0661420 0.0609987 0.0627935 0.0627935 0.0631634 0.0631634 0.0687906 0.0704639 0.0704639 0.0687906 0.0664414 0.0664414 0.0643871 0.0639633 0.0639633 0.0643871 0.0643004 
MT602088/TZA/cattle/2014/SAT1/I-NWZ/Unknown            0.0610785 0.0680730 0.0699986 0.1050469 0.0570210 0.0000000 0.0434886 0.0506121 0.0684707 0.6116924 0.6116924 0.6120755 0.1263932 0.0491832 0.0479602 0.3630575 0.6172943 0.5552166 0.6111347 0.0809698 0.0687938 0.0594613 0.6068417 0.6068417 0.6126166 0.6141427 0.0807154 0.0502977 0.3548064 0.0792269 0.0926713 0.6315636 0.0931240 0.0824905 0.0852332 0.0821061 0.1128302 0.0491832 0.0479602 0.0535218 0.0573974 0.0571707 0.0433952 0.0531262 0.0572672 0.0599886 0.0583195 0.0472811 0.0554290 0.0495173 0.0497621 0.0558271 0.0523711 0.0547814 0.0553678 0.0518619 0.0554804 0.0554804 0.0558283 0.0558283 0.0612020 0.0614848 0.0614848 0.0612020 0.0604148 0.0604148 0.0504933 0.0501201 0.0501201 0.0501745 0.0504312 
MT602087/TZA/cattle/2013/SAT1/I-NWZ/Unknown            0.0665003 0.0705268 0.0699515 0.1004860 0.0625230 0.0434886 0.0000000 0.0550602 0.0709317 0.5953298 0.5953298 0.5957055 0.1342267 0.0532778 0.0520861 0.3584871 0.6124175 0.5465088 0.6113264 0.0843603 0.0697125 0.0635306 0.5861384 0.5861384 0.5880117 0.5910426 0.0865491 0.0547390 0.3581383 0.0813646 0.0928198 0.6105304 0.0931272 0.0883306 0.0900374 0.0893559 0.1206352 0.0532778 0.0520861 0.0640167 0.0660542 0.0575255 0.0534396 0.0630232 0.0617469 0.0677799 0.0587497 0.0530336 0.0558002 0.0550814 0.0529836 0.0597337 0.0614751 0.0659392 0.0672595 0.0560897 0.0613241 0.0613241 0.0616825 0.0616825 0.0630236 0.0632387 0.0632387 0.0630236 0.0615681 0.0615681 0.0620682 0.0616616 0.0616616 0.0620682 0.0619875 
MT602086/TZA/cattle/2012/SAT1/I-NWZ/Unknown            0.0637013 0.0742146 0.0726569 0.1090748 0.0667646 0.0506121 0.0550602 0.0000000 0.0746283 0.6171870 0.6171870 0.6175697 0.1339456 0.0640321 0.0618830 0.3749958 0.6155288 0.5287898 0.5947896 0.0903311 0.0700359 0.0587150 0.6098539 0.6098539 0.6123400 0.6131540 0.0846204 0.0002414 0.3678483 0.0849149 0.0925717 0.6107097 0.0945344 0.0885208 0.0874682 0.0898204 0.1119557 0.0640321 0.0618830 0.0539656 0.0556347 0.0576900 0.0484357 0.0533376 0.0553566 0.0599572 0.0590759 0.0524573 0.0544122 0.0519896 0.0616935 0.0693187 0.0570177 0.0610678 0.0630488 0.0567372 0.0545310 0.0545310 0.0548756 0.0548756 0.0599863 0.0613008 0.0613008 0.0599863 0.0585068 0.0585068 0.0573355 0.0569440 0.0569440 0.0573355 0.0572628 
MT602085/KEN/cattle/2013/SAT1/I-NWZ/Unknown            0.0832444 0.0007268 0.0897433 0.1096704 0.0629194 0.0684707 0.0709317 0.0746283 0.0000000 0.5742147 0.5742147 0.5745850 0.1321093 0.0689293 0.0647925 0.3645955 0.6313275 0.5540770 0.6153633 0.0947736 0.0786123 0.0807166 0.5693753 0.5693753 0.5731576 0.5739074 0.0950352 0.0742743 0.3505846 0.0848875 0.1122083 0.6373032 0.1113372 0.0940363 0.1031730 0.1028752 0.1262641 0.0689293 0.0647925 0.0672007 0.0666087 0.0736495 0.0704844 0.0629280 0.0638842 0.0672672 0.0802795 0.0672807 0.0731992 0.0803311 0.0704410 0.0741816 0.0700471 0.0749368 0.0760474 0.0670118 0.0634935 0.0634935 0.0638603 0.0638603 0.0682500 0.0687927 0.0687927 0.0682500 0.0666168 0.0666168 0.0759921 0.0755347 0.0755347 0.0759921 0.0758848 
MN275121/CMR/cow/2016/SAT1/X/Unknown                   0.5777955 0.5714888 0.5976310 0.5969650 0.5717570 0.6116924 0.5953298 0.6171870 0.5742147 0.0000000 0.0000010 0.0002416 0.5484853 0.6138151 0.6164899 0.4579277 0.4856837 0.4599911 0.4477161 0.5685760 0.5944094 0.6307206 0.0130743 0.0130743 0.0136020 0.0130710 0.5515311 0.6180691 0.4453689 0.5543075 0.5726465 0.4761955 0.5717871 0.5586089 0.5607951 0.5667266 0.6016545 0.6138151 0.6164899 0.6151571 0.5896311 0.6287041 0.6037424 0.5912902 0.6010764 0.5989246 0.5938710 0.6044327 0.5915258 0.6080169 0.6202899 0.6278856 0.6175620 0.6152418 0.6127262 0.6058496 0.6022091 0.6022091 0.6033442 0.6033442 0.6204211 0.6042054 0.6042054 0.6204211 0.6097195 0.6097195 0.6162795 0.6137949 0.6137949 0.6162795 0.6128699 
MN275120/CMR/cow/2016/SAT1/X/Unknown                   0.5777955 0.5714888 0.5976310 0.5969650 0.5717570 0.6116924 0.5953298 0.6171870 0.5742147 0.0000010 0.0000000 0.0002416 0.5484853 0.6138151 0.6164899 0.4579277 0.4856837 0.4599911 0.4477161 0.5685760 0.5944094 0.6307206 0.0130743 0.0130743 0.0136020 0.0130710 0.5515311 0.6180691 0.4453689 0.5543075 0.5726465 0.4761955 0.5717871 0.5586089 0.5607951 0.5667266 0.6016545 0.6138151 0.6164899 0.6151571 0.5896311 0.6287041 0.6037424 0.5912902 0.6010764 0.5989246 0.5938710 0.6044327 0.5915258 0.6080169 0.6202899 0.6278856 0.6175620 0.6152418 0.6127262 0.6058496 0.6022091 0.6022091 0.6033442 0.6033442 0.6204211 0.6042054 0.6042054 0.6204211 0.6097195 0.6097195 0.6162795 0.6137949 0.6137949 0.6162795 0.6128699 
MN275119/CMR/cow/2016/SAT1/X/Unknown                   0.5781638 0.5718581 0.5980083 0.5973385 0.5721239 0.6120755 0.5957055 0.6175697 0.5745850 0.0002416 0.0002416 0.0000000 0.5488416 0.6141967 0.6168726 0.4588971 0.4866923 0.4609874 0.4486835 0.5689406 0.5947841 0.6311089 0.0133385 0.0133385 0.0138672 0.0133351 0.5518904 0.6184520 0.4463309 0.5546685 0.5730131 0.4771918 0.5721542 0.5589718 0.5611595 0.5670926 0.6020299 0.6141967 0.6168726 0.6155403 0.5900056 0.6290939 0.6041223 0.5916657 0.6014538 0.5993013 0.5942473 0.6048144 0.5919017 0.6083979 0.6206735 0.6282717 0.6179461 0.6156262 0.6131088 0.6062313 0.6025872 0.6025872 0.6037227 0.6037227 0.6208048 0.6045832 0.6045832 0.6208048 0.6100991 0.6100991 0.6166646 0.6141790 0.6141790 0.6166646 0.6132539 
MN116691/KEN/cow/2016/SAT1/I-NWZ/Unknown               0.1270203 0.1315021 0.1380727 0.1546271 0.1215411 0.1263932 0.1342267 0.1339456 0.1321093 0.5484853 0.5484853 0.5488416 0.0000000 0.1292859 0.1268054 0.3746493 0.6043119 0.5518143 0.6079244 0.1353215 0.1269696 0.1419928 0.5428114 0.5428114 0.5503089 0.5520377 0.1396661 0.1343844 0.3644986 0.1253675 0.1480977 0.6250315 0.1488549 0.1454005 0.1479837 0.1420158 0.1687188 0.1292859 0.1268054 0.1323681 0.1318863 0.1290476 0.1306073 0.1226394 0.1303184 0.1320196 0.1297111 0.1249969 0.1266522 0.1309864 0.1256502 0.1355699 0.1321978 0.1241711 0.1316657 0.1322370 0.1295980 0.1295980 0.1301198 0.1301198 0.1307517 0.1270462 0.1270462 0.1307517 0.1303183 0.1303183 0.1317640 0.1310812 0.1310812 0.1317640 0.1315220 
MN116690/KEN/cow/2014/SAT1/I-NWZ/Unknown               0.0699892 0.0688556 0.0688287 0.1035845 0.0619839 0.0491832 0.0532778 0.0640321 0.0689293 0.6138151 0.6138151 0.6141967 0.1292859 0.0000000 0.0061500 0.3672950 0.6108459 0.5462876 0.6224039 0.0886143 0.0713631 0.0725090 0.6058619 0.6058619 0.6087108 0.6113194 0.0886157 0.0643623 0.3498809 0.0801890 0.0932759 0.6116524 0.0969828 0.0886510 0.0913026 0.0883400 0.1128244 0.0000010 0.0061500 0.0652759 0.0654259 0.0630415 0.0587240 0.0622313 0.0603596 0.0667803 0.0653139 0.0599178 0.0608996 0.0564753 0.0162728 0.0178088 0.0632431 0.0643719 0.0691978 0.0610548 0.0605342 0.0605342 0.0608928 0.0608928 0.0689405 0.0684767 0.0684767 0.0689405 0.0667449 0.0667449 0.0659798 0.0659018 0.0659018 0.0663230 0.0662347 
MN116689/KEN/cow/2014/SAT1/I-NWZ/Unknown               0.0685695 0.0644015 0.0680496 0.1033803 0.0582578 0.0479602 0.0520861 0.0618830 0.0647925 0.6164899 0.6164899 0.6168726 0.1268054 0.0061500 0.0000000 0.3705853 0.5993181 0.5394869 0.6160340 0.0860139 0.0681472 0.0693353 0.6085218 0.6085218 0.6113752 0.6139941 0.0874545 0.0615510 0.3462023 0.0778662 0.0914918 0.6082010 0.0958781 0.0864497 0.0893129 0.0864806 0.1094974 0.0061500 0.0000010 0.0617814 0.0619386 0.0614142 0.0574197 0.0587583 0.0576450 0.0632589 0.0635218 0.0574817 0.0591388 0.0542031 0.0152266 0.0164930 0.0622770 0.0637152 0.0678555 0.0600964 0.0571029 0.0571029 0.0574555 0.0574555 0.0675151 0.0663753 0.0663753 0.0675151 0.0653334 0.0653334 0.0639826 0.0639075 0.0639075 0.0643239 0.0642387 
MH053326/UGA/african-buffalo/1970/SAT1/IV-EA-1/Unknown 0.3494598 0.3664446 0.3822132 0.4009679 0.3492183 0.3630575 0.3584871 0.3749958 0.3645955 0.4579277 0.4579277 0.4588971 0.3746493 0.3672950 0.3705853 0.0000000 0.4897552 0.4462245 0.4624623 0.3853748 0.3521409 0.3820282 0.4564375 0.4564375 0.4562526 0.4576741 0.3935699 0.3756883 0.0978661 0.3467827 0.3925132 0.4427400 0.3943510 0.3902031 0.3891957 0.3977694 0.4274320 0.3672950 0.3705853 0.3785795 0.3803713 0.3776389 0.3587049 0.3796247 0.3746684 0.3806769 0.3791486 0.3768661 0.3844445 0.3903168 0.3615751 0.3768486 0.3638998 0.3749122 0.3766219 0.3564759 0.3801098 0.3801098 0.3810107 0.3810107 0.3762841 0.3702394 0.3702394 0.3762841 0.3672408 0.3672408 0.3851025 0.3834205 0.3834205 0.3851025 0.3841188 
MH053325/UGA/cattle/1978/SAT1/VII-EA-2/Unknown         0.6344750 0.6290603 0.6518162 0.6345185 0.5970197 0.6172943 0.6124175 0.6155288 0.6313275 0.4856837 0.4856837 0.4866923 0.6043119 0.6108459 0.5993181 0.4897552 0.0000000 0.0850361 0.1417787 0.6023173 0.5943021 0.6210711 0.4796447 0.4796447 0.4828366 0.4841416 0.5808229 0.6164069 0.4888550 0.5594005 0.5940006 0.1437563 0.5938935 0.5967182 0.6049595 0.6054441 0.6333102 0.6108459 0.5993181 0.6234581 0.5997150 0.6508292 0.6272602 0.6081373 0.6097746 0.6234371 0.6260577 0.6309489 0.6221264 0.6316468 0.6053853 0.6165508 0.6547423 0.6412727 0.6556832 0.6381014 0.6115289 0.6115289 0.6126751 0.6126751 0.6191667 0.6231262 0.6231262 0.6191667 0.6225265 0.6225265 0.6522396 0.6506507 0.6506507 0.6522396 0.6497053 
MH053324/UGA/cattle/1971/SAT1/VII-EA-2/Unknown         0.5662321 0.5520106 0.5934373 0.5655528 0.5274642 0.5552166 0.5465088 0.5287898 0.5540770 0.4599911 0.4599911 0.4609874 0.5518143 0.5462876 0.5394869 0.4462245 0.0850361 0.0000000 0.0969050 0.5184691 0.5276063 0.5597373 0.4487484 0.4487484 0.4486274 0.4519065 0.5147191 0.5296188 0.4403363 0.5060757 0.5287126 0.1185609 0.5193252 0.5262250 0.5210826 0.5263873 0.5648893 0.5462876 0.5394869 0.5654141 0.5524755 0.5708069 0.5544586 0.5495970 0.5587285 0.5647920 0.5526020 0.5731691 0.5424935 0.5620749 0.5425530 0.5453222 0.5855206 0.5745156 0.5856486 0.5752569 0.5535878 0.5535878 0.5546755 0.5546755 0.5658299 0.5663642 0.5663642 0.5658299 0.5620629 0.5620629 0.5841190 0.5817435 0.5817435 0.5841190 0.5808445 
MH053323/TCD/cattle/1972/SAT1/VI/Unknown               0.6120688 0.6108551 0.6238724 0.6419031 0.5921901 0.6111347 0.6113264 0.5947896 0.6153633 0.4477161 0.4477161 0.4486835 0.6079244 0.6224039 0.6160340 0.4624623 0.1417787 0.0969050 0.0000000 0.5908503 0.5848426 0.6263525 0.4380259 0.4380259 0.4365811 0.4397460 0.5777560 0.5956525 0.4560909 0.5701659 0.6029112 0.1214747 0.5821932 0.5893661 0.5907348 0.6023461 0.6337860 0.6224039 0.6160340 0.6193640 0.6119059 0.6494259 0.6016015 0.6092342 0.6218195 0.6195978 0.6019296 0.6099415 0.5945835 0.6269247 0.6208361 0.6186720 0.6056968 0.6068619 0.6074946 0.6049876 0.6129797 0.6129797 0.6141234 0.6141234 0.6297272 0.6251769 0.6251769 0.6297272 0.6238369 0.6238369 0.6147638 0.6122903 0.6122903 0.6147638 0.6113688 
MH053322/NAM/african-buffalo/1989/SAT1/III-WZ/Unknown  0.0967518 0.0942876 0.0991319 0.0895535 0.0721283 0.0809698 0.0843603 0.0903311 0.0947736 0.5685760 0.5685760 0.5689406 0.1353215 0.0886143 0.0860139 0.3853748 0.6023173 0.5184691 0.5908503 0.0000000 0.0661583 0.0919415 0.5580069 0.5580069 0.5636022 0.5650642 0.0413820 0.0899471 0.3775125 0.0724018 0.0509321 0.6119086 0.0427613 0.0380157 0.0444831 0.0460369 0.0645379 0.0886143 0.0860139 0.0833160 0.0858688 0.0841657 0.0904279 0.0839381 0.0828349 0.0833504 0.0947334 0.0858792 0.0880076 0.0927536 0.0852859 0.0919633 0.0923769 0.0965457 0.0973303 0.0888615 0.0840875 0.0840875 0.0845110 0.0845110 0.0864330 0.0852232 0.0852232 0.0864330 0.0820680 0.0820680 0.0927210 0.0921907 0.0921907 0.0927210 0.0917986 
MH053321/MOZ/cattle/1981/SAT1/ASIA/Unknown             0.0850346 0.0781837 0.0875157 0.0823810 0.0559077 0.0687938 0.0697125 0.0700359 0.0786123 0.5944094 0.5944094 0.5947841 0.1269696 0.0713631 0.0681472 0.3521409 0.5943021 0.5276063 0.5848426 0.0661583 0.0000000 0.0789277 0.5880312 0.5880312 0.5911261 0.5949187 0.0724923 0.0696882 0.3616674 0.0566766 0.0727301 0.6008291 0.0774084 0.0666049 0.0735546 0.0731528 0.0953562 0.0713631 0.0681472 0.0726266 0.0776387 0.0793894 0.0751385 0.0727352 0.0690344 0.0765632 0.0856681 0.0755980 0.0814997 0.0734907 0.0673963 0.0741552 0.0803654 0.0839808 0.0823479 0.0785696 0.0716365 0.0716365 0.0720210 0.0720210 0.0774912 0.0766282 0.0766282 0.0774912 0.0737739 0.0737739 0.0775275 0.0770631 0.0770631 0.0775275 0.0767033 
MH053320/KEN/cattle/1983/SAT1/I-NWZ/Unknown            0.0680960 0.0802923 0.0789081 0.1094800 0.0743857 0.0594613 0.0635306 0.0587150 0.0807166 0.6307206 0.6307206 0.6311089 0.1419928 0.0725090 0.0693353 0.3820282 0.6210711 0.5597373 0.6263525 0.0919415 0.0789277 0.0000000 0.6199534 0.6199534 0.6277206 0.6285627 0.0982473 0.0583913 0.3680173 0.0951685 0.0996559 0.6375858 0.1047758 0.0980578 0.1021207 0.0993686 0.1190222 0.0725090 0.0693353 0.0721788 0.0738678 0.0646758 0.0616823 0.0711629 0.0648254 0.0765488 0.0684633 0.0622490 0.0647389 0.0646977 0.0673559 0.0791762 0.0680539 0.0724856 0.0734227 0.0648120 0.0712462 0.0712462 0.0716218 0.0716218 0.0667059 0.0688922 0.0688922 0.0667059 0.0657167 0.0657167 0.0693129 0.0688868 0.0688868 0.0693129 0.0692202 
MF678826/NER/cow/2015/SAT1/X/Unknown                   0.5673006 0.5666526 0.5936244 0.5861448 0.5614778 0.6068417 0.5861384 0.6098539 0.5693753 0.0130743 0.0130743 0.0133385 0.5428114 0.6058619 0.6085218 0.4564375 0.4796447 0.4487484 0.4380259 0.5580069 0.5880312 0.6199534 0.0000000 0.0000010 0.0069353 0.0064267 0.5384045 0.6107357 0.4368892 0.5461419 0.5623788 0.4668131 0.5606946 0.5488316 0.5537853 0.5586448 0.5899835 0.6058619 0.6085218 0.6101127 0.5837812 0.6228438 0.6005613 0.5862544 0.5996242 0.5903456 0.5882850 0.5976354 0.5868911 0.6063078 0.6108484 0.6198870 0.6043529 0.6107541 0.6059443 0.6031586 0.5966924 0.5966924 0.5978270 0.5978270 0.6148255 0.6009125 0.6009125 0.6148255 0.6041462 0.6041462 0.6071518 0.6046816 0.6046816 0.6071518 0.6037578 
MF678825/NER/cow/2015/SAT1/X/Unknown                   0.5673006 0.5666526 0.5936244 0.5861448 0.5614778 0.6068417 0.5861384 0.6098539 0.5693753 0.0130743 0.0130743 0.0133385 0.5428114 0.6058619 0.6085218 0.4564375 0.4796447 0.4487484 0.4380259 0.5580069 0.5880312 0.6199534 0.0000010 0.0000000 0.0069353 0.0064267 0.5384045 0.6107357 0.4368892 0.5461419 0.5623788 0.4668131 0.5606946 0.5488316 0.5537853 0.5586448 0.5899835 0.6058619 0.6085218 0.6101127 0.5837812 0.6228438 0.6005613 0.5862544 0.5996242 0.5903456 0.5882850 0.5976354 0.5868911 0.6063078 0.6108484 0.6198870 0.6043529 0.6107541 0.6059443 0.6031586 0.5966924 0.5966924 0.5978270 0.5978270 0.6148255 0.6009125 0.6009125 0.6148255 0.6041462 0.6041462 0.6071518 0.6046816 0.6046816 0.6071518 0.6037578 
MF678824/NER/cow/2015/SAT1/X/Unknown                   0.5746006 0.5704293 0.5992134 0.5967472 0.5645580 0.6126166 0.5880117 0.6123400 0.5731576 0.0136020 0.0136020 0.0138672 0.5503089 0.6087108 0.6113752 0.4562526 0.4828366 0.4486274 0.4365811 0.5636022 0.5911261 0.6277206 0.0069353 0.0069353 0.0000000 0.0024331 0.5448831 0.6132213 0.4383928 0.5504655 0.5632582 0.4584258 0.5628462 0.5519120 0.5536191 0.5639298 0.5908225 0.6087108 0.6113752 0.6098298 0.5861395 0.6238553 0.6053467 0.5900526 0.5993632 0.5941398 0.5857883 0.6001408 0.5834477 0.6094290 0.6146699 0.6227483 0.6109590 0.6150697 0.6084399 0.6079634 0.5987091 0.5987091 0.5998435 0.5998435 0.6189167 0.6031880 0.6031880 0.6189167 0.6082133 0.6082133 0.6114687 0.6089925 0.6089925 0.6114687 0.6080686 
MF678823/NER/cow/2015/SAT1/X/Unknown                   0.5760902 0.5711741 0.6000061 0.5974806 0.5657545 0.6141427 0.5910426 0.6131540 0.5739074 0.0130710 0.0130710 0.0133351 0.5520377 0.6113194 0.6139941 0.4576741 0.4841416 0.4519065 0.4397460 0.5650642 0.5949187 0.6285627 0.0064267 0.0064267 0.0024331 0.0000000 0.5501794 0.6140365 0.4409776 0.5514437 0.5686618 0.4632078 0.5682612 0.5555394 0.5589920 0.5654001 0.5963752 0.6113194 0.6139941 0.6124506 0.5886841 0.6270485 0.6061513 0.5926109 0.6042216 0.5967046 0.5905999 0.6033104 0.5882507 0.6109438 0.6172956 0.6254002 0.6117738 0.6158918 0.6092503 0.6088443 0.6012887 0.6012887 0.6024262 0.6024262 0.6197413 0.6039846 0.6039846 0.6197413 0.6090183 0.6090183 0.6122871 0.6098064 0.6098064 0.6122871 0.6088810 
KU821590/NAM/cow/2010/SAT1/III-WZ/Unknown              0.0976168 0.0945513 0.1057817 0.0903324 0.0693987 0.0807154 0.0865491 0.0846204 0.0950352 0.5515311 0.5515311 0.5518904 0.1396661 0.0886157 0.0874545 0.3935699 0.5808229 0.5147191 0.5777560 0.0413820 0.0724923 0.0982473 0.5384045 0.5384045 0.5448831 0.5501794 0.0000000 0.0842418 0.3907306 0.0738229 0.0540919 0.6007920 0.0451338 0.0385074 0.0432288 0.0473362 0.0639570 0.0886157 0.0874545 0.0862273 0.0862500 0.0885417 0.0892472 0.0838566 0.0856432 0.0842540 0.0967234 0.0849392 0.0891939 0.0924916 0.0857911 0.0946914 0.0948487 0.0952488 0.0984878 0.0886633 0.0859835 0.0859835 0.0864059 0.0864059 0.0881485 0.0883322 0.0883322 0.0881485 0.0860415 0.0860415 0.0952558 0.0947174 0.0947174 0.0952558 0.0943222 
KM268899/TZA/cattle/2012/SAT1/I-NWZ/Unknown            0.0633684 0.0738612 0.0723147 0.1086660 0.0664211 0.0502977 0.0547390 0.0002414 0.0742743 0.6180691 0.6180691 0.6184520 0.1343844 0.0643623 0.0615510 0.3756883 0.6164069 0.5296188 0.5956525 0.0899471 0.0696882 0.0583913 0.6107357 0.6107357 0.6132213 0.6140365 0.0842418 0.0000000 0.3685439 0.0845451 0.0921809 0.6115859 0.0941432 0.0881378 0.0870821 0.0894303 0.1115400 0.0643623 0.0615510 0.0536443 0.0553111 0.0573638 0.0481235 0.0530168 0.0550350 0.0596268 0.0587496 0.0521391 0.0540916 0.0516729 0.0613608 0.0689772 0.0566923 0.0607392 0.0627183 0.0564118 0.0542075 0.0542075 0.0545517 0.0545517 0.0596558 0.0609690 0.0609690 0.0596558 0.0581788 0.0581788 0.0570116 0.0566209 0.0566209 0.0570116 0.0569395 
HM067706/UGA/african-buffalo/2007/SAT1/IV-EA-1/Unknown 0.3516589 0.3524142 0.3778422 0.3931268 0.3393416 0.3548064 0.3581383 0.3678483 0.3505846 0.4453689 0.4453689 0.4463309 0.3644986 0.3498809 0.3462023 0.0978661 0.4888550 0.4403363 0.4560909 0.3775125 0.3616674 0.3680173 0.4368892 0.4368892 0.4383928 0.4409776 0.3907306 0.3685439 0.0000000 0.3643167 0.3920623 0.4505530 0.3987483 0.3859614 0.3970960 0.4109443 0.4367375 0.3498809 0.3462023 0.3688866 0.3746993 0.3723940 0.3716425 0.3668762 0.3679132 0.3726663 0.3628690 0.3639651 0.3603549 0.3777510 0.3536816 0.3642039 0.3563969 0.3540436 0.3616704 0.3560545 0.3692426 0.3692426 0.3701433 0.3701433 0.3803568 0.3702494 0.3702494 0.3803568 0.3715969 0.3715969 0.3663680 0.3654882 0.3654882 0.3671237 0.3661789 
AY593846/ZWE/Unknown/1966/SAT1/ASIA/Unknown            0.0897383 0.0844393 0.0959783 0.0912082 0.0636556 0.0792269 0.0813646 0.0849149 0.0848875 0.5543075 0.5543075 0.5546685 0.1253675 0.0801890 0.0778662 0.3467827 0.5594005 0.5060757 0.5701659 0.0724018 0.0566766 0.0951685 0.5461419 0.5461419 0.5504655 0.5514437 0.0738229 0.0845451 0.3643167 0.0000000 0.0822004 0.5891104 0.0785062 0.0748878 0.0813661 0.0786543 0.1051769 0.0801890 0.0778662 0.0777957 0.0789889 0.0881366 0.0883379 0.0782035 0.0763486 0.0789408 0.0927076 0.0878865 0.0875951 0.0874566 0.0819096 0.0820652 0.0978288 0.0989664 0.0997302 0.0916354 0.0787513 0.0787513 0.0791562 0.0791562 0.0920953 0.0908922 0.0908922 0.0920953 0.0903456 0.0903456 0.0956486 0.0955156 0.0955156 0.0960447 0.0951281 
AY593845/BWA/Unknown/1968/SAT1/III-WZ/Unknown          0.1048205 0.1116733 0.1087194 0.1010119 0.0788543 0.0926713 0.0928198 0.0925717 0.1122083 0.5726465 0.5726465 0.5730131 0.1480977 0.0932759 0.0914918 0.3925132 0.5940006 0.5287126 0.6029112 0.0509321 0.0727301 0.0996559 0.5623788 0.5623788 0.5632582 0.5686618 0.0540919 0.0921809 0.3920623 0.0822004 0.0000000 0.6379708 0.0549467 0.0454820 0.0492939 0.0489062 0.0708412 0.0932759 0.0914918 0.0994840 0.1005873 0.1015770 0.0963272 0.0989398 0.0967278 0.1023713 0.1042369 0.0963549 0.1009406 0.1018989 0.0890214 0.1006608 0.1062794 0.1084677 0.1099459 0.1001865 0.0979801 0.0979801 0.0984293 0.0984293 0.1017895 0.1005033 0.1005033 0.1017895 0.0969761 0.0969761 0.1066129 0.1060354 0.1060354 0.1066129 0.1056254 
AY593844/ISR/Unknown/1962/SAT1/VI/Unknown              0.6169627 0.6350071 0.6522707 0.6397221 0.6051713 0.6315636 0.6105304 0.6107097 0.6373032 0.4761955 0.4761955 0.4771918 0.6250315 0.6116524 0.6082010 0.4427400 0.1437563 0.1185609 0.1214747 0.6119086 0.6008291 0.6375858 0.4668131 0.4668131 0.4584258 0.4632078 0.6007920 0.6115859 0.4505530 0.5891104 0.6379708 0.0000000 0.6166825 0.6228146 0.6266503 0.6362834 0.6572319 0.6116524 0.6082010 0.6366611 0.6281074 0.6521797 0.6292616 0.6316044 0.6306976 0.6424684 0.6212223 0.6175469 0.6217355 0.6366237 0.6144050 0.6207374 0.6195369 0.6225403 0.6300228 0.6164118 0.6232334 0.6232334 0.6243935 0.6243935 0.6338956 0.6401624 0.6401624 0.6338956 0.6330622 0.6330622 0.6423733 0.6398151 0.6398151 0.6423733 0.6388747 
AY593843/NAM/Unknown/1940/SAT1/III-WZ/Unknown          0.1069610 0.1108080 0.1140292 0.1008236 0.0812153 0.0931240 0.0931272 0.0945344 0.1113372 0.5717871 0.5717871 0.5721542 0.1488549 0.0969828 0.0958781 0.3943510 0.5938935 0.5193252 0.5821932 0.0427613 0.0774084 0.1047758 0.5606946 0.5606946 0.5628462 0.5682612 0.0451338 0.0941432 0.3987483 0.0785062 0.0549467 0.6166825 0.0000000 0.0404665 0.0460581 0.0494994 0.0660320 0.0969828 0.0958781 0.0977105 0.0943871 0.1006267 0.1014997 0.0913305 0.0932514 0.0944501 0.1060078 0.0963364 0.0991469 0.1025318 0.0930648 0.1035220 0.1037483 0.1093514 0.1106894 0.1003351 0.0922822 0.0922822 0.0927245 0.0927245 0.0981550 0.1009554 0.1009554 0.0981550 0.0943238 0.0943238 0.1086085 0.1080253 0.1080253 0.1086085 0.1076137 
AY593842/ZAF/Unknown/1961/SAT1/III-WZ/Unknown          0.1017843 0.0935536 0.1062506 0.0921621 0.0680585 0.0824905 0.0883306 0.0885208 0.0940363 0.5586089 0.5586089 0.5589718 0.1454005 0.0886510 0.0864497 0.3902031 0.5967182 0.5262250 0.5893661 0.0380157 0.0666049 0.0980578 0.5488316 0.5488316 0.5519120 0.5555394 0.0385074 0.0881378 0.3859614 0.0748878 0.0454820 0.6228146 0.0404665 0.0000000 0.0402223 0.0387643 0.0566971 0.0886510 0.0864497 0.0893881 0.0905595 0.0895058 0.0930154 0.0859135 0.0867675 0.0871442 0.0960588 0.0858073 0.0924758 0.0929519 0.0834827 0.0894351 0.0966713 0.0981866 0.1011725 0.0893859 0.0869240 0.0869240 0.0873528 0.0873528 0.0872120 0.0883781 0.0883781 0.0872120 0.0843514 0.0843514 0.0953265 0.0947876 0.0947876 0.0953265 0.0943920 
AY593841/ZWE/Unknown/1958/SAT1/III-WZ/Unknown          0.0974554 0.1026617 0.1030074 0.0930093 0.0781467 0.0852332 0.0900374 0.0874682 0.1031730 0.5607951 0.5607951 0.5611595 0.1479837 0.0913026 0.0893129 0.3891957 0.6049595 0.5210826 0.5907348 0.0444831 0.0735546 0.1021207 0.5537853 0.5537853 0.5536191 0.5589920 0.0432288 0.0870821 0.3970960 0.0813661 0.0492939 0.6266503 0.0460581 0.0402223 0.0000000 0.0486621 0.0650612 0.0913026 0.0893129 0.0879189 0.0909160 0.0926579 0.0946262 0.0869887 0.0861824 0.0909635 0.0996044 0.0889296 0.0919136 0.0929406 0.0906490 0.0976666 0.0955147 0.0991956 0.1008062 0.0946732 0.0864031 0.0864031 0.0868387 0.0868387 0.0948625 0.0968611 0.0968611 0.0948625 0.0910698 0.0910698 0.0968826 0.0963341 0.0963341 0.0968826 0.0959335 
AY593840/NAM/Unknown/1949/SAT1/III-WZ/Unknown          0.1027541 0.1023661 0.1053396 0.1016004 0.0746885 0.0821061 0.0893559 0.0898204 0.1028752 0.5667266 0.5667266 0.5670926 0.1420158 0.0883400 0.0864806 0.3977694 0.6054441 0.5263873 0.6023461 0.0460369 0.0731528 0.0993686 0.5586448 0.5586448 0.5639298 0.5654001 0.0473362 0.0894303 0.4109443 0.0786543 0.0489062 0.6362834 0.0494994 0.0387643 0.0486621 0.0000000 0.0598673 0.0883400 0.0864806 0.0907931 0.0882882 0.0905483 0.0878877 0.0844487 0.0860661 0.0862500 0.0995494 0.0895638 0.0954905 0.0922251 0.0854714 0.0925155 0.0941866 0.0971806 0.0970342 0.0852557 0.0856520 0.0856520 0.0860825 0.0860825 0.0864103 0.0863528 0.0863528 0.0864103 0.0827632 0.0827632 0.0925974 0.0920607 0.0920607 0.0925974 0.0916636 
AY593838/BWA/Unknown/1970/SAT1/III-WZ/Unknown          0.1267123 0.1256877 0.1294512 0.1136337 0.0968789 0.1128302 0.1206352 0.1119557 0.1262641 0.6016545 0.6016545 0.6020299 0.1687188 0.1128244 0.1094974 0.4274320 0.6333102 0.5648893 0.6337860 0.0645379 0.0953562 0.1190222 0.5899835 0.5899835 0.5908225 0.5963752 0.0639570 0.1115400 0.4367375 0.1051769 0.0708412 0.6572319 0.0660320 0.0566971 0.0650612 0.0598673 0.0000000 0.1128244 0.1094974 0.1141715 0.1154802 0.1179999 0.1164278 0.1117377 0.1141889 0.1143965 0.1181619 0.1099234 0.1153412 0.1160180 0.1072775 0.1147871 0.1182792 0.1201130 0.1237454 0.1156933 0.1128735 0.1128735 0.1133555 0.1133555 0.1096875 0.1147113 0.1147113 0.1096875 0.1084608 0.1084608 0.1196857 0.1190615 0.1190615 0.1196857 0.1186346 
OM562602/KEN/cow/2014/SAT1/I-NWZ/Unknown               0.0699892 0.0688556 0.0688287 0.1035845 0.0619839 0.0491832 0.0532778 0.0640321 0.0689293 0.6138151 0.6138151 0.6141967 0.1292859 0.0000010 0.0061500 0.3672950 0.6108459 0.5462876 0.6224039 0.0886143 0.0713631 0.0725090 0.6058619 0.6058619 0.6087108 0.6113194 0.0886157 0.0643623 0.3498809 0.0801890 0.0932759 0.6116524 0.0969828 0.0886510 0.0913026 0.0883400 0.1128244 0.0000000 0.0061500 0.0652759 0.0654259 0.0630415 0.0587240 0.0622313 0.0603596 0.0667803 0.0653139 0.0599178 0.0608996 0.0564753 0.0162728 0.0178088 0.0632431 0.0643719 0.0691978 0.0610548 0.0605342 0.0605342 0.0608928 0.0608928 0.0689405 0.0684767 0.0684767 0.0689405 0.0667449 0.0667449 0.0659798 0.0659018 0.0659018 0.0663230 0.0662347 
OM562601/KEN/cow/2014/SAT1/I-NWZ/Unknown               0.0685695 0.0644015 0.0680496 0.1033803 0.0582578 0.0479602 0.0520861 0.0618830 0.0647925 0.6164899 0.6164899 0.6168726 0.1268054 0.0061500 0.0000010 0.3705853 0.5993181 0.5394869 0.6160340 0.0860139 0.0681472 0.0693353 0.6085218 0.6085218 0.6113752 0.6139941 0.0874545 0.0615510 0.3462023 0.0778662 0.0914918 0.6082010 0.0958781 0.0864497 0.0893129 0.0864806 0.1094974 0.0061500 0.0000000 0.0617814 0.0619386 0.0614142 0.0574197 0.0587583 0.0576450 0.0632589 0.0635218 0.0574817 0.0591388 0.0542031 0.0152266 0.0164930 0.0622770 0.0637152 0.0678555 0.0600964 0.0571029 0.0571029 0.0574555 0.0574555 0.0675151 0.0663753 0.0663753 0.0675151 0.0653334 0.0653334 0.0639826 0.0639075 0.0639075 0.0643239 0.0642387 
OM562591/KEN/cow/2016/SAT1/I-NWZ/Unknown               0.0691686 0.0668029 0.0765538 0.1085083 0.0638988 0.0535218 0.0640167 0.0539656 0.0672007 0.6151571 0.6151571 0.6155403 0.1323681 0.0652759 0.0617814 0.3785795 0.6234581 0.5654141 0.6193640 0.0833160 0.0726266 0.0721788 0.6101127 0.6101127 0.6098298 0.6124506 0.0862273 0.0536443 0.3688866 0.0777957 0.0994840 0.6366611 0.0977105 0.0893881 0.0879189 0.0907931 0.1141715 0.0652759 0.0617814 0.0000000 0.0240130 0.0624758 0.0638818 0.0226584 0.0275891 0.0292169 0.0578234 0.0543854 0.0528796 0.0600902 0.0648135 0.0676312 0.0614592 0.0632557 0.0637593 0.0597705 0.0226842 0.0226842 0.0229669 0.0229669 0.0660847 0.0660643 0.0660643 0.0660847 0.0640918 0.0640918 0.0590874 0.0586862 0.0586862 0.0590874 0.0590110 
OM562590/KEN/cow/2016/SAT1/I-NWZ/Unknown               0.0684027 0.0662157 0.0773621 0.1052296 0.0686968 0.0573974 0.0660542 0.0556347 0.0666087 0.5896311 0.5896311 0.5900056 0.1318863 0.0654259 0.0619386 0.3803713 0.5997150 0.5524755 0.6119059 0.0858688 0.0776387 0.0738678 0.5837812 0.5837812 0.5861395 0.5886841 0.0862500 0.0553111 0.3746993 0.0789889 0.1005873 0.6281074 0.0943871 0.0905595 0.0909160 0.0882882 0.1154802 0.0654259 0.0619386 0.0240130 0.0000000 0.0605291 0.0628605 0.0133341 0.0254850 0.0178422 0.0615271 0.0569402 0.0564250 0.0619653 0.0616851 0.0681524 0.0648249 0.0670397 0.0676729 0.0626445 0.0149051 0.0149051 0.0151719 0.0151719 0.0656038 0.0661399 0.0661399 0.0656038 0.0639811 0.0639811 0.0628565 0.0624447 0.0624447 0.0628565 0.0627739 
OM562576/KEN/cow/2016/SAT1/I-NWZ/Unknown               0.0673686 0.0732354 0.0728523 0.1041654 0.0622099 0.0571707 0.0575255 0.0576900 0.0736495 0.6287041 0.6287041 0.6290939 0.1290476 0.0630415 0.0614142 0.3776389 0.6508292 0.5708069 0.6494259 0.0841657 0.0793894 0.0646758 0.6228438 0.6228438 0.6238553 0.6270485 0.0885417 0.0573638 0.3723940 0.0881366 0.1015770 0.6521797 0.1006267 0.0895058 0.0926579 0.0905483 0.1179999 0.0630415 0.0614142 0.0624758 0.0605291 0.0000000 0.0553974 0.0570263 0.0593113 0.0592653 0.0536045 0.0427217 0.0500909 0.0651083 0.0638481 0.0660543 0.0500814 0.0550525 0.0583129 0.0442838 0.0577609 0.0577609 0.0581144 0.0581144 0.0475764 0.0452106 0.0452106 0.0475764 0.0437176 0.0437176 0.0526363 0.0522559 0.0522559 0.0526363 0.0525707 
OM562571/KEN/cow/2016/SAT1/I-NWZ/Unknown               0.0631788 0.0700788 0.0703872 0.1100768 0.0644387 0.0433952 0.0534396 0.0484357 0.0704844 0.6037424 0.6037424 0.6041223 0.1306073 0.0587240 0.0574197 0.3587049 0.6272602 0.5544586 0.6016015 0.0904279 0.0751385 0.0616823 0.6005613 0.6005613 0.6053467 0.6061513 0.0892472 0.0481235 0.3716425 0.0883379 0.0963272 0.6292616 0.1014997 0.0930154 0.0946262 0.0878877 0.1164278 0.0587240 0.0574197 0.0638818 0.0628605 0.0553974 0.0000000 0.0603322 0.0657138 0.0629522 0.0578045 0.0500252 0.0531084 0.0512439 0.0610877 0.0643267 0.0513237 0.0564869 0.0580360 0.0533427 0.0597604 0.0597604 0.0601192 0.0601192 0.0635512 0.0643918 0.0643918 0.0635512 0.0612999 0.0612999 0.0543865 0.0540029 0.0540029 0.0543865 0.0543184 
OM562566/KEN/cow/2016/SAT1/I-NWZ/Unknown               0.0662216 0.0625421 0.0767508 0.1055367 0.0643972 0.0531262 0.0630232 0.0533376 0.0629280 0.5912902 0.5912902 0.5916657 0.1226394 0.0622313 0.0587583 0.3796247 0.6081373 0.5495970 0.6092342 0.0839381 0.0727352 0.0711629 0.5862544 0.5862544 0.5900526 0.5926109 0.0838566 0.0530168 0.3668762 0.0782035 0.0989398 0.6316044 0.0913305 0.0859135 0.0869887 0.0844487 0.1117377 0.0622313 0.0587583 0.0226584 0.0133341 0.0570263 0.0603322 0.0000000 0.0216719 0.0173725 0.0581016 0.0519999 0.0524346 0.0566108 0.0601703 0.0662582 0.0608541 0.0618353 0.0620758 0.0591933 0.0110028 0.0110028 0.0112632 0.0112632 0.0638060 0.0636699 0.0636699 0.0638060 0.0608711 0.0608711 0.0573663 0.0569700 0.0569700 0.0573663 0.0572928 
OM562565/KEN/cow/2016/SAT1/I-NWZ/Unknown               0.0625842 0.0634968 0.0750266 0.1017877 0.0659461 0.0572672 0.0617469 0.0553566 0.0638842 0.6010764 0.6010764 0.6014538 0.1303184 0.0603596 0.0576450 0.3746684 0.6097746 0.5587285 0.6218195 0.0828349 0.0690344 0.0648254 0.5996242 0.5996242 0.5993632 0.6042216 0.0856432 0.0550350 0.3679132 0.0763486 0.0967278 0.6306976 0.0932514 0.0867675 0.0861824 0.0860661 0.1141889 0.0603596 0.0576450 0.0275891 0.0254850 0.0593113 0.0657138 0.0216719 0.0000000 0.0295640 0.0606579 0.0564411 0.0543002 0.0601630 0.0593087 0.0668297 0.0614155 0.0634619 0.0664304 0.0615657 0.0236595 0.0236595 0.0239422 0.0239422 0.0641020 0.0650263 0.0650263 0.0641020 0.0615463 0.0615463 0.0615958 0.0611890 0.0611890 0.0615958 0.0615156 
OM562563/KEN/cow/2016/SAT1/I-NWZ/Unknown               0.0715627 0.0668688 0.0789079 0.1088225 0.0687142 0.0599886 0.0677799 0.0599572 0.0672672 0.5989246 0.5989246 0.5993013 0.1320196 0.0667803 0.0632589 0.3806769 0.6234371 0.5647920 0.6195978 0.0833504 0.0765632 0.0765488 0.5903456 0.5903456 0.5941398 0.5967046 0.0842540 0.0596268 0.3726663 0.0789408 0.1023713 0.6424684 0.0944501 0.0871442 0.0909635 0.0862500 0.1143965 0.0667803 0.0632589 0.0292169 0.0178422 0.0592653 0.0629522 0.0173725 0.0295640 0.0000000 0.0638230 0.0561861 0.0588031 0.0635064 0.0650816 0.0695388 0.0650887 0.0692942 0.0695311 0.0639651 0.0173126 0.0173126 0.0175836 0.0175836 0.0617661 0.0612949 0.0612949 0.0617661 0.0591827 0.0591827 0.0646518 0.0642325 0.0642325 0.0646518 0.0645657 
OM562560/KEN/cow/2016/SAT1/I-NWZ/Unknown               0.0680105 0.0798463 0.0816163 0.1059299 0.0761784 0.0583195 0.0587497 0.0590759 0.0802795 0.5938710 0.5938710 0.5942473 0.1297111 0.0653139 0.0635218 0.3791486 0.6260577 0.5526020 0.6019296 0.0947334 0.0856681 0.0684633 0.5882850 0.5882850 0.5857883 0.5905999 0.0967234 0.0587496 0.3628690 0.0927076 0.1042369 0.6212223 0.1060078 0.0960588 0.0996044 0.0995494 0.1181619 0.0653139 0.0635218 0.0578234 0.0615271 0.0536045 0.0578045 0.0581016 0.0606579 0.0638230 0.0000000 0.0340315 0.0071558 0.0568318 0.0636933 0.0697461 0.0554579 0.0634278 0.0622487 0.0546166 0.0601165 0.0601165 0.0604719 0.0604719 0.0643691 0.0644431 0.0644431 0.0643691 0.0624800 0.0624800 0.0594999 0.0591016 0.0591016 0.0594999 0.0594236 
OM562559/KEN/cow/2016/SAT1/I-NWZ/Unknown               0.0619049 0.0668802 0.0691760 0.0997231 0.0604592 0.0472811 0.0530336 0.0524573 0.0672807 0.6044327 0.6044327 0.6048144 0.1249969 0.0599178 0.0574817 0.3768661 0.6309489 0.5731691 0.6099415 0.0858792 0.0755980 0.0622490 0.5976354 0.5976354 0.6001408 0.6033104 0.0849392 0.0521391 0.3639651 0.0878865 0.0963549 0.6175469 0.0963364 0.0858073 0.0889296 0.0895638 0.1099234 0.0599178 0.0574817 0.0543854 0.0569402 0.0427217 0.0500252 0.0519999 0.0564411 0.0561861 0.0340315 0.0000000 0.0301995 0.0524719 0.0588212 0.0663380 0.0323779 0.0455591 0.0473665 0.0221805 0.0527158 0.0527158 0.0530582 0.0530582 0.0547772 0.0529875 0.0529875 0.0547772 0.0523835 0.0523835 0.0413715 0.0410220 0.0410220 0.0413715 0.0413227 
OM562558/KEN/cow/2016/SAT1/I-NWZ/Unknown               0.0627827 0.0727823 0.0789308 0.1051612 0.0708196 0.0554290 0.0558002 0.0544122 0.0731992 0.5915258 0.5915258 0.5919017 0.1266522 0.0608996 0.0591388 0.3844445 0.6221264 0.5424935 0.5945835 0.0880076 0.0814997 0.0647389 0.5868911 0.5868911 0.5834477 0.5882507 0.0891939 0.0540916 0.3603549 0.0875951 0.1009406 0.6217355 0.0991469 0.0924758 0.0919136 0.0954905 0.1153412 0.0608996 0.0591388 0.0528796 0.0564250 0.0500909 0.0531084 0.0524346 0.0543002 0.0588031 0.0071558 0.0301995 0.0000000 0.0512218 0.0613142 0.0658708 0.0514942 0.0583276 0.0584778 0.0503371 0.0538911 0.0538911 0.0542368 0.0542368 0.0613186 0.0607405 0.0607405 0.0613186 0.0594576 0.0594576 0.0551359 0.0547497 0.0547497 0.0551359 0.0550666 
OM562557/KEN/cow/2016/SAT1/I-NWZ/Unknown               0.0672121 0.0799038 0.0683635 0.1173005 0.0669647 0.0495173 0.0550814 0.0519896 0.0803311 0.6080169 0.6080169 0.6083979 0.1309864 0.0564753 0.0542031 0.3903168 0.6316468 0.5620749 0.6269247 0.0927536 0.0734907 0.0646977 0.6063078 0.6063078 0.6094290 0.6109438 0.0924916 0.0516729 0.3777510 0.0874566 0.1018989 0.6366237 0.1025318 0.0929519 0.0929406 0.0922251 0.1160180 0.0564753 0.0542031 0.0600902 0.0619653 0.0651083 0.0512439 0.0566108 0.0601630 0.0635064 0.0568318 0.0524719 0.0512218 0.0000000 0.0581527 0.0596652 0.0560344 0.0530876 0.0526772 0.0587025 0.0568341 0.0568341 0.0571866 0.0571866 0.0673358 0.0689497 0.0689497 0.0673358 0.0671316 0.0671316 0.0476247 0.0475741 0.0475741 0.0479382 0.0478804 
OM562556/KEN/cow/2016/SAT1/I-NWZ/Unknown               0.0691121 0.0700375 0.0697902 0.1002145 0.0624040 0.0497621 0.0529836 0.0616935 0.0704410 0.6202899 0.6202899 0.6206735 0.1256502 0.0162728 0.0152266 0.3615751 0.6053853 0.5425530 0.6208361 0.0852859 0.0673963 0.0673559 0.6108484 0.6108484 0.6146699 0.6172956 0.0857911 0.0613608 0.3536816 0.0819096 0.0890214 0.6144050 0.0930648 0.0834827 0.0906490 0.0854714 0.1072775 0.0162728 0.0152266 0.0648135 0.0616851 0.0638481 0.0610877 0.0601703 0.0593087 0.0650816 0.0636933 0.0588212 0.0613142 0.0581527 0.0000000 0.0231125 0.0617716 0.0648815 0.0686414 0.0589962 0.0588192 0.0588192 0.0591748 0.0591748 0.0691613 0.0680084 0.0680084 0.0691613 0.0676405 0.0676405 0.0661056 0.0656841 0.0656841 0.0661056 0.0660174 
OM562555/KEN/cow/2016/SAT1/I-NWZ/Unknown               0.0754195 0.0737689 0.0750359 0.1122816 0.0646748 0.0558271 0.0597337 0.0693187 0.0741816 0.6278856 0.6278856 0.6282717 0.1355699 0.0178088 0.0164930 0.3768486 0.6165508 0.5453222 0.6186720 0.0919633 0.0741552 0.0791762 0.6198870 0.6198870 0.6227483 0.6254002 0.0946914 0.0689772 0.3642039 0.0820652 0.1006608 0.6207374 0.1035220 0.0894351 0.0976666 0.0925155 0.1147871 0.0178088 0.0164930 0.0676312 0.0681524 0.0660543 0.0643267 0.0662582 0.0668297 0.0695388 0.0697461 0.0663380 0.0658708 0.0596652 0.0231125 0.0000000 0.0693307 0.0707767 0.0736434 0.0695920 0.0652239 0.0652239 0.0655917 0.0655917 0.0723473 0.0725657 0.0725657 0.0723473 0.0697849 0.0697849 0.0707081 0.0702736 0.0702736 0.0707081 0.0706120 
