64
JF749860/KEN/Unknown/2002/SAT1/I-NWZ/Unknown           0.0000000 0.1587049 0.1447231 0.2141455 0.1600408 0.1461535 0.1565662 0.1458812 0.1606765 1.2007560 1.2007560 1.2036282 0.1729609 0.1552028 0.1520119 0.5965712 0.7924739 0.7552469 0.8369294 0.5444827 0.4444554 0.1455037 1.1808503 1.1845667 1.1890298 1.1929083 0.5467009 0.1476606 0.6217501 0.4928636 0.5832177 0.8252317 0.5589712 0.5081140 0.5454619 0.5829440 0.5683877 0.1552028 0.1520119 0.1551162 0.1454138 0.1511405 0.1575355 0.1477468 0.1491732 0.2543939 0.1563837 0.1608347 0.1573889 0.1525895 0.1641864 0.1570135 0.1487529 0.1512603 0.1478349 0.1510987 0.1403366 0.1403366 0.1565323 0.1565323 0.1592250 0.1592250 0.1453675 0.1453675 
OM863583/KEN/cattle/2013/SAT1/I-NWZ/Unknown            0.1587049 0.0000000 0.0908882 0.2136022 0.1574806 0.1129346 0.1175504 0.0944779 0.0010983 1.1181646 1.1181646 1.1208821 0.1721362 0.1186862 0.1155628 0.6650692 0.7306109 0.7086070 0.8091300 0.5940210 0.4455383 0.1470837 1.1076011 1.1041086 1.1201890 1.1201890 0.5716772 0.0960102 0.6354850 0.4755868 0.6258112 0.8228419 0.6233275 0.5682348 0.5733705 0.6511843 0.6042588 0.1186862 0.1155628 0.1014296 0.0976132 0.1020836 0.1082276 0.0944725 0.0918946 0.1988145 0.0996557 0.0979887 0.0958659 0.1230801 0.1368080 0.1206399 0.1064492 0.1171643 0.1097461 0.1021432 0.0944711 0.0944711 0.0955495 0.0955495 0.0976411 0.0976411 0.1132484 0.1132484 
OM863582/KEN/cattle/2010/SAT1/I-NWZ/Unknown            0.1447231 0.0908882 0.0000000 0.2185158 0.1432481 0.0942203 0.0991739 0.0788244 0.0924793 1.1268358 1.1268358 1.1295625 0.1644666 0.1245685 0.1230228 0.6279142 0.7838044 0.7322757 0.8299663 0.5962612 0.4173550 0.1505168 1.1206845 1.1241987 1.1236530 1.1229484 0.5473392 0.0802724 0.6310777 0.4777192 0.5949734 0.8440518 0.5973830 0.5507136 0.5982779 0.6152445 0.6194777 0.1245685 0.1230228 0.1029581 0.0962073 0.0977606 0.1057645 0.0931205 0.0938647 0.1908990 0.0976940 0.0997830 0.0965561 0.1283582 0.1420003 0.1275192 0.1128344 0.1137752 0.1194090 0.1114331 0.0937367 0.0937367 0.0988708 0.0988708 0.1008747 0.1008747 0.1191232 0.1191232 
MW355669/ZMB/cattle/1988/SAT1/I-NWZ/Unknown            0.2141455 0.2136022 0.2185158 0.0000000 0.1982008 0.2301250 0.2142597 0.2176193 0.2159317 1.0674980 1.0674980 1.0701012 0.2397084 0.2235501 0.2264333 0.6180246 0.7959192 0.7088484 0.8409318 0.5978533 0.4610675 0.2240486 1.0434279 1.0467234 1.0487364 1.0487364 0.5566795 0.2197811 0.5887353 0.5051631 0.5986852 0.7662749 0.5923966 0.5693769 0.5849810 0.6219884 0.6062735 0.2235501 0.2264333 0.2146499 0.2070982 0.2068342 0.2217512 0.2046278 0.2011301 0.3053188 0.2323862 0.2326956 0.2231675 0.2195343 0.2177502 0.2133370 0.2187377 0.2239217 0.2234746 0.2169510 0.2016460 0.2016460 0.2132464 0.2132464 0.2214128 0.2214128 0.2141577 0.2141577 
MW355668/TZA/cattle/1980/SAT1/I-NWZ/Unknown            0.1600408 0.1574806 0.1432481 0.1982008 0.0000000 0.1509884 0.1598473 0.1479740 0.1595148 1.1465967 1.1465967 1.1493362 0.1889817 0.1741357 0.1736192 0.6298900 0.8142108 0.7549677 0.8556364 0.6548080 0.4346867 0.1708427 1.1310617 1.1345836 1.1348426 1.1341383 0.5812317 0.1498071 0.5887489 0.4966747 0.6370928 0.8385568 0.6412901 0.5671379 0.6067282 0.6196870 0.5896744 0.1741357 0.1736192 0.1562643 0.1499067 0.1568535 0.1773499 0.1459067 0.1482538 0.2370432 0.1548709 0.1549966 0.1523008 0.1707706 0.1848525 0.1728998 0.1645932 0.1691656 0.1715915 0.1573768 0.1394380 0.1394380 0.1650289 0.1650289 0.1695148 0.1695148 0.1639891 0.1639891 
MT602088/TZA/cattle/2014/SAT1/I-NWZ/Unknown            0.1461535 0.1129346 0.0942203 0.2301250 0.1509884 0.0000000 0.0611198 0.0960449 0.1146040 1.1975502 1.1975502 1.2003813 0.1805374 0.1074602 0.1075121 0.6325117 0.7926759 0.7622886 0.8142196 0.5925210 0.4372172 0.1480253 1.1870236 1.1833372 1.1933789 1.1926535 0.5840911 0.0975595 0.6436958 0.4916668 0.6050334 0.8262855 0.6076923 0.5630132 0.5873880 0.6393657 0.6161387 0.1074602 0.1075121 0.1036250 0.0975399 0.1033662 0.1166764 0.0942403 0.1046653 0.1852663 0.1106588 0.1063594 0.1035003 0.1071921 0.1200695 0.1128437 0.1182793 0.1289096 0.1231365 0.1251280 0.0880368 0.0880368 0.1058279 0.1058279 0.1094289 0.1094289 0.1251251 0.1251251 
MT602087/TZA/cattle/2013/SAT1/I-NWZ/Unknown            0.1565662 0.1175504 0.0991739 0.2142597 0.1598473 0.0611198 0.0000000 0.0932702 0.1192360 1.1627383 1.1627383 1.1655272 0.1744374 0.1162514 0.1142946 0.6371176 0.8100867 0.7689376 0.8273982 0.6073045 0.4475571 0.1513414 1.1480018 1.1515991 1.1586935 1.1586935 0.5596916 0.0947797 0.6322548 0.5093979 0.5859379 0.8266913 0.5975459 0.5579274 0.5761901 0.6489059 0.5963838 0.1162514 0.1142946 0.0984026 0.0992961 0.1059173 0.1198566 0.0922305 0.1009212 0.1902358 0.1057413 0.1038201 0.0983062 0.1190128 0.1258007 0.1184440 0.1205466 0.1213720 0.1238695 0.1227905 0.0935888 0.0935888 0.1067327 0.1067327 0.1130949 0.1130949 0.1265568 0.1265568 
MT602086/TZA/cattle/2012/SAT1/I-NWZ/Unknown            0.1458812 0.0944779 0.0788244 0.2176193 0.1479740 0.0960449 0.0932702 0.0000000 0.0960811 1.1547574 1.1547574 1.1575275 0.1607325 0.1238705 0.1207141 0.6518677 0.7641448 0.7566220 0.8222339 0.6105320 0.4413992 0.1334726 1.1469022 1.1504839 1.1507548 1.1507548 0.5727899 0.0010957 0.6263185 0.4717499 0.6217213 0.8089477 0.6018287 0.5452531 0.6106821 0.6408050 0.6047073 0.1238705 0.1207141 0.0892020 0.0857850 0.0919333 0.1035555 0.0824464 0.0894628 0.1810937 0.1073116 0.1078411 0.1035453 0.1208735 0.1366090 0.1213671 0.0967028 0.1054633 0.1013261 0.1017897 0.0852952 0.0852952 0.0946381 0.0946381 0.0963209 0.0963209 0.0996348 0.0996348 
MT602085/KEN/cattle/2013/SAT1/I-NWZ/Unknown            0.1606765 0.0010983 0.0924793 0.2159317 0.1595148 0.1146040 0.1192360 0.0960811 0.0000000 1.1252221 1.1252221 1.1279492 0.1742069 0.1186862 0.1155628 0.6650692 0.7290097 0.7119316 0.8127709 0.5984608 0.4492983 0.1470837 1.1146000 1.1110912 1.1272397 1.1272397 0.5716772 0.0976203 0.6354850 0.4794911 0.6303489 0.8265931 0.6279010 0.5725492 0.5733705 0.6558120 0.6086679 0.1186862 0.1155628 0.1030636 0.0992320 0.1037309 0.1099123 0.0960751 0.0934802 0.2011854 0.1012898 0.0996254 0.0974842 0.1248427 0.1386398 0.1223928 0.1074366 0.1181972 0.1107458 0.1031203 0.0960743 0.0960743 0.0971514 0.0971514 0.0992615 0.0992615 0.1142635 0.1142635 
MN275121/CMR/cow/2016/SAT1/X/Unknown                   1.2007560 1.1181646 1.1268358 1.0674980 1.1465967 1.1975502 1.1627383 1.1547574 1.1252221 0.0000000 0.0000010 0.0005481 1.2477817 1.2029825 1.2012451 1.0450910 0.9080096 0.8608095 1.1844162 1.0770990 1.1910030 1.2180682 0.0153435 0.0159335 0.0130269 0.0141859 1.0639775 1.1609076 1.0911556 1.2593957 1.0900288 1.0353344 1.1314071 1.1026268 1.0982163 1.1208302 1.1480911 1.2029825 1.2012451 1.1305372 1.1270000 1.1274637 1.1297569 1.1365769 1.1191373 1.2556820 1.1030203 1.1282134 1.1080158 1.1945342 1.2056530 1.1804814 1.1178148 1.1000969 1.1133952 1.0829316 1.1273545 1.1273545 1.1222208 1.1222208 1.1526503 1.1526503 1.0957587 1.0957587 
MN275120/CMR/cow/2016/SAT1/X/Unknown                   1.2007560 1.1181646 1.1268358 1.0674980 1.1465967 1.1975502 1.1627383 1.1547574 1.1252221 0.0000010 0.0000000 0.0005481 1.2477817 1.2029825 1.2012451 1.0450910 0.9080096 0.8608095 1.1844162 1.0770990 1.1910030 1.2180682 0.0153435 0.0159335 0.0130269 0.0141859 1.0639775 1.1609076 1.0911556 1.2593957 1.0900288 1.0353344 1.1314071 1.1026268 1.0982163 1.1208302 1.1480911 1.2029825 1.2012451 1.1305372 1.1270000 1.1274637 1.1297569 1.1365769 1.1191373 1.2556820 1.1030203 1.1282134 1.1080158 1.1945342 1.2056530 1.1804814 1.1178148 1.1000969 1.1133952 1.0829316 1.1273545 1.1273545 1.1222208 1.1222208 1.1526503 1.1526503 1.0957587 1.0957587 
MN275119/CMR/cow/2016/SAT1/X/Unknown                   1.2036282 1.1208821 1.1295625 1.0701012 1.1493362 1.2003813 1.1655272 1.1575275 1.1279492 0.0005481 0.0005481 0.0000000 1.2507195 1.2057948 1.2040594 1.0427998 0.9103711 0.8630988 1.1818216 1.0797336 1.1938638 1.2209608 0.0159290 0.0165204 0.0136080 0.0147699 1.0665759 1.1636852 1.0887321 1.2623169 1.0926991 1.0379315 1.1341443 1.1053039 1.1009389 1.1235543 1.1508415 1.2057948 1.2040594 1.1332759 1.1297188 1.1301916 1.1324861 1.1393209 1.1218495 1.2586193 1.1057037 1.1309398 1.1107017 1.1973491 1.2084797 1.1832650 1.1205459 1.1027896 1.1161188 1.0855940 1.1300707 1.1300707 1.1249460 1.1249460 1.1554285 1.1554285 1.0984532 1.0984532 
MN116691/KEN/cow/2016/SAT1/I-NWZ/Unknown               0.1729609 0.1721362 0.1644666 0.2397084 0.1889817 0.1805374 0.1744374 0.1607325 0.1742069 1.2477817 1.2477817 1.2507195 0.0000000 0.1819956 0.1789750 0.6660158 0.8448071 0.8015619 0.8574824 0.6390265 0.4801621 0.1551747 1.2292854 1.2331151 1.2381651 1.2374172 0.6041274 0.1626246 0.7043336 0.5147371 0.6652465 0.7931646 0.6604188 0.6026798 0.6414949 0.6912397 0.6374741 0.1819956 0.1789750 0.1677175 0.1595770 0.1607046 0.1829954 0.1657848 0.1560875 0.2808568 0.1850426 0.1839132 0.1785184 0.1816835 0.1924297 0.1820339 0.1615406 0.1672064 0.1667959 0.1615815 0.1546454 0.1546454 0.1721957 0.1721957 0.1732827 0.1732827 0.1636851 0.1636851 
MN116690/KEN/cow/2014/SAT1/I-NWZ/Unknown               0.1552028 0.1186862 0.1245685 0.2235501 0.1741357 0.1074602 0.1162514 0.1238705 0.1186862 1.2029825 1.2029825 1.2057948 0.1819956 0.0000000 0.0072368 0.6711693 0.8102791 0.7746907 0.8400592 0.5895211 0.4100773 0.1509122 1.1915106 1.1878426 1.1988289 1.1988289 0.5589795 0.1255382 0.6651872 0.4827917 0.6010260 0.8254097 0.5965753 0.5345732 0.5662899 0.6220705 0.6210219 0.0000010 0.0072368 0.1142686 0.1073339 0.1283697 0.1396674 0.1083577 0.1116295 0.2122856 0.1241564 0.1213150 0.1201670 0.0211898 0.0291750 0.0291626 0.1271944 0.1280971 0.1288474 0.1318414 0.1076655 0.1076655 0.1220087 0.1220087 0.1228120 0.1228120 0.1325164 0.1325164 
MN116689/KEN/cow/2014/SAT1/I-NWZ/Unknown               0.1520119 0.1155628 0.1230228 0.2264333 0.1736192 0.1075121 0.1142946 0.1207141 0.1155628 1.2012451 1.2012451 1.2040594 0.1789750 0.0072368 0.0000000 0.6637415 0.7885522 0.7566385 0.8258941 0.5939143 0.4077448 0.1458570 1.1897682 1.1860987 1.2024577 1.2024577 0.5687482 0.1223741 0.6639153 0.4793477 0.6171759 0.8217485 0.6126042 0.5479932 0.5817035 0.6266896 0.6266866 0.0072368 0.0000010 0.1143275 0.1058222 0.1268218 0.1380807 0.1068535 0.1101168 0.2167143 0.1226190 0.1181770 0.1186367 0.0194319 0.0286113 0.0267334 0.1224159 0.1249261 0.1240607 0.1302793 0.1061603 0.1061603 0.1212916 0.1212916 0.1220901 0.1220901 0.1276903 0.1276903 
MH053326/UGA/african-buffalo/1970/SAT1/IV-EA-1/Unknown 0.5965712 0.6650692 0.6279142 0.6180246 0.6298900 0.6325117 0.6371176 0.6518677 0.6650692 1.0450910 1.0450910 1.0427998 0.6660158 0.6711693 0.6637415 0.0000000 0.9040097 0.8854675 1.0065673 0.6251017 0.6433351 0.6408203 1.0353334 1.0385481 1.0486493 1.0486493 0.6713198 0.6558552 0.3383998 0.6314166 0.6865293 0.9282022 0.7019139 0.6775598 0.7060428 0.6979982 0.7332053 0.6711693 0.6637415 0.6287631 0.6058587 0.5873879 0.5842318 0.6254310 0.6295634 0.7566138 0.6119054 0.6225011 0.6103266 0.6728795 0.6882488 0.6459705 0.6468915 0.6256336 0.6380893 0.6413290 0.6201690 0.6201690 0.6065001 0.6065001 0.6202164 0.6202164 0.6366755 0.6366755 
MH053325/UGA/cattle/1978/SAT1/VII-EA-2/Unknown         0.7924739 0.7306109 0.7838044 0.7959192 0.8142108 0.7926759 0.8100867 0.7641448 0.7290097 0.9080096 0.9080096 0.9103711 0.8448071 0.8102791 0.7885522 0.9040097 0.0000000 0.1684618 0.4355501 0.8209362 0.9841769 0.8323086 0.8916368 0.8887244 0.8954953 0.8954953 0.7843660 0.7646098 0.9468866 1.0137540 0.8020607 0.4545658 0.8311749 0.7849127 0.7816677 0.8672553 0.8019379 0.8102791 0.7885522 0.7541392 0.7370030 0.7842233 0.8264722 0.7326662 0.7491769 0.8257935 0.7697564 0.7730493 0.7669832 0.8036525 0.8104711 0.7963255 0.7762206 0.7723416 0.7726519 0.7632818 0.7454543 0.7454543 0.7541116 0.7541116 0.7539692 0.7539692 0.7646443 0.7646443 
MH053324/UGA/cattle/1971/SAT1/VII-EA-2/Unknown         0.7552469 0.7086070 0.7322757 0.7088484 0.7549677 0.7622886 0.7689376 0.7566220 0.7119316 0.8608095 0.8608095 0.8630988 0.8015619 0.7746907 0.7566385 0.8854675 0.1684618 0.0000000 0.3939363 0.8034898 0.8818595 0.7916784 0.8620113 0.8648568 0.8574702 0.8574702 0.7364374 0.7611005 0.8733929 0.8839148 0.7544442 0.4200082 0.7857332 0.7430846 0.7220912 0.8194532 0.7905175 0.7746907 0.7566385 0.7177881 0.7135433 0.7461445 0.7794359 0.7150895 0.7095221 0.8136623 0.7758913 0.7714567 0.7765527 0.7433939 0.7628373 0.7334107 0.7692905 0.7562499 0.7697496 0.7469341 0.7054239 0.7054239 0.7263372 0.7263372 0.7240013 0.7240013 0.7709039 0.7709039 
MH053323/TCD/cattle/1972/SAT1/VI/Unknown               0.8369294 0.8091300 0.8299663 0.8409318 0.8556364 0.8142196 0.8273982 0.8222339 0.8127709 1.1844162 1.1844162 1.1818216 0.8574824 0.8400592 0.8258941 1.0065673 0.4355501 0.3939363 0.0000000 0.8634490 0.9312071 0.8611590 1.1735588 1.1698528 1.1906439 1.1875054 0.8923259 0.8269608 0.9023163 0.9209373 0.8289205 0.4273033 0.8066694 0.7763656 0.8255108 0.8576202 0.8782569 0.8400592 0.8258941 0.8075147 0.8012700 0.8033248 0.8063372 0.7903541 0.7998259 0.9720151 0.7766828 0.7884529 0.7790382 0.8190391 0.8378084 0.8186054 0.8052644 0.8156198 0.8135179 0.8010448 0.7953619 0.7953619 0.7919837 0.7919837 0.7958811 0.7958811 0.8039821 0.8039821 
MH053322/NAM/african-buffalo/1989/SAT1/III-WZ/Unknown  0.5444827 0.5940210 0.5962612 0.5978533 0.6548080 0.5925210 0.6073045 0.6105320 0.5984608 1.0770990 1.0770990 1.0797336 0.6390265 0.5895211 0.5939143 0.6251017 0.8209362 0.8034898 0.8634490 0.0000000 0.5298696 0.6128756 1.0552938 1.0586345 1.0598664 1.0563288 0.1860629 0.6144718 0.6330439 0.5217520 0.1395468 0.8212884 0.1329535 0.1446727 0.1763033 0.2054024 0.2271963 0.5895211 0.5939143 0.6283482 0.6054118 0.6089063 0.6238859 0.6248093 0.6191058 0.8394676 0.6088518 0.6151348 0.5975068 0.5818351 0.6061351 0.5705459 0.5945247 0.6096903 0.5901186 0.6066244 0.5986434 0.5986434 0.5992371 0.5992371 0.6085291 0.6085291 0.5833103 0.5833103 
MH053321/MOZ/cattle/1981/SAT1/ASIA/Unknown             0.4444554 0.4455383 0.4173550 0.4610675 0.4346867 0.4372172 0.4475571 0.4413992 0.4492983 1.1910030 1.1910030 1.1938638 0.4801621 0.4100773 0.4077448 0.6433351 0.9841769 0.8818595 0.9312071 0.5298696 0.0000000 0.4738514 1.2047630 1.2085414 1.1902061 1.1894687 0.4916780 0.4446883 0.6179853 0.2135456 0.5205803 0.9423973 0.5276948 0.4863426 0.5140054 0.5675160 0.5808296 0.4100773 0.4077448 0.4434910 0.4290976 0.4457937 0.4477884 0.4324293 0.4310652 0.5790372 0.4421923 0.4450055 0.4366196 0.4030576 0.4267204 0.3864548 0.4273677 0.4130833 0.4352040 0.4051482 0.4271720 0.4271720 0.4433159 0.4433159 0.4508499 0.4508499 0.4185689 0.4185689 
MH053320/KEN/cattle/1983/SAT1/I-NWZ/Unknown            0.1455037 0.1470837 0.1505168 0.2240486 0.1708427 0.1480253 0.1513414 0.1334726 0.1470837 1.2180682 1.2180682 1.2209608 0.1551747 0.1509122 0.1458570 0.6408203 0.8323086 0.7916784 0.8611590 0.6128756 0.4738514 0.0000000 1.1911015 1.1873571 1.1975581 1.1982942 0.5648320 0.1352098 0.6141946 0.5167357 0.6288970 0.8486592 0.6246774 0.5903723 0.5690233 0.6162046 0.6035575 0.1509122 0.1458570 0.1465137 0.1414299 0.1488017 0.1572434 0.1419585 0.1334665 0.2439389 0.1456455 0.1436454 0.1428028 0.1541196 0.1616092 0.1531987 0.1460558 0.1635404 0.1495024 0.1610987 0.1353261 0.1353261 0.1557592 0.1557592 0.1584041 0.1584041 0.1495664 0.1495664 
MF678826/NER/cow/2015/SAT1/X/Unknown                   1.1808503 1.1076011 1.1206845 1.0434279 1.1310617 1.1870236 1.1480018 1.1469022 1.1146000 0.0153435 0.0153435 0.0159290 1.2292854 1.1915106 1.1897682 1.0353334 0.8916368 0.8620113 1.1735588 1.0552938 1.2047630 1.1911015 0.0000000 0.0005482 0.0094733 0.0106068 1.0596581 1.1530133 1.0657930 1.2476041 1.0613796 1.0184618 1.0996749 1.0857232 1.1008367 1.1098260 1.1265832 1.1915106 1.1897682 1.1243969 1.1120429 1.1198063 1.1235912 1.1281409 1.1071926 1.2323138 1.1082446 1.1335939 1.1132592 1.1830668 1.1941174 1.1714103 1.1090627 1.1046283 1.1046766 1.0837388 1.1145756 1.1145756 1.1145863 1.1145863 1.1395051 1.1395051 1.0871711 1.0871711 
MF678825/NER/cow/2015/SAT1/X/Unknown                   1.1845667 1.1041086 1.1241987 1.0467234 1.1345836 1.1833372 1.1515991 1.1504839 1.1110912 0.0159335 0.0159335 0.0165204 1.2331151 1.1878426 1.1860987 1.0385481 0.8887244 0.8648568 1.1698528 1.0586345 1.2085414 1.1873571 0.0005482 0.0000000 0.0100439 0.0111810 1.0629975 1.1566079 1.0691822 1.2514271 1.0579996 1.0151824 1.0961905 1.0891430 1.0973019 1.1063219 1.1301097 1.1878426 1.1860987 1.1279304 1.1155318 1.1233201 1.1271102 1.1316791 1.1106746 1.2361329 1.1117303 1.1341577 1.1167507 1.1867242 1.1977955 1.1750236 1.1125764 1.1081237 1.1081785 1.0871797 1.1180654 1.1180654 1.1180940 1.1180940 1.1430871 1.1430871 1.0906269 1.0906269 
MF678824/NER/cow/2015/SAT1/X/Unknown                   1.1890298 1.1201890 1.1236530 1.0487364 1.1348426 1.1933789 1.1586935 1.1507548 1.1272397 0.0130269 0.0130269 0.0136080 1.2381651 1.1988289 1.2024577 1.0486493 0.8954953 0.8574702 1.1906439 1.0598664 1.1902061 1.1975581 0.0094733 0.0100439 0.0000000 0.0010978 1.0596662 1.1568825 1.0783796 1.2602157 1.0649610 1.0163198 1.1125663 1.0857424 1.1060940 1.1121246 1.1318754 1.1988289 1.2024577 1.1348291 1.1290080 1.1294775 1.1317672 1.1385848 1.1211558 1.2467470 1.1193417 1.1448934 1.1243713 1.1903921 1.2014732 1.1764111 1.1194461 1.1149603 1.1150277 1.0939228 1.1241829 1.1241829 1.1242429 1.1242429 1.1493555 1.1493555 1.0973967 1.0973967 
MF678823/NER/cow/2015/SAT1/X/Unknown                   1.1929083 1.1201890 1.1229484 1.0487364 1.1341383 1.1926535 1.1586935 1.1507548 1.1272397 0.0141859 0.0141859 0.0147699 1.2374172 1.1988289 1.2024577 1.0486493 0.8954953 0.8574702 1.1875054 1.0563288 1.1894687 1.1982942 0.0106068 0.0111810 0.0010978 0.0000000 1.0561421 1.1568825 1.0783796 1.2586073 1.0613884 1.0177480 1.1088891 1.0821457 1.1023783 1.1091524 1.1281765 1.1988289 1.2024577 1.1348291 1.1290080 1.1294775 1.1317672 1.1385848 1.1211558 1.2483578 1.1193417 1.1448934 1.1243713 1.1903921 1.2014732 1.1764111 1.1187384 1.1142555 1.1143216 1.0932250 1.1241829 1.1241829 1.1242429 1.1242429 1.1493555 1.1493555 1.0966966 1.0966966 
KU821590/NAM/cow/2010/SAT1/III-WZ/Unknown              0.5467009 0.5716772 0.5473392 0.5566795 0.5812317 0.5840911 0.5596916 0.5727899 0.5716772 1.0639775 1.0639775 1.0665759 0.6041274 0.5589795 0.5687482 0.6713198 0.7843660 0.7364374 0.8923259 0.1860629 0.4916780 0.5648320 1.0596581 1.0629975 1.0596662 1.0561421 0.0000000 0.5765774 0.6341279 0.5272875 0.1662458 0.8251998 0.1667882 0.1325555 0.1870827 0.1987530 0.2049345 0.5589795 0.5687482 0.5515279 0.5467618 0.5437529 0.5648269 0.5538776 0.5639795 0.7432864 0.5601207 0.5704194 0.5473778 0.5474639 0.5746496 0.5383889 0.5543898 0.5444737 0.5623568 0.5557856 0.5346827 0.5346827 0.5517391 0.5517391 0.5522615 0.5522615 0.5446955 0.5446955 
KM268899/TZA/cattle/2012/SAT1/I-NWZ/Unknown            0.1476606 0.0960102 0.0802724 0.2197811 0.1498071 0.0975595 0.0947797 0.0010957 0.0976203 1.1609076 1.1609076 1.1636852 0.1626246 0.1255382 0.1223741 0.6558552 0.7646098 0.7611005 0.8269608 0.6144718 0.4446883 0.1352098 1.1530133 1.1566079 1.1568825 1.1568825 0.5765774 0.0000000 0.6302557 0.4751660 0.6256960 0.8136878 0.6057663 0.5489955 0.6146133 0.6448270 0.6086401 0.1255382 0.1223741 0.0907152 0.0872918 0.0934519 0.1051281 0.0839339 0.0909811 0.1832315 0.1088844 0.1094234 0.1051060 0.1225351 0.1383395 0.1230271 0.0982417 0.1070363 0.1028817 0.1033542 0.0867922 0.0867922 0.0961622 0.0961622 0.0978531 0.0978531 0.1011820 0.1011820 
HM067706/UGA/african-buffalo/2007/SAT1/IV-EA-1/Unknown 0.6217501 0.6354850 0.6310777 0.5887353 0.5887489 0.6436958 0.6322548 0.6263185 0.6354850 1.0911556 1.0911556 1.0887321 0.7043336 0.6651872 0.6639153 0.3383998 0.9468866 0.8733929 0.9023163 0.6330439 0.6179853 0.6141946 1.0657930 1.0691822 1.0783796 1.0783796 0.6341279 0.6302557 0.0000000 0.6968996 0.6602239 0.9352746 0.6816471 0.6384891 0.6965515 0.7160309 0.6973410 0.6651872 0.6639153 0.6223241 0.6013103 0.6001211 0.6216316 0.6144910 0.6121718 0.7514784 0.6328005 0.6395213 0.6161035 0.6570097 0.6690426 0.6260639 0.5997586 0.5765433 0.6084482 0.5763286 0.6140146 0.6140146 0.6216301 0.6216301 0.6397388 0.6397388 0.6014737 0.6014737 
AY593846/ZWE/Unknown/1966/SAT1/ASIA/Unknown            0.4928636 0.4755868 0.4777192 0.5051631 0.4966747 0.4916668 0.5093979 0.4717499 0.4794911 1.2593957 1.2593957 1.2623169 0.5147371 0.4827917 0.4793477 0.6314166 1.0137540 0.8839148 0.9209373 0.5217520 0.2135456 0.5167357 1.2476041 1.2514271 1.2602157 1.2586073 0.5272875 0.4751660 0.6968996 0.0000000 0.5170172 0.9827336 0.5395916 0.5243871 0.5366876 0.5437098 0.5725295 0.4827917 0.4793477 0.4775970 0.4626900 0.4874724 0.4667998 0.4733949 0.4528234 0.6016554 0.4861981 0.5005581 0.4870351 0.4800491 0.4850214 0.4626852 0.4794787 0.4915559 0.4860019 0.4741264 0.4626704 0.4626704 0.4768681 0.4768681 0.4851888 0.4851888 0.4694682 0.4694682 
AY593845/BWA/Unknown/1968/SAT1/III-WZ/Unknown          0.5832177 0.6258112 0.5949734 0.5986852 0.6370928 0.6050334 0.5859379 0.6217213 0.6303489 1.0900288 1.0900288 1.0926991 0.6652465 0.6010260 0.6171759 0.6865293 0.8020607 0.7544442 0.8289205 0.1395468 0.5205803 0.6288970 1.0613796 1.0579996 1.0649610 1.0613884 0.1662458 0.6256960 0.6602239 0.5170172 0.0000000 0.8242180 0.0715888 0.1029354 0.1472215 0.1660823 0.2123619 0.6010260 0.6171759 0.6473955 0.6352682 0.6087229 0.6241645 0.6370893 0.6309398 0.8147533 0.6389011 0.6417695 0.6247743 0.6107980 0.6213523 0.5926151 0.6139304 0.6332553 0.6326429 0.6297141 0.6002359 0.6002359 0.6086888 0.6086888 0.6191802 0.6191802 0.6082356 0.6082356 
AY593844/ISR/Unknown/1962/SAT1/VI/Unknown              0.8252317 0.8228419 0.8440518 0.7662749 0.8385568 0.8262855 0.8266913 0.8089477 0.8265931 1.0353344 1.0353344 1.0379315 0.7931646 0.8254097 0.8217485 0.9282022 0.4545658 0.4200082 0.4273033 0.8212884 0.9423973 0.8486592 1.0184618 1.0151824 1.0163198 1.0177480 0.8251998 0.8136878 0.9352746 0.9827336 0.8242180 0.0000000 0.7962733 0.7846361 0.7938480 0.8412510 0.8695262 0.8254097 0.8217485 0.8254823 0.8415383 0.8272150 0.8482527 0.8220730 0.8199961 0.9983835 0.8056368 0.8087377 0.7956765 0.8145957 0.8183702 0.8231873 0.8015140 0.8001475 0.7948240 0.8045624 0.8254051 0.8254051 0.8279300 0.8279300 0.8373890 0.8373890 0.7873701 0.7873701 
AY593843/NAM/Unknown/1940/SAT1/III-WZ/Unknown          0.5589712 0.6233275 0.5973830 0.5923966 0.6412901 0.6076923 0.5975459 0.6018287 0.6279010 1.1314071 1.1314071 1.1341443 0.6604188 0.5965753 0.6126042 0.7019139 0.8311749 0.7857332 0.8066694 0.1329535 0.5276948 0.6246774 1.0996749 1.0961905 1.1125663 1.1088891 0.1667882 0.6057663 0.6816471 0.5395916 0.0715888 0.7962733 0.0000000 0.0959005 0.1461052 0.1785172 0.2168102 0.5965753 0.6126042 0.6260304 0.6225001 0.5972774 0.6182358 0.6186000 0.6253403 0.8108495 0.6142722 0.6165805 0.5999785 0.6036497 0.6228268 0.5965384 0.5983710 0.6084344 0.6078910 0.6138674 0.5862317 0.5862317 0.6001142 0.6001142 0.6136174 0.6136174 0.5958691 0.5958691 
AY593842/ZAF/Unknown/1961/SAT1/III-WZ/Unknown          0.5081140 0.5682348 0.5507136 0.5693769 0.5671379 0.5630132 0.5579274 0.5452531 0.5725492 1.1026268 1.1026268 1.1053039 0.6026798 0.5345732 0.5479932 0.6775598 0.7849127 0.7430846 0.7763656 0.1446727 0.4863426 0.5903723 1.0857232 1.0891430 1.0857424 1.0821457 0.1325555 0.5489955 0.6384891 0.5243871 0.1029354 0.7846361 0.0959005 0.0000000 0.1393613 0.1551447 0.1864667 0.5345732 0.5479932 0.5733783 0.5535252 0.5322179 0.5655344 0.5659695 0.5661610 0.7591531 0.5858901 0.5946626 0.5707366 0.5302453 0.5571679 0.5284372 0.5424815 0.5387742 0.5499684 0.5467118 0.5393042 0.5393042 0.5212293 0.5212293 0.5371272 0.5371272 0.5346687 0.5346687 
AY593841/ZWE/Unknown/1958/SAT1/III-WZ/Unknown          0.5454619 0.5733705 0.5982779 0.5849810 0.6067282 0.5873880 0.5761901 0.6106821 0.5733705 1.0982163 1.0982163 1.1009389 0.6414949 0.5662899 0.5817035 0.7060428 0.7816677 0.7220912 0.8255108 0.1763033 0.5140054 0.5690233 1.1008367 1.0973019 1.1060940 1.1023783 0.1870827 0.6146133 0.6965515 0.5366876 0.1472215 0.7938480 0.1461052 0.1393613 0.0000000 0.1638165 0.2147986 0.5662899 0.5817035 0.6020320 0.5970097 0.5913129 0.6144391 0.6022194 0.5908917 0.8053112 0.6012297 0.6184657 0.5966826 0.5696777 0.6083795 0.5597620 0.5709693 0.5784983 0.5701141 0.5799011 0.5966827 0.5966827 0.5907215 0.5907215 0.6067737 0.6067737 0.5599013 0.5599013 
AY593840/NAM/Unknown/1949/SAT1/III-WZ/Unknown          0.5829440 0.6511843 0.6152445 0.6219884 0.6196870 0.6393657 0.6489059 0.6408050 0.6558120 1.1208302 1.1208302 1.1235543 0.6912397 0.6220705 0.6266896 0.6979982 0.8672553 0.8194532 0.8576202 0.2054024 0.5675160 0.6162046 1.1098260 1.1063219 1.1121246 1.1091524 0.1987530 0.6448270 0.7160309 0.5437098 0.1660823 0.8412510 0.1785172 0.1551447 0.1638165 0.0000000 0.2114491 0.6220705 0.6266896 0.6549024 0.6444376 0.6129084 0.6288236 0.6571614 0.6383964 0.8493752 0.6327111 0.6406871 0.6252766 0.6318366 0.6419892 0.6031063 0.6401557 0.6302288 0.6381214 0.6470626 0.6286822 0.6286822 0.6294479 0.6294479 0.6450222 0.6450222 0.6256878 0.6256878 
AY593838/BWA/Unknown/1970/SAT1/III-WZ/Unknown          0.5683877 0.6042588 0.6194777 0.6062735 0.5896744 0.6161387 0.5963838 0.6047073 0.6086679 1.1480911 1.1480911 1.1508415 0.6374741 0.6210219 0.6266866 0.7332053 0.8019379 0.7905175 0.8782569 0.2271963 0.5808296 0.6035575 1.1265832 1.1301097 1.1318754 1.1281765 0.2049345 0.6086401 0.6973410 0.5725295 0.2123619 0.8695262 0.2168102 0.1864667 0.2147986 0.2114491 0.0000000 0.6210219 0.6266866 0.6054222 0.6095010 0.5794038 0.6285449 0.6127047 0.6121444 0.7736013 0.6099458 0.6195603 0.5963236 0.6095077 0.6280057 0.6139332 0.5871201 0.5932121 0.5974937 0.5890927 0.5699299 0.5699299 0.5871075 0.5871075 0.6026088 0.6026088 0.5815234 0.5815234 
OM562602/KEN/cow/2014/SAT1/I-NWZ/Unknown               0.1552028 0.1186862 0.1245685 0.2235501 0.1741357 0.1074602 0.1162514 0.1238705 0.1186862 1.2029825 1.2029825 1.2057948 0.1819956 0.0000010 0.0072368 0.6711693 0.8102791 0.7746907 0.8400592 0.5895211 0.4100773 0.1509122 1.1915106 1.1878426 1.1988289 1.1988289 0.5589795 0.1255382 0.6651872 0.4827917 0.6010260 0.8254097 0.5965753 0.5345732 0.5662899 0.6220705 0.6210219 0.0000000 0.0072368 0.1142686 0.1073339 0.1283697 0.1396674 0.1083577 0.1116295 0.2122856 0.1241564 0.1213150 0.1201670 0.0211898 0.0291750 0.0291626 0.1271944 0.1280971 0.1288474 0.1318414 0.1076655 0.1076655 0.1220087 0.1220087 0.1228120 0.1228120 0.1325164 0.1325164 
OM562601/KEN/cow/2014/SAT1/I-NWZ/Unknown               0.1520119 0.1155628 0.1230228 0.2264333 0.1736192 0.1075121 0.1142946 0.1207141 0.1155628 1.2012451 1.2012451 1.2040594 0.1789750 0.0072368 0.0000010 0.6637415 0.7885522 0.7566385 0.8258941 0.5939143 0.4077448 0.1458570 1.1897682 1.1860987 1.2024577 1.2024577 0.5687482 0.1223741 0.6639153 0.4793477 0.6171759 0.8217485 0.6126042 0.5479932 0.5817035 0.6266896 0.6266866 0.0072368 0.0000000 0.1143275 0.1058222 0.1268218 0.1380807 0.1068535 0.1101168 0.2167143 0.1226190 0.1181770 0.1186367 0.0194319 0.0286113 0.0267334 0.1224159 0.1249261 0.1240607 0.1302793 0.1061603 0.1061603 0.1212916 0.1212916 0.1220901 0.1220901 0.1276903 0.1276903 
OM562591/KEN/cow/2016/SAT1/I-NWZ/Unknown               0.1551162 0.1014296 0.1029581 0.2146499 0.1562643 0.1036250 0.0984026 0.0892020 0.1030636 1.1305372 1.1305372 1.1332759 0.1677175 0.1142686 0.1143275 0.6287631 0.7541392 0.7177881 0.8075147 0.6283482 0.4434910 0.1465137 1.1243969 1.1279304 1.1348291 1.1348291 0.5515279 0.0907152 0.6223241 0.4775970 0.6473955 0.8254823 0.6260304 0.5733783 0.6020320 0.6549024 0.6054222 0.1142686 0.1143275 0.0000000 0.0237447 0.0659141 0.0802133 0.0182690 0.0292377 0.1165264 0.1070917 0.1044542 0.1001070 0.1147891 0.1206344 0.1151106 0.1186195 0.1161127 0.1208128 0.1166463 0.0324465 0.0324465 0.0634308 0.0634308 0.0678973 0.0678973 0.1189992 0.1189992 
OM562590/KEN/cow/2016/SAT1/I-NWZ/Unknown               0.1454138 0.0976132 0.0962073 0.2070982 0.1499067 0.0975399 0.0992961 0.0857850 0.0992320 1.1270000 1.1270000 1.1297188 0.1595770 0.1073339 0.1058222 0.6058587 0.7370030 0.7135433 0.8012700 0.6054118 0.4290976 0.1414299 1.1120429 1.1155318 1.1290080 1.1290080 0.5467618 0.0872918 0.6013103 0.4626900 0.6352682 0.8415383 0.6225001 0.5535252 0.5970097 0.6444376 0.6095010 0.1073339 0.1058222 0.0237447 0.0000000 0.0606658 0.0739456 0.0177304 0.0267301 0.1135893 0.0991625 0.0972933 0.0930210 0.1112360 0.1170643 0.1127861 0.1183741 0.1152702 0.1197138 0.1173986 0.0307229 0.0307229 0.0659533 0.0659533 0.0683626 0.0683626 0.1187564 0.1187564 
OM562576/KEN/cow/2016/SAT1/I-NWZ/Unknown               0.1511405 0.1020836 0.0977606 0.2068342 0.1568535 0.1033662 0.1059173 0.0919333 0.1037309 1.1274637 1.1274637 1.1301916 0.1607046 0.1283697 0.1268218 0.5873879 0.7842233 0.7461445 0.8033248 0.6089063 0.4457937 0.1488017 1.1198063 1.1233201 1.1294775 1.1294775 0.5437529 0.0934519 0.6001211 0.4874724 0.6087229 0.8272150 0.5972774 0.5322179 0.5913129 0.6129084 0.5794038 0.1283697 0.1268218 0.0659141 0.0606658 0.0000000 0.0417861 0.0603084 0.0614213 0.1501768 0.1005827 0.0962801 0.0920340 0.1305529 0.1396725 0.1279032 0.1098473 0.1105717 0.1153697 0.1110694 0.0603673 0.0603673 0.0279210 0.0279210 0.0324502 0.0324502 0.1160015 0.1160015 
OM562571/KEN/cow/2016/SAT1/I-NWZ/Unknown               0.1575355 0.1082276 0.1057645 0.2217512 0.1773499 0.1166764 0.1198566 0.1035555 0.1099123 1.1297569 1.1297569 1.1324861 0.1829954 0.1396674 0.1380807 0.5842318 0.8264722 0.7794359 0.8063372 0.6238859 0.4477884 0.1572434 1.1235912 1.1271102 1.1317672 1.1317672 0.5648269 0.1051281 0.6216316 0.4667998 0.6241645 0.8482527 0.6182358 0.5655344 0.6144391 0.6288236 0.6285449 0.1396674 0.1380807 0.0802133 0.0739456 0.0417861 0.0000000 0.0728305 0.0756564 0.1705425 0.1142215 0.1081077 0.1045808 0.1447663 0.1469556 0.1448576 0.1248324 0.1228963 0.1306050 0.1233372 0.0729593 0.0729593 0.0462795 0.0462795 0.0484510 0.0484510 0.1319567 0.1319567 
OM562566/KEN/cow/2016/SAT1/I-NWZ/Unknown               0.1477468 0.0944725 0.0931205 0.2046278 0.1459067 0.0942403 0.0922305 0.0824464 0.0960751 1.1365769 1.1365769 1.1393209 0.1657848 0.1083577 0.1068535 0.6254310 0.7326662 0.7150895 0.7903541 0.6248093 0.4324293 0.1419585 1.1281409 1.1316791 1.1385848 1.1385848 0.5538776 0.0839339 0.6144910 0.4733949 0.6370893 0.8220730 0.6186000 0.5659695 0.6022194 0.6571614 0.6127047 0.1083577 0.1068535 0.0182690 0.0177304 0.0603084 0.0728305 0.0000000 0.0243210 0.1093238 0.0970375 0.0935711 0.0893812 0.1105450 0.1114401 0.1115637 0.1122199 0.1088843 0.1143931 0.1142115 0.0250048 0.0250048 0.0621592 0.0621592 0.0652364 0.0652364 0.1133012 0.1133012 
OM562565/KEN/cow/2016/SAT1/I-NWZ/Unknown               0.1491732 0.0918946 0.0938647 0.2011301 0.1482538 0.1046653 0.1009212 0.0894628 0.0934802 1.1191373 1.1191373 1.1218495 0.1560875 0.1116295 0.1101168 0.6295634 0.7491769 0.7095221 0.7998259 0.6191058 0.4310652 0.1334665 1.1071926 1.1106746 1.1211558 1.1211558 0.5639795 0.0909811 0.6121718 0.4528234 0.6309398 0.8199961 0.6253403 0.5661610 0.5908917 0.6383964 0.6121444 0.1116295 0.1101168 0.0292377 0.0267301 0.0614213 0.0756564 0.0243210 0.0000000 0.1103823 0.1060839 0.1026797 0.0983388 0.1161286 0.1214214 0.1136741 0.1119350 0.1146802 0.1158041 0.1167900 0.0293682 0.0293682 0.0666542 0.0666542 0.0669617 0.0669617 0.1140204 0.1140204 
OM562563/KEN/cow/2016/SAT1/I-NWZ/Unknown               0.2543939 0.1988145 0.1908990 0.3053188 0.2370432 0.1852663 0.1902358 0.1810937 0.2011854 1.2556820 1.2556820 1.2586193 0.2808568 0.2122856 0.2167143 0.7566138 0.8257935 0.8136623 0.9720151 0.8394676 0.5790372 0.2439389 1.2323138 1.2361329 1.2467470 1.2483578 0.7432864 0.1832315 0.7514784 0.6016554 0.8147533 0.9983835 0.8108495 0.7591531 0.8053112 0.8493752 0.7736013 0.2122856 0.2167143 0.1165264 0.1135893 0.1501768 0.1705425 0.1093238 0.1103823 0.0000000 0.2066201 0.2043783 0.1985406 0.2191090 0.2189067 0.2205420 0.2136564 0.2087526 0.2185369 0.2157808 0.0807849 0.0807849 0.1505097 0.1505097 0.1504346 0.1504346 0.2174473 0.2174473 
OM562560/KEN/cow/2016/SAT1/I-NWZ/Unknown               0.1563837 0.0996557 0.0976940 0.2323862 0.1548709 0.1106588 0.1057413 0.1073116 0.1012898 1.1030203 1.1030203 1.1057037 0.1850426 0.1241564 0.1226190 0.6119054 0.7697564 0.7758913 0.7766828 0.6088518 0.4421923 0.1456455 1.1082446 1.1117303 1.1193417 1.1193417 0.5601207 0.1088844 0.6328005 0.4861981 0.6389011 0.8056368 0.6142722 0.5858901 0.6012297 0.6327111 0.6099458 0.1241564 0.1226190 0.1070917 0.0991625 0.1005827 0.1142215 0.0970375 0.1060839 0.2066201 0.0000000 0.0101020 0.0124162 0.1277406 0.1365419 0.1234135 0.1087120 0.1151917 0.1112655 0.1086968 0.0978980 0.0978980 0.1029978 0.1029978 0.1100621 0.1100621 0.1086254 0.1086254 
OM562559/KEN/cow/2016/SAT1/I-NWZ/Unknown               0.1608347 0.0979887 0.0997830 0.2326956 0.1549966 0.1063594 0.1038201 0.1078411 0.0996254 1.1282134 1.1282134 1.1309398 0.1839132 0.1213150 0.1181770 0.6225011 0.7730493 0.7714567 0.7884529 0.6151348 0.4450055 0.1436454 1.1335939 1.1341577 1.1448934 1.1448934 0.5704194 0.1094234 0.6395213 0.5005581 0.6417695 0.8087377 0.6165805 0.5946626 0.6184657 0.6406871 0.6195603 0.1213150 0.1181770 0.1044542 0.0972933 0.0962801 0.1081077 0.0935711 0.1026797 0.2043783 0.0101020 0.0000000 0.0078508 0.1259230 0.1329265 0.1205448 0.1060997 0.1083609 0.1083651 0.1066128 0.0951309 0.0951309 0.1011843 0.1011843 0.1082414 0.1082414 0.1082529 0.1082529 
OM562558/KEN/cow/2016/SAT1/I-NWZ/Unknown               0.1573889 0.0958659 0.0965561 0.2231675 0.1523008 0.1035003 0.0983062 0.1035453 0.0974842 1.1080158 1.1080158 1.1107017 0.1785184 0.1201670 0.1186367 0.6103266 0.7669832 0.7765527 0.7790382 0.5975068 0.4366196 0.1428028 1.1132592 1.1167507 1.1243713 1.1243713 0.5473778 0.1051060 0.6161035 0.4870351 0.6247743 0.7956765 0.5999785 0.5707366 0.5966826 0.6252766 0.5963236 0.1201670 0.1186367 0.1001070 0.0930210 0.0920340 0.1045808 0.0893812 0.0983388 0.1985406 0.0124162 0.0078508 0.0000000 0.1237148 0.1324397 0.1199833 0.1032345 0.1086840 0.1071417 0.1037465 0.0915792 0.0915792 0.0968899 0.0968899 0.1038169 0.1038169 0.1069096 0.1069096 
OM562557/KEN/cow/2016/SAT1/I-NWZ/Unknown               0.1525895 0.1230801 0.1283582 0.2195343 0.1707706 0.1071921 0.1190128 0.1208735 0.1248427 1.1945342 1.1945342 1.1973491 0.1816835 0.0211898 0.0194319 0.6728795 0.8036525 0.7433939 0.8190391 0.5818351 0.4030576 0.1541196 1.1830668 1.1867242 1.1903921 1.1903921 0.5474639 0.1225351 0.6570097 0.4800491 0.6107980 0.8145957 0.6036497 0.5302453 0.5696777 0.6318366 0.6095077 0.0211898 0.0194319 0.1147891 0.1112360 0.1305529 0.1447663 0.1105450 0.1161286 0.2191090 0.1277406 0.1259230 0.1237148 0.0000000 0.0328061 0.0310852 0.1241658 0.1295410 0.1286617 0.1320645 0.1079713 0.1079713 0.1232014 0.1232014 0.1240164 0.1240164 0.1303875 0.1303875 
OM562556/KEN/cow/2016/SAT1/I-NWZ/Unknown               0.1641864 0.1368080 0.1420003 0.2177502 0.1848525 0.1200695 0.1258007 0.1366090 0.1386398 1.2056530 1.2056530 1.2084797 0.1924297 0.0291750 0.0286113 0.6882488 0.8104711 0.7628373 0.8378084 0.6061351 0.4267204 0.1616092 1.1941174 1.1977955 1.2014732 1.2014732 0.5746496 0.1383395 0.6690426 0.4850214 0.6213523 0.8183702 0.6228268 0.5571679 0.6083795 0.6419892 0.6280057 0.0291750 0.0286113 0.1206344 0.1170643 0.1396725 0.1469556 0.1114401 0.1214214 0.2189067 0.1365419 0.1329265 0.1324397 0.0328061 0.0000000 0.0433181 0.1389358 0.1382037 0.1408056 0.1461628 0.1107449 0.1107449 0.1343087 0.1343087 0.1368836 0.1368836 0.1427720 0.1427720 
OM562555/KEN/cow/2016/SAT1/I-NWZ/Unknown               0.1570135 0.1206399 0.1275192 0.2133370 0.1728998 0.1128437 0.1184440 0.1213671 0.1223928 1.1804814 1.1804814 1.1832650 0.1820339 0.0291626 0.0267334 0.6459705 0.7963255 0.7334107 0.8186054 0.5705459 0.3864548 0.1531987 1.1714103 1.1750236 1.1764111 1.1764111 0.5383889 0.1230271 0.6260639 0.4626852 0.5926151 0.8231873 0.5965384 0.5284372 0.5597620 0.6031063 0.6139332 0.0291626 0.0267334 0.1151106 0.1127861 0.1279032 0.1448576 0.1115637 0.1136741 0.2205420 0.1234135 0.1205448 0.1199833 0.0310852 0.0433181 0.0000000 0.1207572 0.1220031 0.1241598 0.1230599 0.1124432 0.1124432 0.1325999 0.1325999 0.1324050 0.1324050 0.1238861 0.1238861 
OM562547/KEN/cow/2016/SAT1/I-NWZ/Unknown               0.1487529 0.1064492 0.1128344 0.2187377 0.1645932 0.1182793 0.1205466 0.0967028 0.1074366 1.1178148 1.1178148 1.1205459 0.1615406 0.1271944 0.1224159 0.6468915 0.7762206 0.7692905 0.8052644 0.5945247 0.4273677 0.1460558 1.1090627 1.1125764 1.1194461 1.1187384 0.5543898 0.0982417 0.5997586 0.4794787 0.6139304 0.8015140 0.5983710 0.5424815 0.5709693 0.6401557 0.5871201 0.1271944 0.1224159 0.1186195 0.1183741 0.1098473 0.1248324 0.1122199 0.1119350 0.2136564 0.1087120 0.1060997 0.1032345 0.1241658 0.1389358 0.1207572 0.0000000 0.0329982 0.0123972 0.0424905 0.1099204 0.1099204 0.1014380 0.1014380 0.1036155 0.1036155 0.0141684 0.0141684 
OM562546/KEN/cow/2016/SAT1/I-NWZ/Unknown               0.1512603 0.1171643 0.1137752 0.2239217 0.1691656 0.1289096 0.1213720 0.1054633 0.1181972 1.1000969 1.1000969 1.1027896 0.1672064 0.1280971 0.1249261 0.6256336 0.7723416 0.7562499 0.8156198 0.6096903 0.4130833 0.1635404 1.1046283 1.1081237 1.1149603 1.1142555 0.5444737 0.1070363 0.5765433 0.4915559 0.6332553 0.8001475 0.6084344 0.5387742 0.5784983 0.6302288 0.5932121 0.1280971 0.1249261 0.1161127 0.1152702 0.1105717 0.1228963 0.1088843 0.1146802 0.2087526 0.1151917 0.1083609 0.1086840 0.1295410 0.1382037 0.1220031 0.0329982 0.0000000 0.0329694 0.0346354 0.1085829 0.1085829 0.1066043 0.1066043 0.1071606 0.1071606 0.0360094 0.0360094 
OM562545/KEN/cow/2016/SAT1/I-NWZ/Unknown               0.1478349 0.1097461 0.1194090 0.2234746 0.1715915 0.1231365 0.1238695 0.1013261 0.1107458 1.1133952 1.1133952 1.1161188 0.1667959 0.1288474 0.1240607 0.6380893 0.7726519 0.7697496 0.8135179 0.5901186 0.4352040 0.1495024 1.1046766 1.1081785 1.1150277 1.1143216 0.5623568 0.1028817 0.6084482 0.4860019 0.6326429 0.7948240 0.6078910 0.5499684 0.5701141 0.6381214 0.5974937 0.1288474 0.1240607 0.1208128 0.1197138 0.1153697 0.1306050 0.1143931 0.1158041 0.2185369 0.1112655 0.1083651 0.1071417 0.1286617 0.1408056 0.1241598 0.0123972 0.0329694 0.0000000 0.0437671 0.1142297 0.1142297 0.1085072 0.1085072 0.1107612 0.1107612 0.0118381 0.0118381 
OM562542/KEN/cow/2016/SAT1/I-NWZ/Unknown               0.1510987 0.1021432 0.1114331 0.2169510 0.1573768 0.1251280 0.1227905 0.1017897 0.1031203 1.0829316 1.0829316 1.0855940 0.1615815 0.1318414 0.1302793 0.6413290 0.7632818 0.7469341 0.8010448 0.6066244 0.4051482 0.1610987 1.0837388 1.0871797 1.0939228 1.0932250 0.5557856 0.1033542 0.5763286 0.4741264 0.6297141 0.8045624 0.6138674 0.5467118 0.5799011 0.6470626 0.5890927 0.1318414 0.1302793 0.1166463 0.1173986 0.1110694 0.1233372 0.1142115 0.1167900 0.2157808 0.1086968 0.1066128 0.1037465 0.1320645 0.1461628 0.1230599 0.0424905 0.0346354 0.0437671 0.0000000 0.1097952 0.1097952 0.1093263 0.1093263 0.1131914 0.1131914 0.0444557 0.0444557 
OM562541/KEN/cow/2016/SAT1/I-NWZ/Unknown               0.1403366 0.0944711 0.0937367 0.2016460 0.1394380 0.0880368 0.0935888 0.0852952 0.0960743 1.1273545 1.1273545 1.1300707 0.1546454 0.1076655 0.1061603 0.6201690 0.7454543 0.7054239 0.7953619 0.5986434 0.4271720 0.1353261 1.1145756 1.1180654 1.1241829 1.1241829 0.5346827 0.0867922 0.6140146 0.4626704 0.6002359 0.8254051 0.5862317 0.5393042 0.5966827 0.6286822 0.5699299 0.1076655 0.1061603 0.0324465 0.0307229 0.0603673 0.0729593 0.0250048 0.0293682 0.0807849 0.0978980 0.0951309 0.0915792 0.1079713 0.1107449 0.1124432 0.1099204 0.1085829 0.1142297 0.1097952 0.0000000 0.0000010 0.0635770 0.0635770 0.0638039 0.0638039 0.1145387 0.1145387 
