67
JF749860/KEN/Unknown/2002/SAT1/I-NWZ/Unknown           0.0000000 0.2277975 0.2161149 0.2645641 0.1807500 0.2018886 0.1941912 0.2250284 0.2312098 1.2323054 1.2323054 1.2337721 1.2337721 1.0198118 0.1929893 0.1904942 1.5368324 1.6572234 1.4856661 1.4640536 0.2641386 0.2777399 0.1550633 1.2499995 1.2499995 1.2385717 1.2388076 0.2616418 0.2263005 1.5923944 0.2729905 0.2332210 1.6506751 0.2419843 0.2584744 0.2491528 0.2294046 0.2707035 0.1929893 0.1904942 0.2147782 0.2176178 0.2194402 0.2140238 0.2291671 0.2248581 0.2345262 0.1909528 0.1854834 0.1905675 0.2074752 0.2049478 0.2023272 0.2100537 0.2080130 0.2087614 0.1863401 0.2148495 0.2148495 0.2229654 0.2230605 0.2230605 0.2229654 0.2230690 0.2230690 0.2041205 0.2041205 
OM863583/KEN/cattle/2013/SAT1/I-NWZ/Unknown            0.2277975 0.0000000 0.0668861 0.2099311 0.2063792 0.0806320 0.0831117 0.0605162 0.0034768 1.1577430 1.1577430 1.1591910 1.1591910 0.9974032 0.0742172 0.0792847 1.4187002 1.3882148 1.3023279 1.2721517 0.2408258 0.2542870 0.1842934 1.1537929 1.1537929 1.1735752 1.1898067 0.2596674 0.0603372 1.4220751 0.2638249 0.2513903 1.5653212 0.2461047 0.2444090 0.2272222 0.2235532 0.2488838 0.0742172 0.0792847 0.0685546 0.0667106 0.0737344 0.0592703 0.0684560 0.0696720 0.1089645 0.0569249 0.0613712 0.0539215 0.0771008 0.0741362 0.0794820 0.0672142 0.0717998 0.0754172 0.1141306 0.0774611 0.0774611 0.0727933 0.0771725 0.0771725 0.0727933 0.0711414 0.0711414 0.0702347 0.0702347 
OM863582/KEN/cattle/2010/SAT1/I-NWZ/Unknown            0.2161149 0.0668861 0.0000000 0.2082303 0.1929671 0.0839346 0.0928930 0.0675361 0.0685243 1.1299313 1.1299313 1.1312686 1.1312686 0.9070050 0.0831831 0.0822615 1.3827282 1.4275519 1.3176109 1.3547597 0.2183575 0.2521511 0.1774771 1.1260148 1.1260148 1.1494801 1.1496833 0.2577429 0.0673333 1.4976434 0.2581060 0.2528536 1.5832064 0.2555199 0.2573433 0.2331673 0.2284863 0.2395044 0.0831831 0.0822615 0.0810451 0.0716062 0.0680114 0.0651681 0.0732187 0.0686081 0.1061727 0.0571518 0.0644742 0.0541336 0.0912197 0.0804968 0.0917326 0.0793992 0.0809428 0.0847360 0.1109752 0.0779409 0.0779409 0.0789230 0.0803919 0.0803919 0.0789230 0.0758437 0.0758437 0.0716714 0.0716714 
MW355669/ZMB/cattle/1988/SAT1/I-NWZ/Unknown            0.2645641 0.2099311 0.2082303 0.0000000 0.1703607 0.1966958 0.2206155 0.2103902 0.2131872 1.1549137 1.1549137 1.1563694 1.1563694 1.1126613 0.2120464 0.2032918 1.4777906 1.5189961 1.3460935 1.5385507 0.1909362 0.1810932 0.2433508 1.1489304 1.1489304 1.1800499 1.1802647 0.1931829 0.2093770 1.4972876 0.1970288 0.1861121 1.4823243 0.1896640 0.2107718 0.1814506 0.1860174 0.1952257 0.2120464 0.2032918 0.2109377 0.2115105 0.1944766 0.2015574 0.2265134 0.2202646 0.2155829 0.2045248 0.2045578 0.2012862 0.2068121 0.2080507 0.2258468 0.2045853 0.2068951 0.2016263 0.2016090 0.2113800 0.2113800 0.2009487 0.2030537 0.2030537 0.2009487 0.1980363 0.1980363 0.1859836 0.1859836 
MW355668/TZA/cattle/1980/SAT1/I-NWZ/Unknown            0.1807500 0.2063792 0.1929671 0.1703607 0.0000000 0.1738557 0.1993390 0.2021425 0.2096021 1.1945448 1.1945448 1.1960371 1.1960371 1.1570853 0.2215711 0.2192313 1.6305696 1.6163902 1.6550718 1.6530074 0.2235342 0.2203172 0.2221716 1.1883836 1.1883836 1.1890270 1.1892435 0.2233620 0.2011903 1.6497703 0.2166406 0.2194987 1.6661418 0.2449221 0.2519484 0.1970955 0.2113702 0.2395990 0.2215711 0.2192313 0.2203779 0.2185833 0.2050203 0.2089098 0.2254388 0.2178209 0.2176376 0.1953886 0.1890959 0.1900313 0.2185263 0.2180747 0.2306543 0.2221991 0.2201334 0.2199569 0.2197260 0.2011578 0.2011578 0.2158496 0.2179912 0.2179912 0.2158496 0.2136313 0.2136313 0.2114727 0.2114727 
MT602088/TZA/cattle/2014/SAT1/I-NWZ/Unknown            0.2018886 0.0806320 0.0839346 0.1966958 0.1738557 0.0000000 0.0397930 0.0837169 0.0793878 1.0907931 1.0907931 1.0921784 1.0921784 0.9184805 0.0890666 0.0881628 1.3963434 1.3783913 1.3707815 1.3486139 0.2147886 0.2277531 0.1567200 1.0979822 1.0979822 1.1209069 1.1211022 0.2354180 0.0834507 1.3652796 0.2347576 0.2257291 1.5129741 0.2427703 0.2212758 0.2023761 0.2120040 0.2198151 0.0890666 0.0881628 0.0958908 0.0812764 0.0791416 0.0820598 0.0862319 0.0846393 0.1053004 0.0749414 0.0714690 0.0717024 0.0827407 0.0863305 0.0979100 0.0768544 0.0846599 0.0885523 0.0841067 0.0910630 0.0910630 0.0824812 0.0839706 0.0839706 0.0824812 0.0807498 0.0807498 0.0784076 0.0784076 
MT602087/TZA/cattle/2013/SAT1/I-NWZ/Unknown            0.1941912 0.0831117 0.0928930 0.2206155 0.1993390 0.0397930 0.0000000 0.0944867 0.0818546 1.0673965 1.0673965 1.0686898 1.0686898 0.9043725 0.0906279 0.0897332 1.3795552 1.3399012 1.2802824 1.3173268 0.2486284 0.2399305 0.1797672 1.0744409 1.0744409 1.0968766 1.0970651 0.2404587 0.0941739 1.3712371 0.2556126 0.2515073 1.5097002 0.2488878 0.2403396 0.2125575 0.2140005 0.2342961 0.0906279 0.0897332 0.1029420 0.0962074 0.0936020 0.0906990 0.1014502 0.0997760 0.1229945 0.0787341 0.0769308 0.0786140 0.0809866 0.0941777 0.0995085 0.0901759 0.0951866 0.0993269 0.1041793 0.1033133 0.1033133 0.0971390 0.0986827 0.0986827 0.0971390 0.0922044 0.0922044 0.0884393 0.0884393 
MT602086/TZA/cattle/2012/SAT1/I-NWZ/Unknown            0.2250284 0.0605162 0.0675361 0.2103902 0.2021425 0.0837169 0.0944867 0.0000000 0.0621307 1.1514924 1.1514924 1.1529334 1.1529334 1.0271184 0.0860909 0.0851698 1.5048267 1.4761440 1.3720921 1.4126162 0.2621399 0.2764664 0.1967283 1.1605035 1.1605035 1.1783095 1.1785221 0.2813854 0.0023184 1.5854328 0.2793899 0.2753029 1.6605961 0.2640377 0.2734523 0.2337975 0.2428787 0.2500953 0.0860909 0.0851698 0.0900467 0.0832459 0.0845412 0.0677903 0.0819056 0.0769006 0.1023064 0.0578010 0.0639175 0.0547413 0.0895664 0.0831265 0.0948618 0.0789982 0.0838355 0.0859903 0.1165072 0.0883411 0.0883411 0.0801593 0.0816547 0.0816547 0.0801593 0.0802398 0.0802398 0.0773381 0.0773381 
MT602085/KEN/cattle/2013/SAT1/I-NWZ/Unknown            0.2312098 0.0034768 0.0685243 0.2131872 0.2096021 0.0793878 0.0818546 0.0621307 0.0000000 1.1736539 1.1736539 1.1751201 1.1751201 1.0109437 0.0789595 0.0810611 1.4386749 1.3943208 1.3204773 1.2898700 0.2445518 0.2581486 0.1849157 1.1696425 1.1696425 1.1897443 1.2062081 0.2687520 0.0619456 1.4285530 0.2629183 0.2552525 1.5879984 0.2450995 0.2481583 0.2261355 0.2224436 0.2527024 0.0789595 0.0810611 0.0731329 0.0712355 0.0754115 0.0636706 0.0730263 0.0713275 0.1110198 0.0584939 0.0629763 0.0554638 0.0758374 0.0788699 0.0843406 0.0717848 0.0764467 0.0801586 0.1161621 0.0791819 0.0791819 0.0774217 0.0818571 0.0818571 0.0774217 0.0757351 0.0757351 0.0748510 0.0748510 
MN275121/CMR/cow/2016/SAT1/X/Unknown                   1.2323054 1.1577430 1.1299313 1.1549137 1.1945448 1.0907931 1.0673965 1.1514924 1.1736539 0.0000000 0.0000010 0.0011552 0.0011552 1.3509996 1.0899401 1.1152424 1.2969347 1.3589986 1.2048362 1.2085061 1.0955749 1.0860007 1.2319480 0.0166324 0.0166324 0.0154819 0.0154820 1.1049063 1.1488962 1.4546809 1.1685246 1.1304605 1.4257495 1.1448827 1.2061702 1.1196732 1.1911537 1.1766177 1.0899401 1.1152424 1.0549877 1.0780301 1.0696241 1.0736081 1.0712242 1.0783480 1.1440504 1.1401435 1.1085731 1.1222661 1.0592349 1.1536707 1.0931365 1.0723351 1.0525439 1.0565821 1.0986530 1.1039552 1.1039552 1.0357523 1.0323824 1.0323824 1.0357523 1.0431091 1.0431091 1.0881000 1.0881000 
MN275120/CMR/cow/2016/SAT1/X/Unknown                   1.2323054 1.1577430 1.1299313 1.1549137 1.1945448 1.0907931 1.0673965 1.1514924 1.1736539 0.0000010 0.0000000 0.0011552 0.0011552 1.3509996 1.0899401 1.1152424 1.2969347 1.3589986 1.2048362 1.2085061 1.0955749 1.0860007 1.2319480 0.0166324 0.0166324 0.0154819 0.0154820 1.1049063 1.1488962 1.4546809 1.1685246 1.1304605 1.4257495 1.1448827 1.2061702 1.1196732 1.1911537 1.1766177 1.0899401 1.1152424 1.0549877 1.0780301 1.0696241 1.0736081 1.0712242 1.0783480 1.1440504 1.1401435 1.1085731 1.1222661 1.0592349 1.1536707 1.0931365 1.0723351 1.0525439 1.0565821 1.0986530 1.1039552 1.1039552 1.0357523 1.0323824 1.0323824 1.0357523 1.0431091 1.0431091 1.0881000 1.0881000 
MN275119/CMR/cow/2016/SAT1/X/Unknown                   1.2337721 1.1591910 1.1312686 1.1563694 1.1960371 1.0921784 1.0686898 1.1529334 1.1751201 0.0011552 0.0011552 0.0000000 0.0000010 1.3601640 1.0912521 1.1165803 1.3056331 1.3496163 1.1965392 1.2000480 1.0969019 1.0873104 1.2334896 0.0153989 0.0153989 0.0142476 0.0142477 1.1062378 1.1503324 1.4445699 1.1699983 1.1318206 1.4158787 1.1462605 1.2075936 1.1210156 1.1925609 1.1779999 1.0912521 1.1165803 1.0563461 1.0794036 1.0709888 1.0749768 1.0725922 1.0796474 1.1454931 1.1414955 1.1098976 1.1236033 1.0605133 1.1550304 1.0944524 1.0736305 1.0538254 1.0578664 1.1000569 1.1053563 1.1053563 1.0370871 1.0337132 1.0337132 1.0370871 1.0444476 1.0444476 1.0894198 1.0894198 
MN275118/CMR/cow/2016/SAT1/X/Unknown                   1.2337721 1.1591910 1.1312686 1.1563694 1.1960371 1.0921784 1.0686898 1.1529334 1.1751201 0.0011552 0.0011552 0.0000010 0.0000000 1.3601640 1.0912521 1.1165803 1.3056331 1.3496163 1.1965392 1.2000480 1.0969019 1.0873104 1.2334896 0.0153989 0.0153989 0.0142476 0.0142477 1.1062378 1.1503324 1.4445699 1.1699983 1.1318206 1.4158787 1.1462605 1.2075936 1.1210156 1.1925609 1.1779999 1.0912521 1.1165803 1.0563461 1.0794036 1.0709888 1.0749768 1.0725922 1.0796474 1.1454931 1.1414955 1.1098976 1.1236033 1.0605133 1.1550304 1.0944524 1.0736305 1.0538254 1.0578664 1.1000569 1.1053563 1.1053563 1.0370871 1.0337132 1.0337132 1.0370871 1.0444476 1.0444476 1.0894198 1.0894198 
MN116691/KEN/cow/2016/SAT1/I-NWZ/Unknown               1.0198118 0.9974032 0.9070050 1.1126613 1.1570853 0.9184805 0.9043725 1.0271184 1.0109437 1.3509996 1.3509996 1.3601640 1.3601640 0.0000000 0.9532432 0.9477592 0.6597626 0.6808526 0.6619434 0.6762759 1.2090677 1.3557957 1.0850974 1.3329228 1.3329228 1.3699218 1.3702049 1.1153827 1.0052985 0.7037465 1.1550379 1.1151813 0.6691482 1.1597075 1.1816395 1.2918640 1.1556796 1.1914562 0.9532432 0.9477592 0.9885928 0.9489386 0.9611153 0.9671138 0.9943834 0.9655396 1.0884119 0.9134354 0.8930123 0.9062272 0.9455301 0.9777699 0.8973068 0.9278878 0.9357189 0.9240425 0.9774680 0.9785358 0.9785358 0.9665739 0.9576224 0.9576224 0.9665739 0.9577700 0.9577700 0.9415123 0.9415123 
MN116690/KEN/cow/2014/SAT1/I-NWZ/Unknown               0.1929893 0.0742172 0.0831831 0.2120464 0.2215711 0.0890666 0.0906279 0.0860909 0.0789595 1.0899401 1.0899401 1.0912521 1.0912521 0.9532432 0.0000000 0.0118178 1.2948685 1.3466011 1.2256680 1.3208619 0.2437604 0.2595234 0.1777526 1.0752605 1.0752605 1.1088639 1.1090562 0.2622656 0.0858127 1.3912071 0.2694305 0.2452693 1.5320830 0.2441745 0.2553150 0.2177191 0.2151823 0.2437413 0.0000010 0.0118178 0.0896318 0.0895193 0.1004309 0.0843909 0.0949064 0.0863276 0.1194308 0.0706062 0.0801740 0.0705014 0.0306497 0.0305009 0.0255081 0.0808497 0.0854992 0.0894476 0.1108765 0.0964546 0.0964546 0.0977416 0.0992978 0.0992978 0.0977416 0.0927654 0.0927654 0.0764579 0.0764579 
MN116689/KEN/cow/2014/SAT1/I-NWZ/Unknown               0.1904942 0.0792847 0.0822615 0.2032918 0.2192313 0.0881628 0.0897332 0.0851698 0.0810611 1.1152424 1.1152424 1.1165803 1.1165803 0.9477592 0.0118178 0.0000000 1.3150813 1.3544653 1.2176323 1.3541834 0.2462337 0.2573713 0.1752490 1.1002574 1.1002574 1.1347062 1.1349069 0.2600683 0.0848933 1.3750044 0.2722144 0.2525634 1.5273649 0.2466421 0.2627470 0.2172525 0.2126583 0.2430109 0.0118178 0.0000010 0.0918564 0.0917392 0.0996039 0.0865383 0.0972074 0.0854214 0.1168101 0.0696299 0.0792369 0.0695260 0.0282292 0.0306576 0.0256377 0.0844276 0.0891419 0.0931827 0.1100847 0.0955975 0.0955975 0.1000688 0.1016428 0.1016428 0.1000688 0.0950280 0.0950280 0.0785450 0.0785450 
MH053326/UGA/african-buffalo/1970/SAT1/IV-EA-1/Unknown 1.5368324 1.4187002 1.3827282 1.4777906 1.6305696 1.3963434 1.3795552 1.5048267 1.4386749 1.2969347 1.2969347 1.3056331 1.3056331 0.6597626 1.2948685 1.3150813 0.0000000 0.2656069 0.2767823 0.2816857 1.3952218 1.5114077 1.5706422 1.2848010 1.2848010 1.3304394 1.3127359 1.4223642 1.4726402 0.2600268 1.4417543 1.3318521 0.2527115 1.4349273 1.3859608 1.4633323 1.3038204 1.3999334 1.2948685 1.3150813 1.2789565 1.3273269 1.3327941 1.3280670 1.2810603 1.3084183 1.3493997 1.3486751 1.3434712 1.3457921 1.2477436 1.3523307 1.2464366 1.3736150 1.3647802 1.3750040 1.3468942 1.2896902 1.2896902 1.3400072 1.3228417 1.3228417 1.3400072 1.3410475 1.3410475 1.3601875 1.3601875 
MH053325/UGA/cattle/1978/SAT1/VII-EA-2/Unknown         1.6572234 1.3882148 1.4275519 1.5189961 1.6163902 1.3783913 1.3399012 1.4761440 1.3943208 1.3589986 1.3589986 1.3496163 1.3496163 0.6808526 1.3466011 1.3544653 0.2656069 0.0000000 0.1779934 0.1951099 1.5704879 1.8355918 1.7129748 1.3409358 1.3409358 1.3969079 1.3782606 1.6490571 1.4446648 0.2460052 1.7603339 1.5748731 0.2267373 1.6153563 1.6135098 1.6817361 1.6015454 1.6722922 1.3466011 1.3544653 1.3163556 1.3649350 1.3391706 1.3494393 1.3567664 1.3147039 1.5972045 1.4077648 1.4350547 1.4047857 1.3248580 1.3119960 1.2501525 1.3681775 1.3852531 1.3513687 1.2972552 1.3342527 1.3342527 1.3635150 1.3589250 1.3589250 1.3635150 1.3591994 1.3591994 1.3645670 1.3645670 
MH053324/UGA/cattle/1971/SAT1/VII-EA-2/Unknown         1.4856661 1.3023279 1.3176109 1.3460935 1.6550718 1.3707815 1.2802824 1.3720921 1.3204773 1.2048362 1.2048362 1.1965392 1.1965392 0.6619434 1.2256680 1.2176323 0.2767823 0.1779934 0.0000000 0.1825107 1.4487660 1.6454181 1.6585144 1.1933815 1.1933815 1.2261828 1.2097822 1.4936866 1.3686222 0.1929222 1.5791851 1.4631462 0.1876298 1.4268032 1.4657816 1.5603718 1.4823939 1.5531726 1.2256680 1.2176323 1.1937419 1.2630311 1.2600852 1.2555838 1.2704093 1.1948197 1.4979398 1.3342989 1.3290387 1.3135654 1.2074905 1.2595336 1.1641805 1.3494176 1.3535495 1.3380486 1.2564364 1.2219276 1.2219276 1.2243342 1.2322219 1.2322219 1.2243342 1.2371845 1.2371845 1.2942075 1.2942075 
MH053323/TCD/cattle/1972/SAT1/VI/Unknown               1.4640536 1.2721517 1.3547597 1.5385507 1.6530074 1.3486139 1.3173268 1.4126162 1.2898700 1.2085061 1.2085061 1.2000480 1.2000480 0.6762759 1.3208619 1.3541834 0.2816857 0.1951099 0.1825107 0.0000000 1.4166000 1.8230771 1.5821998 1.2160463 1.2160463 1.2498096 1.2328984 1.5472745 1.3901656 0.2054307 1.6631352 1.4605990 0.1894983 1.5107683 1.4615986 1.5079638 1.5760350 1.7243964 1.3208619 1.3541834 1.2081348 1.2587477 1.2407339 1.2534628 1.2579899 1.2475306 1.4947615 1.3169999 1.3118686 1.3141774 1.3046556 1.3421606 1.2496615 1.3027964 1.2943315 1.2692872 1.3069144 1.2780064 1.2780064 1.2392475 1.2472317 1.2472317 1.2392475 1.2523017 1.2523017 1.2969899 1.2969899 
MH053322/NAM/african-buffalo/1989/SAT1/III-WZ/Unknown  0.2641386 0.2408258 0.2183575 0.1909362 0.2235342 0.2147886 0.2486284 0.2621399 0.2445518 1.0955749 1.0955749 1.0969019 1.0969019 1.2090677 0.2437604 0.2462337 1.3952218 1.5704879 1.4487660 1.4166000 0.0000000 0.1876315 0.2752252 1.1003333 1.1003333 1.1081587 1.1083525 0.1071917 0.2633517 1.4294487 0.2073504 0.0859622 1.5885382 0.0938401 0.0928590 0.1073796 0.1027297 0.1463917 0.2437604 0.2462337 0.2180622 0.2165998 0.2151320 0.2266442 0.2195966 0.2133122 0.2073909 0.2365982 0.2291006 0.2303878 0.2342286 0.2511587 0.2556038 0.2443636 0.2469241 0.2467274 0.2480448 0.2204302 0.2204302 0.2240568 0.2263146 0.2263146 0.2240568 0.2208557 0.2208557 0.2283455 0.2283455 
MH053321/MOZ/cattle/1981/SAT1/ASIA/Unknown             0.2777399 0.2542870 0.2521511 0.1810932 0.2203172 0.2277531 0.2399305 0.2764664 0.2581486 1.0860007 1.0860007 1.0873104 1.0873104 1.3557957 0.2595234 0.2573713 1.5114077 1.8355918 1.6454181 1.8230771 0.1876315 0.0000000 0.2603734 1.0848406 1.0848406 1.1140878 1.1142816 0.1767193 0.2749641 1.7014485 0.1652927 0.1753083 1.8461237 0.1855762 0.1890299 0.1485020 0.1606946 0.1850068 0.2595234 0.2573713 0.2569253 0.2642267 0.2439744 0.2505052 0.2578390 0.2561338 0.2206872 0.2385571 0.2376609 0.2380527 0.2582146 0.2520811 0.2831905 0.2393630 0.2371781 0.2306255 0.2213724 0.2442085 0.2442085 0.2563642 0.2586822 0.2586822 0.2563642 0.2529815 0.2529815 0.2338012 0.2338012 
MH053320/KEN/cattle/1983/SAT1/I-NWZ/Unknown            0.1550633 0.1842934 0.1774771 0.2433508 0.2221716 0.1567200 0.1797672 0.1967283 0.1849157 1.2319480 1.2319480 1.2334896 1.2334896 1.0850974 0.1777526 0.1752490 1.5706422 1.7129748 1.6585144 1.5821998 0.2752252 0.2603734 0.0000000 1.2326447 1.2326447 1.2590165 1.2592583 0.2609554 0.1958496 1.8345956 0.2711375 0.2552462 1.8065115 0.2455497 0.2607993 0.2549920 0.2657357 0.2768185 0.1777526 0.1752490 0.1708411 0.1695784 0.1724905 0.1716978 0.1744709 0.1801730 0.2167749 0.1773931 0.1821381 0.1770523 0.1665231 0.1804353 0.1894278 0.1738452 0.1799004 0.1765175 0.2008769 0.1653600 0.1653600 0.1768492 0.1787841 0.1787841 0.1768492 0.1742481 0.1742481 0.1687289 0.1687289 
MF678826/NER/cow/2015/SAT1/X/Unknown                   1.2499995 1.1537929 1.1260148 1.1489304 1.1883836 1.0979822 1.0744409 1.1605035 1.1696425 0.0166324 0.0166324 0.0153989 0.0153989 1.3329228 1.0752605 1.1002574 1.2848010 1.3409358 1.1933815 1.2160463 1.1003333 1.0848406 1.2326447 0.0000000 0.0000010 0.0082394 0.0082395 1.1166967 1.1515386 1.4375678 1.1904429 1.1353762 1.4045811 1.1614201 1.2067912 1.1092050 1.1917827 1.1705018 1.0752605 1.1002574 1.0512838 1.0851016 1.0659637 1.0699342 1.0674819 1.0853397 1.1514658 1.1249839 1.0937424 1.1072844 1.0449500 1.1384163 1.0893157 1.0685925 1.0488588 1.0528854 1.0948666 1.1000971 1.1000971 1.0321952 1.0288383 1.0288383 1.0321952 1.0395371 1.0395371 1.0842723 1.0842723 
MF678825/NER/cow/2015/SAT1/X/Unknown                   1.2499995 1.1537929 1.1260148 1.1489304 1.1883836 1.0979822 1.0744409 1.1605035 1.1696425 0.0166324 0.0166324 0.0153989 0.0153989 1.3329228 1.0752605 1.1002574 1.2848010 1.3409358 1.1933815 1.2160463 1.1003333 1.0848406 1.2326447 0.0000010 0.0000000 0.0082394 0.0082395 1.1166967 1.1515386 1.4375678 1.1904429 1.1353762 1.4045811 1.1614201 1.2067912 1.1092050 1.1917827 1.1705018 1.0752605 1.1002574 1.0512838 1.0851016 1.0659637 1.0699342 1.0674819 1.0853397 1.1514658 1.1249839 1.0937424 1.1072844 1.0449500 1.1384163 1.0893157 1.0685925 1.0488588 1.0528854 1.0948666 1.1000971 1.1000971 1.0321952 1.0288383 1.0288383 1.0321952 1.0395371 1.0395371 1.0842723 1.0842723 
MF678824/NER/cow/2015/SAT1/X/Unknown                   1.2385717 1.1735752 1.1494801 1.1800499 1.1890270 1.1209069 1.0968766 1.1783095 1.1897443 0.0154819 0.0154819 0.0142476 0.0142476 1.3699218 1.1088639 1.1347062 1.3304394 1.3969079 1.2261828 1.2498096 1.1081587 1.1140878 1.2590165 0.0082394 0.0082394 0.0000000 0.0023203 1.1401717 1.1756104 1.4896352 1.2226751 1.1435824 1.4378229 1.1699279 1.2324401 1.1325617 1.2170331 1.1950613 1.1088639 1.1347062 1.0733271 1.1077428 1.0882083 1.0922704 1.0897890 1.1079615 1.1757083 1.1485715 1.1166229 1.1304844 1.0774744 1.1737012 1.1232995 1.0909035 1.0707847 1.0748892 1.1179457 1.1231630 1.1231630 1.0537319 1.0502881 1.0502881 1.0537319 1.0611819 1.0611819 1.1071254 1.1071254 
MF678823/NER/cow/2015/SAT1/X/Unknown                   1.2388076 1.1898067 1.1496833 1.1802647 1.1892435 1.1211022 1.0970651 1.1785221 1.2062081 0.0154820 0.0154820 0.0142477 0.0142477 1.3702049 1.1090562 1.1349069 1.3127359 1.3782606 1.2097822 1.2328984 1.1083525 1.1142816 1.2592583 0.0082395 0.0082395 0.0023203 0.0000000 1.1403739 1.1758218 1.4696262 1.2229033 1.1437872 1.4185166 1.1701414 1.2326722 1.1327621 1.2172598 1.1952793 1.1090562 1.1349069 1.0735098 1.1079343 1.0883943 1.0924576 1.0899756 1.1081529 1.1759212 1.1487757 1.1168174 1.1306832 1.0776565 1.1739121 1.1234960 1.0910903 1.0709660 1.0750717 1.1181420 1.1233598 1.1233598 1.0539081 1.0504633 1.0504633 1.0539081 1.0613599 1.0613599 1.1073186 1.1073186 
KU821590/NAM/cow/2010/SAT1/III-WZ/Unknown              0.2616418 0.2596674 0.2577429 0.1931829 0.2233620 0.2354180 0.2404587 0.2813854 0.2687520 1.1049063 1.1049063 1.1062378 1.1062378 1.1153827 0.2622656 0.2600683 1.4223642 1.6490571 1.4936866 1.5472745 0.1071917 0.1767193 0.2609554 1.1166967 1.1166967 1.1401717 1.1403739 0.0000000 0.2797878 1.4599942 0.1851678 0.0886240 1.5956004 0.0949217 0.0940278 0.1169756 0.1230215 0.1254232 0.2622656 0.2600683 0.2308424 0.2443585 0.2527052 0.2450433 0.2352044 0.2479186 0.2497179 0.2526338 0.2430314 0.2520801 0.2551263 0.2596677 0.2631147 0.2718353 0.2745258 0.2694964 0.2611603 0.2437396 0.2437396 0.2465288 0.2488810 0.2488810 0.2465288 0.2440875 0.2440875 0.2522630 0.2522630 
KM268899/TZA/cattle/2012/SAT1/I-NWZ/Unknown            0.2263005 0.0603372 0.0673333 0.2093770 0.2011903 0.0834507 0.0941739 0.0023184 0.0619456 1.1488962 1.1488962 1.1503324 1.1503324 1.0052985 0.0858127 0.0848933 1.4726402 1.4446648 1.3686222 1.3901656 0.2633517 0.2749641 0.1958496 1.1515386 1.1515386 1.1756104 1.1758218 0.2797878 0.0000000 1.5509325 0.2778401 0.2764638 1.6331907 0.2652538 0.2719552 0.2325633 0.2415809 0.2487614 0.0858127 0.0848933 0.0897557 0.0829831 0.0842741 0.0675858 0.0816472 0.0766624 0.1019503 0.0546598 0.0606775 0.0545821 0.0892736 0.0828595 0.0945462 0.0787502 0.0835684 0.0857127 0.1160943 0.0880572 0.0880572 0.0799080 0.0813979 0.0813979 0.0799080 0.0799881 0.0799881 0.0770969 0.0770969 
HM067706/UGA/african-buffalo/2007/SAT1/IV-EA-1/Unknown 1.5923944 1.4220751 1.4976434 1.4972876 1.6497703 1.3652796 1.3712371 1.5854328 1.4285530 1.4546809 1.4546809 1.4445699 1.4445699 0.7037465 1.3912071 1.3750044 0.2600268 0.2460052 0.1929222 0.2054307 1.4294487 1.7014485 1.8345956 1.4375678 1.4375678 1.4896352 1.4696262 1.4599942 1.5509325 0.0000000 1.5549852 1.4773115 0.2379033 1.4577725 1.4436853 1.4551595 1.3775470 1.5305603 1.3912071 1.3750044 1.3150373 1.3902540 1.3478905 1.3753801 1.3354217 1.3273173 1.5064851 1.4113417 1.3924859 1.4083205 1.3634765 1.4193691 1.3056786 1.4472034 1.4513595 1.4348469 1.4161679 1.3749249 1.3749249 1.3552534 1.3506336 1.3506336 1.3552534 1.3695543 1.3695543 1.4214351 1.4214351 
AY593846/ZWE/Unknown/1966/SAT1/ASIA/Unknown            0.2729905 0.2638249 0.2581060 0.1970288 0.2166406 0.2347576 0.2556126 0.2793899 0.2629183 1.1685246 1.1685246 1.1699983 1.1699983 1.1550379 0.2694305 0.2722144 1.4417543 1.7603339 1.5791851 1.6631352 0.2073504 0.1652927 0.2711375 1.1904429 1.1904429 1.2226751 1.2229033 0.1851678 0.2778401 1.5549852 0.0000000 0.1763885 1.7979441 0.2013722 0.2043559 0.1865629 0.1861834 0.1985074 0.2694305 0.2722144 0.2810087 0.2544640 0.2480049 0.2501915 0.2606743 0.2697726 0.2722491 0.2539121 0.2422296 0.2476602 0.2644413 0.2762720 0.2899522 0.2765097 0.2742269 0.2644520 0.2801216 0.2459244 0.2459244 0.2499993 0.2523189 0.2523189 0.2499993 0.2523302 0.2523302 0.2617820 0.2617820 
AY593845/BWA/Unknown/1968/SAT1/III-WZ/Unknown          0.2332210 0.2513903 0.2528536 0.1861121 0.2194987 0.2257291 0.2515073 0.2753029 0.2552525 1.1304605 1.1304605 1.1318206 1.1318206 1.1151813 0.2452693 0.2525634 1.3318521 1.5748731 1.4631462 1.4605990 0.0859622 0.1753083 0.2552462 1.1353762 1.1353762 1.1435824 1.1437872 0.0886240 0.2764638 1.4773115 0.1763885 0.0000000 1.6330380 0.0631080 0.0689214 0.0860180 0.0816537 0.1269782 0.2452693 0.2525634 0.2316714 0.2324414 0.2450506 0.2456656 0.2411745 0.2369999 0.2478277 0.2411626 0.2345346 0.2406390 0.2451436 0.2546619 0.2676821 0.2418326 0.2443939 0.2474139 0.2328082 0.2314527 0.2314527 0.2417341 0.2393380 0.2393380 0.2417341 0.2393483 0.2393483 0.2399520 0.2399520 
AY593844/ISR/Unknown/1962/SAT1/VI/Unknown              1.6506751 1.5653212 1.5832064 1.4823243 1.6661418 1.5129741 1.5097002 1.6605961 1.5879984 1.4257495 1.4257495 1.4158787 1.4158787 0.6691482 1.5320830 1.5273649 0.2527115 0.2267373 0.1876298 0.1894983 1.5885382 1.8461237 1.8065115 1.4045811 1.4045811 1.4378229 1.4185166 1.5956004 1.6331907 0.2379033 1.7979441 1.6330380 0.0000000 1.6365273 1.6326980 1.6838530 1.6193781 1.8411707 1.5320830 1.5273649 1.4131493 1.4464117 1.4571139 1.5294646 1.4635539 1.4133750 1.8113048 1.5494183 1.5290348 1.5461394 1.4582950 1.5194160 1.4455401 1.5770179 1.5727126 1.5722009 1.5472834 1.4831863 1.4831863 1.4880960 1.4972777 1.4972777 1.4880960 1.5183880 1.5183880 1.5793815 1.5793815 
AY593843/NAM/Unknown/1940/SAT1/III-WZ/Unknown          0.2419843 0.2461047 0.2555199 0.1896640 0.2449221 0.2427703 0.2488878 0.2640377 0.2450995 1.1448827 1.1448827 1.1462605 1.1462605 1.1597075 0.2441745 0.2466421 1.4349273 1.6153563 1.4268032 1.5107683 0.0938401 0.1855762 0.2455497 1.1614201 1.1614201 1.1699279 1.1701414 0.0949217 0.2652538 1.4577725 0.2013722 0.0631080 1.6365273 0.0000000 0.0917112 0.1047290 0.0931113 0.1305481 0.2441745 0.2466421 0.2308151 0.2517239 0.2447977 0.2343942 0.2416555 0.2383683 0.2372883 0.2411843 0.2440713 0.2406593 0.2331027 0.2487861 0.2569656 0.2458733 0.2463746 0.2461760 0.2382076 0.2391512 0.2391512 0.2441426 0.2416933 0.2416933 0.2441426 0.2417039 0.2417039 0.2391572 0.2391572 
AY593842/ZAF/Unknown/1961/SAT1/III-WZ/Unknown          0.2584744 0.2444090 0.2573433 0.2107718 0.2519484 0.2212758 0.2403396 0.2734523 0.2481583 1.2061702 1.2061702 1.2075936 1.2075936 1.1816395 0.2553150 0.2627470 1.3859608 1.6135098 1.4657816 1.4615986 0.0928590 0.1890299 0.2607993 1.2067912 1.2067912 1.2324401 1.2326722 0.0940278 0.2719552 1.4436853 0.2043559 0.0689214 1.6326980 0.0917112 0.0000000 0.0948284 0.1025044 0.1357711 0.2553150 0.2627470 0.2482910 0.2534886 0.2463724 0.2496561 0.2472553 0.2441170 0.2387935 0.2534860 0.2419087 0.2529391 0.2551135 0.2627898 0.2730468 0.2462965 0.2536185 0.2566500 0.2578679 0.2561352 0.2561352 0.2395232 0.2417866 0.2417866 0.2395232 0.2417969 0.2417969 0.2429107 0.2429107 
AY593841/ZWE/Unknown/1958/SAT1/III-WZ/Unknown          0.2491528 0.2272222 0.2331673 0.1814506 0.1970955 0.2023761 0.2125575 0.2337975 0.2261355 1.1196732 1.1196732 1.1210156 1.1210156 1.2918640 0.2177191 0.2172525 1.4633323 1.6817361 1.5603718 1.5079638 0.1073796 0.1485020 0.2549920 1.1092050 1.1092050 1.1325617 1.1327621 0.1169756 0.2325633 1.4551595 0.1865629 0.0860180 1.6838530 0.1047290 0.0948284 0.0000000 0.0889292 0.1206412 0.2177191 0.2172525 0.2163261 0.2218759 0.2095873 0.2217790 0.2202611 0.2170353 0.2069769 0.2133004 0.2070361 0.2128320 0.2063545 0.2146985 0.2372045 0.2212678 0.2237473 0.2266319 0.2246715 0.2185338 0.2185338 0.2065760 0.2087755 0.2087755 0.2065760 0.2087833 0.2087833 0.2070366 0.2070366 
AY593840/NAM/Unknown/1949/SAT1/III-WZ/Unknown          0.2294046 0.2235532 0.2284863 0.1860174 0.2113702 0.2120040 0.2140005 0.2428787 0.2224436 1.1911537 1.1911537 1.1925609 1.1925609 1.1556796 0.2151823 0.2126583 1.3038204 1.6015454 1.4823939 1.5760350 0.1027297 0.1606946 0.2657357 1.1917827 1.1917827 1.2170331 1.2172598 0.1230215 0.2415809 1.3775470 0.1861834 0.0816537 1.6193781 0.0931113 0.1025044 0.0889292 0.0000000 0.1291414 0.2151823 0.2126583 0.2043441 0.2047208 0.2084995 0.2207268 0.2203415 0.2096759 0.2122496 0.2201173 0.2184263 0.2196357 0.2071225 0.2110489 0.2352776 0.2154566 0.2132835 0.2161309 0.2323397 0.1970409 0.1970409 0.2153453 0.2175752 0.2175752 0.2153453 0.2175837 0.2175837 0.2067424 0.2067424 
AY593838/BWA/Unknown/1970/SAT1/III-WZ/Unknown          0.2707035 0.2488838 0.2395044 0.1952257 0.2395990 0.2198151 0.2342961 0.2500953 0.2527024 1.1766177 1.1766177 1.1779999 1.1779999 1.1914562 0.2437413 0.2430109 1.3999334 1.6722922 1.5531726 1.7243964 0.1463917 0.1850068 0.2768185 1.1705018 1.1705018 1.1950613 1.1952793 0.1254232 0.2487614 1.5305603 0.1985074 0.1269782 1.8411707 0.1305481 0.1357711 0.1206412 0.1291414 0.0000000 0.2437413 0.2430109 0.2391677 0.2324005 0.2376254 0.2313653 0.2320534 0.2350402 0.2193937 0.2437881 0.2362329 0.2375596 0.2365066 0.2359592 0.2533370 0.2386082 0.2458214 0.2410886 0.2414118 0.2332115 0.2332115 0.2242580 0.2173406 0.2173406 0.2242580 0.2173491 0.2173491 0.2194758 0.2194758 
OM562602/KEN/cow/2014/SAT1/I-NWZ/Unknown               0.1929893 0.0742172 0.0831831 0.2120464 0.2215711 0.0890666 0.0906279 0.0860909 0.0789595 1.0899401 1.0899401 1.0912521 1.0912521 0.9532432 0.0000010 0.0118178 1.2948685 1.3466011 1.2256680 1.3208619 0.2437604 0.2595234 0.1777526 1.0752605 1.0752605 1.1088639 1.1090562 0.2622656 0.0858127 1.3912071 0.2694305 0.2452693 1.5320830 0.2441745 0.2553150 0.2177191 0.2151823 0.2437413 0.0000000 0.0118178 0.0896318 0.0895193 0.1004309 0.0843909 0.0949064 0.0863276 0.1194308 0.0706062 0.0801740 0.0705014 0.0306497 0.0305009 0.0255081 0.0808497 0.0854992 0.0894476 0.1108765 0.0964546 0.0964546 0.0977416 0.0992978 0.0992978 0.0977416 0.0927654 0.0927654 0.0764579 0.0764579 
OM562601/KEN/cow/2014/SAT1/I-NWZ/Unknown               0.1904942 0.0792847 0.0822615 0.2032918 0.2192313 0.0881628 0.0897332 0.0851698 0.0810611 1.1152424 1.1152424 1.1165803 1.1165803 0.9477592 0.0118178 0.0000010 1.3150813 1.3544653 1.2176323 1.3541834 0.2462337 0.2573713 0.1752490 1.1002574 1.1002574 1.1347062 1.1349069 0.2600683 0.0848933 1.3750044 0.2722144 0.2525634 1.5273649 0.2466421 0.2627470 0.2172525 0.2126583 0.2430109 0.0118178 0.0000000 0.0918564 0.0917392 0.0996039 0.0865383 0.0972074 0.0854214 0.1168101 0.0696299 0.0792369 0.0695260 0.0282292 0.0306576 0.0256377 0.0844276 0.0891419 0.0931827 0.1100847 0.0955975 0.0955975 0.1000688 0.1016428 0.1016428 0.1000688 0.0950280 0.0950280 0.0785450 0.0785450 
OM562591/KEN/cow/2016/SAT1/I-NWZ/Unknown               0.2147782 0.0685546 0.0810451 0.2109377 0.2203779 0.0958908 0.1029420 0.0900467 0.0731329 1.0549877 1.0549877 1.0563461 1.0563461 0.9885928 0.0896318 0.0918564 1.2789565 1.3163556 1.1937419 1.2081348 0.2180622 0.2569253 0.1708411 1.0512838 1.0512838 1.0733271 1.0735098 0.2308424 0.0897557 1.3150373 0.2810087 0.2316714 1.4131493 0.2308151 0.2482910 0.2163261 0.2043441 0.2391677 0.0896318 0.0918564 0.0000000 0.0306759 0.0574301 0.0519009 0.0255723 0.0241341 0.1100828 0.0734830 0.0831234 0.0733733 0.0894944 0.0915482 0.1002310 0.0861148 0.0876954 0.0916417 0.1254475 0.0294627 0.0294627 0.0592054 0.0605947 0.0605947 0.0592054 0.0548873 0.0548873 0.0844215 0.0844215 
OM562590/KEN/cow/2016/SAT1/I-NWZ/Unknown               0.2176178 0.0667106 0.0716062 0.2115105 0.2185833 0.0812764 0.0962074 0.0832459 0.0712355 1.0780301 1.0780301 1.0794036 1.0794036 0.9489386 0.0895193 0.0917392 1.3273269 1.3649350 1.2630311 1.2587477 0.2165998 0.2642267 0.1695784 1.0851016 1.0851016 1.1077428 1.1079343 0.2443585 0.0829831 1.3902540 0.2544640 0.2324414 1.4464117 0.2517239 0.2534886 0.2218759 0.2047208 0.2324005 0.0895193 0.0917392 0.0306759 0.0000000 0.0587655 0.0503788 0.0294446 0.0331543 0.1034153 0.0746935 0.0810955 0.0714676 0.0896291 0.0865787 0.0982599 0.0780516 0.0795929 0.0833685 0.1232512 0.0386459 0.0386459 0.0576190 0.0589986 0.0589986 0.0576190 0.0560866 0.0560866 0.0726881 0.0726881 
OM562576/KEN/cow/2016/SAT1/I-NWZ/Unknown               0.2194402 0.0737344 0.0680114 0.1944766 0.2050203 0.0791416 0.0936020 0.0845412 0.0754115 1.0696241 1.0696241 1.0709888 1.0709888 0.9611153 0.1004309 0.0996039 1.3327941 1.3391706 1.2600852 1.2407339 0.2151320 0.2439744 0.1724905 1.0659637 1.0659637 1.0882083 1.0883943 0.2527052 0.0842741 1.3478905 0.2480049 0.2450506 1.4571139 0.2447977 0.2463724 0.2095873 0.2084995 0.2376254 0.1004309 0.0996039 0.0574301 0.0587655 0.0000000 0.0316162 0.0560248 0.0544806 0.0987627 0.0697419 0.0728728 0.0665951 0.0965976 0.0974431 0.1091355 0.0611504 0.0654651 0.0689440 0.1009196 0.0660932 0.0660932 0.0178464 0.0190709 0.0190709 0.0178464 0.0165867 0.0165867 0.0653117 0.0653117 
OM562571/KEN/cow/2016/SAT1/I-NWZ/Unknown               0.2140238 0.0592703 0.0651681 0.2015574 0.2089098 0.0820598 0.0906990 0.0677903 0.0636706 1.0736081 1.0736081 1.0749768 1.0749768 0.9671138 0.0843909 0.0865383 1.3280670 1.3494393 1.2555838 1.2534628 0.2266442 0.2505052 0.1716978 1.0699342 1.0699342 1.0922704 1.0924576 0.2450433 0.0675858 1.3753801 0.2501915 0.2456656 1.5294646 0.2343942 0.2496561 0.2217790 0.2207268 0.2313653 0.0843909 0.0865383 0.0519009 0.0503788 0.0316162 0.0000000 0.0505184 0.0544453 0.1016266 0.0553494 0.0613031 0.0523724 0.0906052 0.0878085 0.0960653 0.0671546 0.0715509 0.0751519 0.1105370 0.0632253 0.0632253 0.0305198 0.0317973 0.0317973 0.0305198 0.0266352 0.0266352 0.0713776 0.0713776 
OM562566/KEN/cow/2016/SAT1/I-NWZ/Unknown               0.2291671 0.0684560 0.0732187 0.2265134 0.2254388 0.0862319 0.1014502 0.0819056 0.0730263 1.0712242 1.0712242 1.0725922 1.0725922 0.9943834 0.0949064 0.0972074 1.2810603 1.3567664 1.2704093 1.2579899 0.2195966 0.2578390 0.1744709 1.0674819 1.0674819 1.0897890 1.0899756 0.2352044 0.0816472 1.3354217 0.2606743 0.2411745 1.4635539 0.2416555 0.2472553 0.2202611 0.2203415 0.2320534 0.0949064 0.0972074 0.0255723 0.0294446 0.0560248 0.0505184 0.0000000 0.0204287 0.1002768 0.0704275 0.0767610 0.0672420 0.0947558 0.0950538 0.0971765 0.0829470 0.0845140 0.0866559 0.1218729 0.0282306 0.0282306 0.0577833 0.0591675 0.0591675 0.0577833 0.0562455 0.0562455 0.0812749 0.0812749 
OM562565/KEN/cow/2016/SAT1/I-NWZ/Unknown               0.2248581 0.0696720 0.0686081 0.2202646 0.2178209 0.0846393 0.0997760 0.0769006 0.0713275 1.0783480 1.0783480 1.0796474 1.0796474 0.9655396 0.0863276 0.0854214 1.3084183 1.3147039 1.1948197 1.2475306 0.2133122 0.2561338 0.1801730 1.0853397 1.0853397 1.1079615 1.1081529 0.2479186 0.0766624 1.3273173 0.2697726 0.2369999 1.4133750 0.2383683 0.2441170 0.2170353 0.2096759 0.2350402 0.0863276 0.0854214 0.0241341 0.0331543 0.0544806 0.0544453 0.0204287 0.0000000 0.1009094 0.0687398 0.0750179 0.0655840 0.0864340 0.0864611 0.0884837 0.0811531 0.0797000 0.0817759 0.1234335 0.0267567 0.0267567 0.0589921 0.0603753 0.0603753 0.0589921 0.0574516 0.0574516 0.0763166 0.0763166 
OM562563/KEN/cow/2016/SAT1/I-NWZ/Unknown               0.2345262 0.1089645 0.1061727 0.2155829 0.2176376 0.1053004 0.1229945 0.1023064 0.1110198 1.1440504 1.1440504 1.1454931 1.1454931 1.0884119 0.1194308 0.1168101 1.3493997 1.5972045 1.4979398 1.4947615 0.2073909 0.2206872 0.2167749 1.1514658 1.1514658 1.1757083 1.1759212 0.2497179 0.1019503 1.5064851 0.2722491 0.2478277 1.8113048 0.2372883 0.2387935 0.2069769 0.2122496 0.2193937 0.1194308 0.1168101 0.1100828 0.1034153 0.0987627 0.1016266 0.1002768 0.1009094 0.0000000 0.1065409 0.1177444 0.1063616 0.1199481 0.1113895 0.1334394 0.1227478 0.1284204 0.1312948 0.1121968 0.1085277 0.1085277 0.1090839 0.1124496 0.1124496 0.1090839 0.1087975 0.1087975 0.1061972 0.1061972 
OM562560/KEN/cow/2016/SAT1/I-NWZ/Unknown               0.1909528 0.0569249 0.0571518 0.2045248 0.1953886 0.0749414 0.0787341 0.0578010 0.0584939 1.1401435 1.1401435 1.1414955 1.1414955 0.9134354 0.0706062 0.0696299 1.3486751 1.4077648 1.3342989 1.3169999 0.2365982 0.2385571 0.1773931 1.1249839 1.1249839 1.1485715 1.1487757 0.2526338 0.0546598 1.4113417 0.2539121 0.2411626 1.5494183 0.2411843 0.2534860 0.2133004 0.2201173 0.2437881 0.0706062 0.0696299 0.0734830 0.0746935 0.0697419 0.0553494 0.0704275 0.0687398 0.1065409 0.0000000 0.0118382 0.0046508 0.0706945 0.0709003 0.0819871 0.0675279 0.0721393 0.0741208 0.1126535 0.0779807 0.0779807 0.0762768 0.0777436 0.0777436 0.0762768 0.0716593 0.0716593 0.0690363 0.0690363 
OM562559/KEN/cow/2016/SAT1/I-NWZ/Unknown               0.1854834 0.0613712 0.0644742 0.2045578 0.1890959 0.0714690 0.0769308 0.0639175 0.0629763 1.1085731 1.1085731 1.1098976 1.1098976 0.8930123 0.0801740 0.0792369 1.3434712 1.4350547 1.3290387 1.3118686 0.2291006 0.2376609 0.1821381 1.0937424 1.0937424 1.1166229 1.1168174 0.2430314 0.0606775 1.3924859 0.2422296 0.2345346 1.5290348 0.2440713 0.2419087 0.2070361 0.2184263 0.2362329 0.0801740 0.0792369 0.0831234 0.0810955 0.0728728 0.0613031 0.0767610 0.0750179 0.1177444 0.0118382 0.0000000 0.0118242 0.0755277 0.0805152 0.0886413 0.0706700 0.0753381 0.0773639 0.1087962 0.0812323 0.0812323 0.0795034 0.0809840 0.0809840 0.0795034 0.0748313 0.0748313 0.0721947 0.0721947 
OM562558/KEN/cow/2016/SAT1/I-NWZ/Unknown               0.1905675 0.0539215 0.0541336 0.2012862 0.1900313 0.0717024 0.0786140 0.0547413 0.0554638 1.1222661 1.1222661 1.1236033 1.1236033 0.9062272 0.0705014 0.0695260 1.3457921 1.4047857 1.3135654 1.3141774 0.2303878 0.2380527 0.1770523 1.1072844 1.1072844 1.1304844 1.1306832 0.2520801 0.0545821 1.4083205 0.2476602 0.2406390 1.5461394 0.2406593 0.2529391 0.2128320 0.2196357 0.2375596 0.0705014 0.0695260 0.0733733 0.0714676 0.0665951 0.0523724 0.0672420 0.0655840 0.1063616 0.0046508 0.0118242 0.0000000 0.0705894 0.0707945 0.0786260 0.0643731 0.0689226 0.0708581 0.1124665 0.0747041 0.0747041 0.0730272 0.0744784 0.0744784 0.0730272 0.0684696 0.0684696 0.0658633 0.0658633 
OM562557/KEN/cow/2016/SAT1/I-NWZ/Unknown               0.2074752 0.0771008 0.0912197 0.2068121 0.2185263 0.0827407 0.0809866 0.0895664 0.0758374 1.0592349 1.0592349 1.0605133 1.0605133 0.9455301 0.0306497 0.0282292 1.2477436 1.3248580 1.2074905 1.3046556 0.2342286 0.2582146 0.1665231 1.0449500 1.0449500 1.0774744 1.0776565 0.2551263 0.0892736 1.3634765 0.2644413 0.2451436 1.4582950 0.2331027 0.2551135 0.2063545 0.2071225 0.2365066 0.0306497 0.0282292 0.0894944 0.0896291 0.0965976 0.0906052 0.0947558 0.0864340 0.1199481 0.0706945 0.0755277 0.0705894 0.0000000 0.0398849 0.0361881 0.0819348 0.0835076 0.0873966 0.1140050 0.0898056 0.0898056 0.0970384 0.0985806 0.0985806 0.0970384 0.0921090 0.0921090 0.0761440 0.0761440 
OM562556/KEN/cow/2016/SAT1/I-NWZ/Unknown               0.2049478 0.0741362 0.0804968 0.2080507 0.2180747 0.0863305 0.0941777 0.0831265 0.0788699 1.1536707 1.1536707 1.1550304 1.1550304 0.9777699 0.0305009 0.0306576 1.3523307 1.3119960 1.2595336 1.3421606 0.2511587 0.2520811 0.1804353 1.1384163 1.1384163 1.1737012 1.1739121 0.2596677 0.0828595 1.4193691 0.2762720 0.2546619 1.5194160 0.2487861 0.2627898 0.2146985 0.2110489 0.2359592 0.0305009 0.0306576 0.0915482 0.0865787 0.0974431 0.0878085 0.0950538 0.0864611 0.1113895 0.0709003 0.0805152 0.0707945 0.0398849 0.0000000 0.0345794 0.0793558 0.0839916 0.0879134 0.1026621 0.0966043 0.0966043 0.0995000 0.1010633 0.1010633 0.0995000 0.0944948 0.0944948 0.0673898 0.0673898 
OM562555/KEN/cow/2016/SAT1/I-NWZ/Unknown               0.2023272 0.0794820 0.0917326 0.2258468 0.2306543 0.0979100 0.0995085 0.0948618 0.0843406 1.0931365 1.0931365 1.0944524 1.0944524 0.8973068 0.0255081 0.0256377 1.2464366 1.2501525 1.1641805 1.2496615 0.2556038 0.2831905 0.1894278 1.0893157 1.0893157 1.1232995 1.1234960 0.2631147 0.0945462 1.3056786 0.2899522 0.2676821 1.4455401 0.2569656 0.2730468 0.2372045 0.2352776 0.2533370 0.0255081 0.0256377 0.1002310 0.0982599 0.1091355 0.0960653 0.0971765 0.0884837 0.1334394 0.0819871 0.0886413 0.0786260 0.0361881 0.0345794 0.0000000 0.0908793 0.0925072 0.0966191 0.1258832 0.0987410 0.0987410 0.1064320 0.1080208 0.1080208 0.1064320 0.1013201 0.1013201 0.0785276 0.0785276 
OM562547/KEN/cow/2016/SAT1/I-NWZ/Unknown               0.2100537 0.0672142 0.0793992 0.2045853 0.2221991 0.0768544 0.0901759 0.0789982 0.0717848 1.0723351 1.0723351 1.0736305 1.0736305 0.9278878 0.0808497 0.0844276 1.3736150 1.3681775 1.3494176 1.3027964 0.2443636 0.2393630 0.1738452 1.0685925 1.0685925 1.0909035 1.0910903 0.2718353 0.0787502 1.4472034 0.2765097 0.2418326 1.5770179 0.2458733 0.2462965 0.2212678 0.2154566 0.2386082 0.0808497 0.0844276 0.0861148 0.0780516 0.0611504 0.0671546 0.0829470 0.0811531 0.1227478 0.0675279 0.0706700 0.0643731 0.0819348 0.0793558 0.0908793 0.0000000 0.0129281 0.0130163 0.0900328 0.0920451 0.0920451 0.0716929 0.0702184 0.0702184 0.0716929 0.0700384 0.0700384 0.0254945 0.0254945 
OM562546/KEN/cow/2016/SAT1/I-NWZ/Unknown               0.2080130 0.0717998 0.0809428 0.2068951 0.2201334 0.0846599 0.0951866 0.0838355 0.0764467 1.0525439 1.0525439 1.0538254 1.0538254 0.9357189 0.0854992 0.0891419 1.3647802 1.3852531 1.3535495 1.2943315 0.2469241 0.2371781 0.1799004 1.0488588 1.0488588 1.0707847 1.0709660 0.2745258 0.0835684 1.4513595 0.2742269 0.2443939 1.5727126 0.2463746 0.2536185 0.2237473 0.2132835 0.2458214 0.0854992 0.0891419 0.0876954 0.0795929 0.0654651 0.0715509 0.0845140 0.0797000 0.1284204 0.0721393 0.0753381 0.0689226 0.0835076 0.0839916 0.0925072 0.0129281 0.0000000 0.0094142 0.0981816 0.0936425 0.0936425 0.0732019 0.0717217 0.0717217 0.0732019 0.0715369 0.0715369 0.0217332 0.0217332 
