94
JF749864/ZWE/Unknown/2003/SAT2/I/Unknown           0.0000000 0.4406727 0.1048022 0.5858387 0.5035414 0.5468062 0.5848959 0.5822638 0.5848959 0.5822638 0.5870390 0.5886788 0.0815017 0.1129603 0.6656712 0.6656712 0.6677506 0.6682092 0.6696876 0.6936710 0.1001010 0.6914255 0.5858705 0.6789988 0.1077584 0.0885905 0.0998840 0.1196365 0.0473126 0.0592902 0.0668188 0.0571044 0.1298649 0.5860045 0.5847419 0.4648472 0.4083600 0.5055343 0.0900945 0.1018352 0.5053301 0.1179459 0.1165290 0.1078060 0.1182710 0.1285770 0.1061301 0.0968778 0.1055935 0.1012310 0.1035570 0.1056785 0.1042603 0.1033239 0.1071442 0.1068715 0.0993114 0.1078585 0.1084022 0.0943928 0.1046728 0.1134896 0.1027557 0.1062481 0.0999681 0.0974617 0.0987194 0.1038650 0.1012423 0.0842264 0.0999681 0.1007617 0.1000094 0.0985286 0.0947459 0.1017909 0.1141800 0.1019411 0.1019411 0.1028666 0.1028666 0.1066071 0.1066071 0.1079445 0.1083826 0.1083826 0.1208353 0.1208353 0.1085893 0.1071245 0.1071245 0.1082145 0.1082145 0.1095042 
JF749862/UGA/Unknown/2002/SAT2/X/Unknown           0.4406727 0.0000000 0.4087079 0.4420836 0.3268687 0.3348420 0.4194311 0.4206341 0.4194311 0.4206341 0.4157188 0.4185597 0.4334376 0.3892018 0.4636385 0.4636385 0.4653455 0.4546375 0.4669870 0.4422120 0.3629579 0.4845473 0.4421200 0.4232691 0.3872901 0.3972799 0.4012314 0.4222235 0.3977987 0.4237896 0.3998362 0.4228281 0.4371700 0.4322843 0.4411476 0.0827909 0.1021698 0.4181314 0.3466024 0.4456450 0.4189281 0.3893395 0.4008908 0.3888731 0.3902369 0.4187286 0.4095817 0.3717500 0.4126599 0.3971706 0.4087749 0.4258020 0.4065974 0.3948277 0.4007201 0.4025946 0.4152525 0.4022976 0.4032804 0.3949376 0.4017683 0.3991278 0.4004331 0.4033652 0.3996341 0.3882045 0.4032409 0.4024715 0.3924247 0.3988107 0.3996341 0.3968945 0.4045628 0.4005760 0.4033945 0.3989061 0.3788194 0.4014492 0.4014492 0.4101359 0.4101359 0.4146789 0.4146789 0.4158621 0.4075032 0.4075032 0.3767030 0.3767030 0.3976462 0.3985205 0.3985205 0.4026240 0.4026240 0.4049469 
JF749861/KEN/Unknown/2002/SAT2/IV/Unknown          0.1048022 0.4087079 0.0000000 0.6303393 0.4850288 0.6259005 0.5759780 0.5734161 0.5759780 0.5734161 0.5780663 0.5796533 0.1186869 0.1047988 0.6630639 0.6630639 0.6651300 0.6711764 0.6670538 0.6703202 0.0588578 0.7163578 0.6227716 0.6591994 0.0519560 0.1035556 0.0896375 0.0845646 0.0945162 0.1006587 0.1036247 0.1094752 0.0783576 0.6304573 0.6345801 0.4121924 0.3718299 0.5284615 0.0977896 0.1144607 0.5161427 0.0762217 0.0541520 0.0582059 0.0648746 0.0670894 0.0497465 0.0465791 0.0524935 0.0473319 0.0575228 0.0596337 0.0474851 0.0595624 0.0651322 0.0586488 0.0676478 0.0515046 0.0502534 0.0535866 0.0673562 0.0620112 0.0503959 0.0537311 0.0463560 0.0515030 0.0529561 0.0496300 0.0514978 0.0482472 0.0483293 0.0463591 0.0483479 0.0462796 0.0552928 0.0555104 0.0526427 0.0476216 0.0476216 0.0540797 0.0540797 0.0490489 0.0490489 0.0500469 0.0642131 0.0642131 0.0602728 0.0602728 0.0554784 0.0512651 0.0512651 0.0501929 0.0501929 0.0511788 
KC440884/EGY/Unknown/2012/SAT2/VII/Unknown         0.5858387 0.4420836 0.6303393 0.0000000 0.2832413 0.3386218 0.0867030 0.0867663 0.0867030 0.0867663 0.0889771 0.0880394 0.6484250 0.6327452 0.1362460 0.1362460 0.1379283 0.1376166 0.1379283 0.1338371 0.5788925 0.1854375 0.0030844 0.1203320 0.6175546 0.6505637 0.6680626 0.6115097 0.6151591 0.6425184 0.6203932 0.6261620 0.5846212 0.0046512 0.0046512 0.4434165 0.4389329 0.2580970 0.6158731 0.6884793 0.2450113 0.5995172 0.6266762 0.6327498 0.6655257 0.6353941 0.6436390 0.5683002 0.6310554 0.6334268 0.5959909 0.6338372 0.6367991 0.6568521 0.6465132 0.6472279 0.6349312 0.6502739 0.6374284 0.5957791 0.6644319 0.6475166 0.6242373 0.6126841 0.6308223 0.6316321 0.5983147 0.6393867 0.6316225 0.5788564 0.6254386 0.6179422 0.6287111 0.6320009 0.5681417 0.5818729 0.6208324 0.6366189 0.6366189 0.6059011 0.6059011 0.6440830 0.6440830 0.6453530 0.6531098 0.6531098 0.6247222 0.6247222 0.6362746 0.6376139 0.6376139 0.6365894 0.6365894 0.6392033 
OQ557397/ETH/cow/2022/SAT2/XIV/Unknown             0.5035414 0.3268687 0.4850288 0.2832413 0.0000000 0.1776503 0.2581456 0.2590642 0.2581456 0.2590642 0.2597091 0.2556294 0.5441542 0.5815624 0.2758958 0.2758958 0.2770536 0.2794979 0.2784810 0.2772247 0.4571034 0.2980421 0.2832716 0.2783820 0.4584625 0.5773438 0.5112773 0.5232176 0.4897837 0.5078672 0.4989004 0.5332509 0.5005522 0.2808643 0.2825507 0.3631169 0.3342657 0.1921368 0.5148495 0.5411402 0.1926955 0.4853464 0.5376390 0.5192318 0.5419824 0.5614732 0.5179413 0.4728532 0.5082608 0.5074486 0.4991055 0.5278789 0.5220144 0.5076362 0.5065096 0.5042681 0.5063637 0.5067475 0.4986629 0.4841416 0.5247114 0.5204094 0.5110480 0.5222437 0.5101516 0.4915859 0.4980608 0.5108999 0.5004777 0.4724680 0.5101516 0.4824765 0.5155571 0.5039800 0.4729757 0.4845510 0.4672169 0.5148462 0.5148462 0.5046058 0.5046058 0.5181464 0.5181464 0.5208205 0.5025225 0.5025225 0.4824090 0.4824090 0.5179126 0.5013741 0.5013741 0.4953197 0.4953197 0.4978307 
OQ557396/ETH/cattle/1991/SAT2/XIV/Unknown          0.5468062 0.3348420 0.6259005 0.3386218 0.1776503 0.0000000 0.3170289 0.3180225 0.3170289 0.3180225 0.3186685 0.3143073 0.5764406 0.5819120 0.3497802 0.3497802 0.3511433 0.3462662 0.3469833 0.3411746 0.5488632 0.3369990 0.3386542 0.3402815 0.5651788 0.6413710 0.6221619 0.6292598 0.5104084 0.5394765 0.5100231 0.5974063 0.6169250 0.3456531 0.3433907 0.3664218 0.3297069 0.2372045 0.5986521 0.6705082 0.2460036 0.6039708 0.6500190 0.6230084 0.6438805 0.6701284 0.6370250 0.5775373 0.6223997 0.6168686 0.5978467 0.6430459 0.6189782 0.5780313 0.5750049 0.5815489 0.6132341 0.6146393 0.6051272 0.5905401 0.6068738 0.6350999 0.6208161 0.6256595 0.6141420 0.5847672 0.6007037 0.6229838 0.6229150 0.5638841 0.6141420 0.6093098 0.6199572 0.6130758 0.5815347 0.5844147 0.5949016 0.6166105 0.6166105 0.6086662 0.6086662 0.6243464 0.6243464 0.6256744 0.5929283 0.5929283 0.6045433 0.6045433 0.6117111 0.6075678 0.6075678 0.6009592 0.6009592 0.6036574 
OQ401874/NER/cattle/2020/SAT2/VII/Unknown          0.5848959 0.4194311 0.5759780 0.0867030 0.2581456 0.3170289 0.0000000 0.0007630 0.0000010 0.0007630 0.0015282 0.0007638 0.6123634 0.5927148 0.1295769 0.1295769 0.1312232 0.1250401 0.1312232 0.1247765 0.5152816 0.1928087 0.0894033 0.1166812 0.5626468 0.5989454 0.6318471 0.5859041 0.5812964 0.6047005 0.5664765 0.6226575 0.5372503 0.0865152 0.0888179 0.4455702 0.4036770 0.2461169 0.5979142 0.6307106 0.2214624 0.5548736 0.5886178 0.5801815 0.6106062 0.6127962 0.5736758 0.5259768 0.5960205 0.5878149 0.5621092 0.5987522 0.5911490 0.6004055 0.5986081 0.5984868 0.5637260 0.5938612 0.5818742 0.5461628 0.6101770 0.5657006 0.5841062 0.5929629 0.5852548 0.5829711 0.5491568 0.5933501 0.5807739 0.5466946 0.5852548 0.5679937 0.5831686 0.5916669 0.5347834 0.5517096 0.5810466 0.5901054 0.5901054 0.5565847 0.5565847 0.5908731 0.5908731 0.5921261 0.6041908 0.6041908 0.5953433 0.5953433 0.5798973 0.5820599 0.5820599 0.5863960 0.5863960 0.5889607 
OQ401873/NER/cattle/2020/SAT2/VII/Unknown          0.5822638 0.4206341 0.5734161 0.0867663 0.2590642 0.3180225 0.0007630 0.0000000 0.0007630 0.0000010 0.0022975 0.0015310 0.6096923 0.5901458 0.1301095 0.1301095 0.1317612 0.1255585 0.1317612 0.1252932 0.5127523 0.1935691 0.0894689 0.1171723 0.5600836 0.5963151 0.6291538 0.5833295 0.5786765 0.6020634 0.5638671 0.6200003 0.5347704 0.0865782 0.0888827 0.4467845 0.4048462 0.2479133 0.5953379 0.6280314 0.2232237 0.5523422 0.5860324 0.5775840 0.6080131 0.6102152 0.5710977 0.5234836 0.5934584 0.5852548 0.5595937 0.5961904 0.5885901 0.5978137 0.5960148 0.5958910 0.5611763 0.5912658 0.5793070 0.5436554 0.6075921 0.5631733 0.5815474 0.5904150 0.5826943 0.5803825 0.5466280 0.5907722 0.5782138 0.5441938 0.5826943 0.5654370 0.5806072 0.5891051 0.5322965 0.5491836 0.5784760 0.5875416 0.5875416 0.5540555 0.5540555 0.5883351 0.5883351 0.5895897 0.6015925 0.6015925 0.5927616 0.5927616 0.5773379 0.5794924 0.5794924 0.5838309 0.5838309 0.5863960 
OQ401872/NER/cattle/2020/SAT2/VII/Unknown          0.5848959 0.4194311 0.5759780 0.0867030 0.2581456 0.3170289 0.0000010 0.0007630 0.0000000 0.0007630 0.0015282 0.0007638 0.6123634 0.5927148 0.1295769 0.1295769 0.1312232 0.1250401 0.1312232 0.1247765 0.5152816 0.1928087 0.0894033 0.1166812 0.5626468 0.5989454 0.6318471 0.5859041 0.5812964 0.6047005 0.5664765 0.6226575 0.5372503 0.0865152 0.0888179 0.4455702 0.4036770 0.2461169 0.5979142 0.6307106 0.2214624 0.5548736 0.5886178 0.5801815 0.6106062 0.6127962 0.5736758 0.5259768 0.5960205 0.5878149 0.5621092 0.5987522 0.5911490 0.6004055 0.5986081 0.5984868 0.5637260 0.5938612 0.5818742 0.5461628 0.6101770 0.5657006 0.5841062 0.5929629 0.5852548 0.5829711 0.5491568 0.5933501 0.5807739 0.5466946 0.5852548 0.5679937 0.5831686 0.5916669 0.5347834 0.5517096 0.5810466 0.5901054 0.5901054 0.5565847 0.5565847 0.5908731 0.5908731 0.5921261 0.6041908 0.6041908 0.5953433 0.5953433 0.5798973 0.5820599 0.5820599 0.5863960 0.5863960 0.5889607 
OQ401871/NER/cattle/2020/SAT2/VII/Unknown          0.5822638 0.4206341 0.5734161 0.0867663 0.2590642 0.3180225 0.0007630 0.0000010 0.0007630 0.0000000 0.0022975 0.0015310 0.6096923 0.5901458 0.1301095 0.1301095 0.1317612 0.1255585 0.1317612 0.1252932 0.5127523 0.1935691 0.0894689 0.1171723 0.5600836 0.5963151 0.6291538 0.5833295 0.5786765 0.6020634 0.5638671 0.6200003 0.5347704 0.0865782 0.0888827 0.4467845 0.4048462 0.2479133 0.5953379 0.6280314 0.2232237 0.5523422 0.5860324 0.5775840 0.6080131 0.6102152 0.5710977 0.5234836 0.5934584 0.5852548 0.5595937 0.5961904 0.5885901 0.5978137 0.5960148 0.5958910 0.5611763 0.5912658 0.5793070 0.5436554 0.6075921 0.5631733 0.5815474 0.5904150 0.5826943 0.5803825 0.5466280 0.5907722 0.5782138 0.5441938 0.5826943 0.5654370 0.5806072 0.5891051 0.5322965 0.5491836 0.5784760 0.5875416 0.5875416 0.5540555 0.5540555 0.5883351 0.5883351 0.5895897 0.6015925 0.6015925 0.5927616 0.5927616 0.5773379 0.5794924 0.5794924 0.5838309 0.5838309 0.5863960 
OQ401869/NER/cattle/2020/SAT2/VII/Unknown          0.5870390 0.4157188 0.5780663 0.0889771 0.2597091 0.3186685 0.0015282 0.0022975 0.0015282 0.0022975 0.0000000 0.0023000 0.6145313 0.5894982 0.1295269 0.1295269 0.1311726 0.1249915 0.1311726 0.1273499 0.5173593 0.1959823 0.0916989 0.1192123 0.5647396 0.6010835 0.6340281 0.5872051 0.5834303 0.6068428 0.5686058 0.6248117 0.5384955 0.0887837 0.0910964 0.4467530 0.4047955 0.2469586 0.5992179 0.6360667 0.2223057 0.5561477 0.5907223 0.5822979 0.6127113 0.6148911 0.5757780 0.5280222 0.5973168 0.5891090 0.5633778 0.6000487 0.5924429 0.6025122 0.6007164 0.6005971 0.5650109 0.5951741 0.5831711 0.5474245 0.6122757 0.5677627 0.5853991 0.5942515 0.5865487 0.5842789 0.5512249 0.5946540 0.5820670 0.5487406 0.5865487 0.5700798 0.5844627 0.5929624 0.5368212 0.5537749 0.5831409 0.5914018 0.5914018 0.5586513 0.5586513 0.5921561 0.5921561 0.5934100 0.6063018 0.6063018 0.5974431 0.5974431 0.5811899 0.5833570 0.5833570 0.5876924 0.5876924 0.5902574 
OQ401868/NER/cattle/2020/SAT2/VII/Unknown          0.5886788 0.4185597 0.5796533 0.0880394 0.2556294 0.3143073 0.0007638 0.0015310 0.0007638 0.0015310 0.0023000 0.0000000 0.6084743 0.5964137 0.1294694 0.1294694 0.1311129 0.1249399 0.1311129 0.1246769 0.5188712 0.1949314 0.0907584 0.1161981 0.5663141 0.6027377 0.6357615 0.5896057 0.5850586 0.6085077 0.5702123 0.6265107 0.5407826 0.0878478 0.0901616 0.4446500 0.4028553 0.2437448 0.6016281 0.6346036 0.2191600 0.5584900 0.5923373 0.5839114 0.6143555 0.6165304 0.5773728 0.5295213 0.5997124 0.5914972 0.5657093 0.6024460 0.5948321 0.6041439 0.6023472 0.6022293 0.5673749 0.5975992 0.5855621 0.5497397 0.6139142 0.5693176 0.5877835 0.5966321 0.5889355 0.5866902 0.5527658 0.5970623 0.5844504 0.5502621 0.5889355 0.5716556 0.5868489 0.5953547 0.5383240 0.5553162 0.5847386 0.5937950 0.5937950 0.5601993 0.5601993 0.5945249 0.5945249 0.5957782 0.6079419 0.6079419 0.5990629 0.5990629 0.5835723 0.5857482 0.5857482 0.5900842 0.5900842 0.5926507 
MW355673/ZWE/cattle/1989/SAT2/II/Unknown           0.0815017 0.4334376 0.1186869 0.6484250 0.5441542 0.5764406 0.6123634 0.6096923 0.6123634 0.6096923 0.6145313 0.6084743 0.0000000 0.1210926 0.6649563 0.6649563 0.6670418 0.6731444 0.6689839 0.6800511 0.1151700 0.7180881 0.6484537 0.6751248 0.1234959 0.1226711 0.1133506 0.1396560 0.0636854 0.0659958 0.0718496 0.0801435 0.1411423 0.6485198 0.6527041 0.4239365 0.4390018 0.5026070 0.0903558 0.1087735 0.5117478 0.1227495 0.1238933 0.1182175 0.1286560 0.1346128 0.1159345 0.1045674 0.1188344 0.1142345 0.1253404 0.1235215 0.1115184 0.1151818 0.1182977 0.1165670 0.1190426 0.1154251 0.1150556 0.1069507 0.1275989 0.1048461 0.1158509 0.1156483 0.1129211 0.1143874 0.1197297 0.1179982 0.1175055 0.0987404 0.1129211 0.1160170 0.1183345 0.1114001 0.1036517 0.1161432 0.1196925 0.1146323 0.1146323 0.1213977 0.1213977 0.1172487 0.1172487 0.1186330 0.1214426 0.1214426 0.1279691 0.1279691 0.1212685 0.1137471 0.1137471 0.1157094 0.1157094 0.1170297 
MW355671/MOZ/Unknown/1970/SAT2/I/Unknown           0.1129603 0.3892018 0.1047988 0.6327452 0.5815624 0.5819120 0.5927148 0.5901458 0.5927148 0.5901458 0.5894982 0.5964137 0.1210926 0.0000000 0.6251748 0.6251748 0.6271766 0.6338237 0.6290328 0.6591570 0.0911854 0.7010126 0.6381163 0.6205158 0.1012249 0.0735807 0.1094631 0.1312489 0.1037770 0.1048262 0.1112006 0.1084718 0.1165479 0.6328589 0.6316049 0.4258357 0.4009256 0.5178580 0.0740616 0.1085998 0.5162712 0.1180621 0.1070482 0.1088028 0.1133507 0.1235644 0.1026949 0.1021758 0.1030748 0.1013325 0.1091807 0.1121146 0.1043216 0.0905362 0.0972333 0.0981908 0.0955961 0.1046355 0.1051909 0.0893345 0.1087795 0.1025003 0.1028371 0.1008778 0.1000863 0.1001380 0.0969364 0.1047800 0.1013436 0.0898708 0.1000863 0.0954449 0.1026646 0.0998684 0.0951167 0.0980147 0.1146637 0.1016634 0.1016634 0.1009905 0.1009905 0.0999132 0.0999132 0.0986703 0.1011755 0.1011755 0.1173080 0.1173080 0.1106481 0.1039460 0.1039460 0.1050136 0.1050136 0.1037180 
MW715629/NER/cow/2017/SAT2/VII/Unknown             0.6656712 0.4636385 0.6630639 0.1362460 0.2758958 0.3497802 0.1295769 0.1301095 0.1295769 0.1301095 0.1295269 0.1294694 0.6649563 0.6251748 0.0000000 0.0000010 0.0007617 0.0038457 0.0007617 0.0560355 0.6212554 0.2310303 0.1396206 0.0310627 0.6230028 0.6494064 0.6963841 0.6496750 0.6465093 0.6426983 0.6264741 0.7016612 0.6007112 0.1359163 0.1386007 0.4736883 0.4782351 0.2797732 0.6403371 0.6836451 0.2637930 0.5824815 0.6753431 0.6548410 0.6803976 0.6739001 0.6624421 0.6071983 0.6648780 0.6640710 0.6620539 0.6812711 0.6675441 0.6706508 0.6736176 0.6720004 0.6581508 0.6756498 0.6677740 0.6356048 0.6767112 0.6643340 0.6680248 0.6691742 0.6613739 0.6842163 0.6551709 0.6760745 0.6621830 0.6125991 0.6613739 0.6437274 0.6615547 0.6602761 0.6239781 0.6435025 0.6309360 0.6666137 0.6666137 0.6622908 0.6622908 0.6866972 0.6866972 0.6872167 0.6780427 0.6780427 0.6373121 0.6373121 0.6636872 0.6651282 0.6651282 0.6558395 0.6558395 0.6585122 
MW715628/NER/cow/2017/SAT2/VII/Unknown             0.6656712 0.4636385 0.6630639 0.1362460 0.2758958 0.3497802 0.1295769 0.1301095 0.1295769 0.1301095 0.1295269 0.1294694 0.6649563 0.6251748 0.0000010 0.0000000 0.0007617 0.0038457 0.0007617 0.0560355 0.6212554 0.2310303 0.1396206 0.0310627 0.6230028 0.6494064 0.6963841 0.6496750 0.6465093 0.6426983 0.6264741 0.7016612 0.6007112 0.1359163 0.1386007 0.4736883 0.4782351 0.2797732 0.6403371 0.6836451 0.2637930 0.5824815 0.6753431 0.6548410 0.6803976 0.6739001 0.6624421 0.6071983 0.6648780 0.6640710 0.6620539 0.6812711 0.6675441 0.6706508 0.6736176 0.6720004 0.6581508 0.6756498 0.6677740 0.6356048 0.6767112 0.6643340 0.6680248 0.6691742 0.6613739 0.6842163 0.6551709 0.6760745 0.6621830 0.6125991 0.6613739 0.6437274 0.6615547 0.6602761 0.6239781 0.6435025 0.6309360 0.6666137 0.6666137 0.6622908 0.6622908 0.6866972 0.6866972 0.6872167 0.6780427 0.6780427 0.6373121 0.6373121 0.6636872 0.6651282 0.6651282 0.6558395 0.6558395 0.6585122 
MW715626/NER/cow/2017/SAT2/VII/Unknown             0.6677506 0.4653455 0.6651300 0.1379283 0.2770536 0.3511433 0.1312232 0.1317612 0.1312232 0.1317612 0.1311726 0.1311129 0.6670418 0.6271766 0.0007617 0.0007617 0.0000000 0.0046307 0.0015287 0.0571577 0.6232756 0.2333721 0.1413227 0.0320195 0.6250273 0.6514954 0.6985286 0.6516998 0.6485523 0.6447463 0.6284955 0.7037753 0.6026932 0.1375941 0.1402888 0.4746608 0.4791716 0.2802365 0.6423739 0.6857970 0.2642209 0.5844569 0.6774239 0.6569145 0.6824885 0.6759810 0.6645136 0.6091876 0.6669386 0.6661330 0.6640850 0.6833394 0.6696055 0.6727149 0.6756855 0.6740693 0.6601966 0.6777194 0.6698197 0.6376126 0.6787905 0.6663669 0.6700901 0.6712295 0.6634354 0.6863075 0.6572092 0.6781534 0.6642432 0.6145946 0.6634354 0.6457823 0.6636162 0.6623352 0.6259661 0.6455336 0.6329858 0.6686797 0.6686797 0.6643333 0.6643333 0.6887477 0.6887477 0.6892678 0.6801160 0.6801160 0.6393770 0.6393770 0.6657266 0.6671723 0.6671723 0.6578806 0.6578806 0.6605540 
MW715624/NER/cow/2017/SAT2/VII/Unknown             0.6682092 0.4546375 0.6711764 0.1376166 0.2794979 0.3462662 0.1250401 0.1255585 0.1250401 0.1255585 0.1249915 0.1249399 0.6731444 0.6338237 0.0038457 0.0038457 0.0046307 0.0000000 0.0046307 0.0570591 0.6299849 0.2272357 0.1410021 0.0337886 0.6372684 0.6576019 0.7048161 0.6521254 0.6545253 0.6507335 0.6344011 0.7099763 0.6092854 0.1372837 0.1399724 0.4643414 0.4692846 0.2816741 0.6483265 0.6862968 0.2620135 0.5847910 0.6778959 0.6629798 0.6886132 0.6820741 0.6713826 0.6149981 0.6793436 0.6785470 0.6708204 0.6957729 0.6820113 0.6795580 0.6881244 0.6865165 0.6614394 0.6901663 0.6821329 0.6434811 0.6912946 0.6676069 0.6825181 0.6835982 0.6758494 0.6932397 0.6639696 0.6906568 0.6766476 0.6204228 0.6758494 0.6581788 0.6760305 0.6747367 0.6263518 0.6522727 0.6445532 0.6811155 0.6811155 0.6711062 0.6711062 0.6947565 0.6947565 0.6960670 0.6925833 0.6925833 0.6510279 0.6510279 0.6780061 0.6794850 0.6794850 0.6701785 0.6701785 0.6728524 
MW715623/NER/cow/2017/SAT2/VII/Unknown             0.6696876 0.4669870 0.6670538 0.1379283 0.2784810 0.3469833 0.1312232 0.1317612 0.1312232 0.1317612 0.1311726 0.1311129 0.6689839 0.6290328 0.0007617 0.0007617 0.0015287 0.0046307 0.0000000 0.0571577 0.6251484 0.2333721 0.1413227 0.0320195 0.6269038 0.6534357 0.7005371 0.6535817 0.6504502 0.6466483 0.6303699 0.7057576 0.5969294 0.1375941 0.1402888 0.4771653 0.4815663 0.2823094 0.6442642 0.6878074 0.2662901 0.5862881 0.6793651 0.6588430 0.6844409 0.6779219 0.6664422 0.6110310 0.6688578 0.6680528 0.6659759 0.6852710 0.6715261 0.6746389 0.6776140 0.6759983 0.6621002 0.6796502 0.6717259 0.6394759 0.6807308 0.6682601 0.6720139 0.6731450 0.6653543 0.6882617 0.6591049 0.6800934 0.6661611 0.6164430 0.6653543 0.6476910 0.6655353 0.6642518 0.6278094 0.6474201 0.6348863 0.6706045 0.6706045 0.6662348 0.6662348 0.6906646 0.6906646 0.6911854 0.6820511 0.6820511 0.6412937 0.6412937 0.6676256 0.6690779 0.6690779 0.6597787 0.6597787 0.6624531 
MW715622/NER/cow/2018/SAT2/VII/Unknown             0.6936710 0.4422120 0.6703202 0.1338371 0.2772247 0.3411746 0.1247765 0.1252932 0.1247765 0.1252932 0.1273499 0.1246769 0.6800511 0.6591570 0.0560355 0.0560355 0.0571577 0.0570591 0.0571577 0.0000000 0.6500701 0.2437029 0.1371693 0.0368293 0.6495668 0.6627149 0.7429483 0.6621508 0.6467550 0.6869689 0.6510443 0.7420948 0.6259394 0.1368236 0.1395024 0.4616458 0.4507932 0.2556873 0.6782793 0.7262801 0.2442648 0.6263648 0.6946032 0.6868221 0.7186075 0.7175571 0.6984748 0.6183529 0.6874161 0.6866173 0.6754844 0.7153051 0.6901123 0.6977979 0.6991868 0.6967650 0.6780699 0.6927358 0.6845866 0.6299145 0.7129706 0.6659316 0.6906395 0.6916931 0.6838915 0.7129575 0.6606493 0.6989132 0.6846925 0.6379039 0.6838915 0.6604016 0.6897089 0.6827587 0.6328475 0.6488581 0.6736056 0.6892271 0.6892271 0.6678441 0.6678441 0.6829646 0.6829646 0.6842892 0.7029108 0.7029108 0.6868411 0.6868411 0.6859837 0.6767863 0.6767863 0.6645496 0.6645496 0.6672480 
MT602092/KEN/cattle/2017/SAT2/IV/Unknown           0.1001010 0.3629579 0.0588578 0.5788925 0.4571034 0.5488632 0.5152816 0.5127523 0.5152816 0.5127523 0.5173593 0.5188712 0.1151700 0.0911854 0.6212554 0.6212554 0.6232756 0.6299849 0.6251484 0.6500701 0.0000000 0.6488556 0.5789245 0.6237888 0.0659875 0.0956008 0.0888067 0.0903011 0.0816865 0.0938461 0.0984605 0.1101356 0.0823569 0.5790630 0.5778104 0.3765826 0.3740310 0.4735123 0.0761758 0.1038726 0.4597029 0.0750995 0.0698845 0.0645362 0.0712881 0.0778315 0.0564800 0.0524481 0.0691320 0.0634802 0.0659216 0.0746299 0.0658592 0.0617560 0.0706085 0.0704547 0.0652703 0.0626051 0.0633347 0.0582384 0.0697256 0.0689499 0.0668294 0.0680840 0.0624256 0.0645943 0.0630525 0.0660908 0.0634863 0.0556059 0.0645628 0.0628615 0.0645880 0.0623123 0.0618607 0.0582227 0.0733498 0.0636452 0.0636452 0.0664486 0.0664486 0.0659006 0.0659006 0.0648346 0.0742166 0.0742166 0.0796611 0.0796611 0.0714459 0.0622888 0.0622888 0.0632504 0.0632504 0.0621761 
MT602090/ETH/cattle/2015/SAT2/VII/Unknown          0.6914255 0.4845473 0.7163578 0.1854375 0.2980421 0.3369990 0.1928087 0.1935691 0.1928087 0.1935691 0.1959823 0.1949314 0.7180881 0.7010126 0.2310303 0.2310303 0.2333721 0.2272357 0.2333721 0.2437029 0.6488556 0.0000000 0.1854599 0.2230433 0.7182117 0.7208711 0.7400883 0.7262523 0.6775731 0.7015414 0.7080967 0.7145482 0.7057415 0.1872960 0.1882132 0.5125742 0.4806095 0.3153293 0.7011698 0.7310753 0.3188154 0.6917313 0.7128936 0.7268878 0.7509851 0.7497936 0.7193059 0.6641540 0.7192838 0.7159580 0.6564704 0.7165138 0.7220272 0.7344224 0.7350724 0.7326134 0.6800882 0.7095506 0.6924382 0.6527968 0.7227417 0.7174539 0.7118227 0.7071026 0.7131919 0.7178615 0.6639002 0.7228945 0.7139810 0.6494568 0.7131919 0.6920265 0.7133783 0.7145376 0.6575027 0.6595077 0.7193522 0.7166519 0.7166519 0.6663639 0.6663639 0.7280251 0.7280251 0.7293838 0.7423686 0.7423686 0.7182192 0.7182192 0.6968441 0.6954304 0.6954304 0.6943015 0.6943015 0.6970774 
MT602089/EGY/cattle/2018/SAT2/VII/Unknown          0.5858705 0.4421200 0.6227716 0.0030844 0.2832716 0.3386542 0.0894033 0.0894689 0.0894033 0.0894689 0.0916989 0.0907584 0.6484537 0.6381163 0.1396206 0.1396206 0.1413227 0.1410021 0.1413227 0.1371693 0.5789245 0.1854599 0.0000000 0.1235338 0.6175849 0.6505924 0.6601266 0.6040518 0.6151893 0.6425472 0.6204230 0.6316506 0.5846524 0.0062446 0.0062446 0.4502986 0.4389683 0.2533179 0.6159033 0.6885063 0.2402985 0.5974184 0.6267061 0.6327794 0.6655532 0.6354234 0.6436677 0.5610540 0.6234943 0.6258714 0.5886369 0.6262716 0.6292423 0.6568803 0.6465421 0.6472568 0.6273968 0.6425712 0.6298309 0.5884560 0.6644595 0.6399999 0.6167026 0.6052180 0.6232709 0.6240009 0.5909115 0.6317684 0.6240740 0.5788881 0.6178956 0.6104183 0.6211611 0.6244405 0.5681739 0.5745047 0.6208625 0.6290487 0.6290487 0.5984823 0.5984823 0.6365713 0.6365713 0.6378398 0.6531383 0.6531383 0.6247522 0.6247522 0.6287000 0.6300177 0.6300177 0.6290003 0.6290003 0.6316099 
MN103523/NER/cow/2014/SAT2/VII/Unknown             0.6789988 0.4232691 0.6591994 0.1203320 0.2783820 0.3402815 0.1166812 0.1171723 0.1166812 0.1171723 0.1192123 0.1161981 0.6751248 0.6205158 0.0310627 0.0310627 0.0320195 0.0337886 0.0320195 0.0368293 0.6237888 0.2230433 0.1235338 0.0000000 0.6222757 0.6556066 0.6990959 0.6450539 0.6493776 0.6590270 0.6425923 0.7071405 0.6116346 0.1200448 0.1226429 0.4533696 0.4501471 0.2629946 0.6624168 0.6825421 0.2503070 0.5921114 0.6847409 0.6641814 0.6898470 0.6776680 0.6702063 0.5972250 0.6649828 0.6697511 0.6644806 0.6925314 0.6732204 0.6751844 0.6781647 0.6765469 0.6582520 0.6813433 0.6734068 0.6217397 0.6981382 0.6550383 0.6737112 0.6748331 0.6670541 0.6843313 0.6434666 0.6761854 0.6622864 0.6165207 0.6670541 0.6374892 0.6616579 0.6659507 0.6224684 0.6318281 0.6401401 0.6723034 0.6723034 0.6505687 0.6505687 0.6773374 0.6773374 0.6786469 0.6826094 0.6826094 0.6465938 0.6465938 0.6740253 0.6735851 0.6735851 0.6669913 0.6669913 0.6696629 
MN116692/KEN/cow/2014/SAT2/IV/Unknown              0.1077584 0.3872901 0.0519560 0.6175546 0.4584625 0.5651788 0.5626468 0.5600836 0.5626468 0.5600836 0.5647396 0.5663141 0.1234959 0.1012249 0.6230028 0.6230028 0.6250273 0.6372684 0.6269038 0.6495668 0.0659875 0.7182117 0.6175849 0.6222757 0.0000000 0.0967333 0.0981141 0.1027378 0.0923411 0.0981437 0.1029401 0.1038526 0.0852522 0.6176885 0.6218096 0.3897404 0.3789325 0.4840704 0.0866831 0.1048278 0.4856742 0.0697536 0.0553494 0.0465677 0.0548983 0.0551701 0.0563409 0.0587241 0.0529949 0.0497731 0.0603045 0.0592117 0.0519623 0.0379780 0.0390702 0.0371167 0.0674382 0.0475083 0.0502459 0.0505868 0.0488919 0.0675023 0.0508712 0.0542498 0.0487794 0.0530360 0.0550006 0.0521312 0.0519873 0.0464889 0.0487794 0.0469039 0.0528332 0.0486973 0.0577239 0.0516528 0.0233129 0.0519136 0.0519136 0.0561382 0.0561382 0.0569277 0.0569277 0.0559110 0.0410336 0.0410336 0.0306857 0.0306857 0.0577126 0.0492676 0.0492676 0.0462422 0.0462422 0.0472142 
MH053335/ZWE/cattle/1965/SAT2/I/Unknown            0.0885905 0.3972799 0.1035556 0.6505637 0.5773438 0.6413710 0.5989454 0.5963151 0.5989454 0.5963151 0.6010835 0.6027377 0.1226711 0.0735807 0.6494064 0.6494064 0.6514954 0.6576019 0.6534357 0.6627149 0.0956008 0.7208711 0.6505924 0.6556066 0.0967333 0.0000000 0.1050893 0.1130911 0.0888846 0.0952782 0.1099473 0.1152740 0.1112584 0.6506556 0.6493756 0.4212246 0.4232215 0.5132050 0.0788857 0.1100592 0.4988193 0.1187642 0.1065914 0.1076645 0.1117073 0.1247033 0.1006759 0.1012790 0.1113983 0.1069903 0.1166695 0.1127298 0.1126718 0.0922873 0.0988842 0.0986366 0.0942395 0.1130179 0.1135205 0.0813829 0.1086353 0.0953160 0.1085348 0.1133426 0.1057219 0.1083610 0.1043239 0.1105543 0.1070021 0.0810494 0.1057219 0.0961402 0.1083490 0.1054879 0.0897072 0.1015860 0.0955469 0.1073479 0.1073479 0.1085164 0.1085164 0.1028584 0.1028584 0.1041752 0.1018110 0.1018110 0.0991408 0.0991408 0.1169286 0.1122369 0.1122369 0.1106931 0.1106931 0.1093605 
MH053334/ZMB/cattle/1964/SAT2/III/Unknown          0.0998840 0.4012314 0.0896375 0.6680626 0.5112773 0.6221619 0.6318471 0.6291538 0.6318471 0.6291538 0.6340281 0.6357615 0.1133506 0.1094631 0.6963841 0.6963841 0.6985286 0.7048161 0.7005371 0.7429483 0.0888067 0.7400883 0.6601266 0.6990959 0.0981141 0.1050893 0.0000000 0.1172455 0.0874745 0.0954185 0.1103209 0.0967266 0.1138843 0.6681298 0.6668275 0.4079197 0.3780261 0.5133975 0.0697015 0.0771917 0.4894224 0.0985764 0.1084032 0.1057709 0.1170795 0.1196342 0.1019487 0.0846671 0.0997403 0.0954213 0.0993361 0.1014370 0.0966049 0.0869870 0.0919108 0.0903833 0.0982568 0.0941318 0.0933246 0.0913549 0.0875074 0.0971620 0.0995066 0.0980059 0.0941633 0.0950596 0.0913324 0.0988462 0.0984656 0.0886404 0.0967228 0.0906965 0.0942027 0.0914179 0.0890745 0.0886558 0.0880390 0.0971939 0.0971939 0.0928416 0.0928416 0.0906946 0.0906946 0.0919684 0.0935547 0.0935547 0.0952948 0.0952948 0.0997386 0.0935223 0.0935223 0.0946146 0.0946146 0.0958770 
MH053333/ETH/cattle/1989/SAT2/IV/Unknown           0.1196365 0.4222235 0.0845646 0.6115097 0.5232176 0.6292598 0.5859041 0.5833295 0.5859041 0.5833295 0.5872051 0.5896057 0.1396560 0.1312489 0.6496750 0.6496750 0.6516998 0.6521254 0.6535817 0.6621508 0.0903011 0.7262523 0.6040518 0.6450539 0.1027378 0.1130911 0.1172455 0.0000000 0.1218406 0.1274611 0.1250746 0.1393026 0.1081353 0.6191532 0.6232377 0.4353795 0.3951317 0.5088780 0.1098917 0.1283249 0.4804188 0.1023656 0.0883092 0.1070223 0.1019204 0.1170611 0.0924180 0.0798522 0.0988574 0.0924961 0.0967717 0.0976779 0.0928650 0.0915396 0.0998901 0.0983889 0.0882638 0.0913353 0.0919408 0.0780511 0.1046685 0.0904624 0.0962550 0.0944675 0.0913353 0.0913804 0.0976113 0.0956264 0.0948716 0.0834882 0.0936958 0.0874492 0.0890211 0.0935049 0.0825789 0.0922376 0.1065803 0.0931031 0.0931031 0.0990575 0.0990575 0.0954179 0.0954179 0.0966314 0.1002270 0.1002270 0.1154241 0.1154241 0.1008589 0.0907987 0.0907987 0.0894695 0.0894695 0.0882912 
MH053332/BWA/african-buffalo/1974/SAT2/II/Unknown  0.0473126 0.3977987 0.0945162 0.6151591 0.4897837 0.5104084 0.5812964 0.5786765 0.5812964 0.5786765 0.5834303 0.5850586 0.0636854 0.1037770 0.6465093 0.6465093 0.6485523 0.6545253 0.6504502 0.6467550 0.0816865 0.6775731 0.6151893 0.6493776 0.0923411 0.0888846 0.0874745 0.1218406 0.0000000 0.0417276 0.0532657 0.0520535 0.1181643 0.6152950 0.6140307 0.4154414 0.3939935 0.4678321 0.0791854 0.0875244 0.4632585 0.1108063 0.1062615 0.0976773 0.1110305 0.1147045 0.0970441 0.0769604 0.0812826 0.0773286 0.0845947 0.0886870 0.0800475 0.0821649 0.0846728 0.0844671 0.0901775 0.0886212 0.0917794 0.0774032 0.0901088 0.0912645 0.0786950 0.0817503 0.0761523 0.0785819 0.0852632 0.0803686 0.0825132 0.0739785 0.0761523 0.0835445 0.0761840 0.0748524 0.0840573 0.0871048 0.0980325 0.0803235 0.0803235 0.0892163 0.0892163 0.0854550 0.0854550 0.0867066 0.0898226 0.0898226 0.1042889 0.1042889 0.0941012 0.0905591 0.0905591 0.0891404 0.0891404 0.0903645 
MH053331/BWA/african-buffalo/1972/SAT2/II/Unknown  0.0592902 0.4237896 0.1006587 0.6425184 0.5078672 0.5394765 0.6047005 0.6020634 0.6047005 0.6020634 0.6068428 0.6085077 0.0659958 0.1048262 0.6426983 0.6426983 0.6447463 0.6507335 0.6466483 0.6869689 0.0938461 0.7015414 0.6425472 0.6590270 0.0981437 0.0952782 0.0954185 0.1274611 0.0417276 0.0000000 0.0489724 0.0575796 0.1222921 0.6426206 0.6413513 0.4404684 0.4009847 0.4674858 0.0755849 0.0798376 0.4766290 0.1058532 0.1013345 0.1021445 0.1067525 0.1152289 0.0998926 0.0922387 0.0931546 0.0955334 0.0866282 0.0988379 0.0985317 0.0917873 0.0962306 0.0934241 0.1035716 0.0990739 0.0970976 0.0958208 0.0966803 0.0980725 0.0970418 0.0992316 0.0942731 0.0956609 0.0830193 0.0995973 0.1000782 0.0780864 0.0942731 0.0938500 0.0917618 0.0928468 0.0815306 0.0873623 0.1008857 0.0947508 0.0947508 0.0869684 0.0869684 0.1012253 0.1012253 0.1025504 0.0975648 0.0975648 0.1045981 0.1045981 0.1018455 0.0984204 0.0984204 0.0995137 0.0995137 0.1007881 
MH053328/BWA/african-buffalo/1968/SAT2/III/Unknown 0.0668188 0.3998362 0.1036247 0.6203932 0.4989004 0.5100231 0.5664765 0.5638671 0.5664765 0.5638671 0.5686058 0.5702123 0.0718496 0.1112006 0.6264741 0.6264741 0.6284955 0.6344011 0.6303699 0.6510443 0.0984605 0.7080967 0.6204230 0.6425923 0.1029401 0.1099473 0.1103209 0.1250746 0.0532657 0.0489724 0.0000000 0.0620638 0.1250277 0.6205224 0.6192641 0.4120052 0.3952104 0.4727347 0.0978805 0.1023137 0.4739016 0.1060471 0.0988148 0.0986910 0.1115209 0.1167337 0.0929870 0.0932975 0.1028146 0.0984903 0.0950528 0.1054942 0.1010100 0.0988377 0.0998021 0.0956769 0.0944036 0.0969719 0.0975902 0.0872731 0.0970826 0.0979390 0.0999997 0.0998454 0.0972348 0.0998420 0.1016290 0.1036805 0.1015430 0.0936524 0.0972348 0.1030587 0.0972750 0.0958085 0.0956503 0.1034511 0.1055632 0.0988133 0.0988133 0.1031751 0.1031751 0.1051733 0.1051733 0.1065074 0.1038314 0.1038314 0.1160787 0.1160787 0.1003352 0.0963413 0.0963413 0.0974262 0.0974262 0.0961293 
KU821592/ZMB/cow/2009/SAT2/III/Unknown             0.0571044 0.4228281 0.1094752 0.6261620 0.5332509 0.5974063 0.6226575 0.6200003 0.6226575 0.6200003 0.6248117 0.6265107 0.0801435 0.1084718 0.7016612 0.7016612 0.7037753 0.7099763 0.7057576 0.7420948 0.1101356 0.7145482 0.6316506 0.7071405 0.1038526 0.1152740 0.0967266 0.1393026 0.0520535 0.0575796 0.0620638 0.0000000 0.1325176 0.6231495 0.6195485 0.4526871 0.4155136 0.5411515 0.0901850 0.1003785 0.5505727 0.1139081 0.1222195 0.1140985 0.1249202 0.1353250 0.1235685 0.0961118 0.1104303 0.1055187 0.0963470 0.1152291 0.1068268 0.1027149 0.1072299 0.1056090 0.1180049 0.1105584 0.1110760 0.1009824 0.1169922 0.1146495 0.1070541 0.1068818 0.1056027 0.1087558 0.0858245 0.1082049 0.1060315 0.0829650 0.1056027 0.0969995 0.1042975 0.1058687 0.0902249 0.0960523 0.1162844 0.1107471 0.1107471 0.0897753 0.0897753 0.1104189 0.1104189 0.1117504 0.1081877 0.1081877 0.1189742 0.1189742 0.1138846 0.1098063 0.1098063 0.1096486 0.1096486 0.1109284 
KM268900/TZA/cattle/2012/SAT2/IV/Unknown           0.1298649 0.4371700 0.0783576 0.5846212 0.5005522 0.6169250 0.5372503 0.5347704 0.5372503 0.5347704 0.5384955 0.5407826 0.1411423 0.1165479 0.6007112 0.6007112 0.6026932 0.6092854 0.5969294 0.6259394 0.0823569 0.7057415 0.5846524 0.6116346 0.0852522 0.1112584 0.1138843 0.1081353 0.1181643 0.1222921 0.1250277 0.1325176 0.0000000 0.5847840 0.5887594 0.4494621 0.4280614 0.5236030 0.1091511 0.1335758 0.5073614 0.0921285 0.1007588 0.0998387 0.1042859 0.1025130 0.0900902 0.0741199 0.0868394 0.0830520 0.0933776 0.0949897 0.0856634 0.0887593 0.0998857 0.0935764 0.0891314 0.0852169 0.0854912 0.0721638 0.1091881 0.0933149 0.0843654 0.0853563 0.0819313 0.0835052 0.0925112 0.0875065 0.0830604 0.0773275 0.0819313 0.0833732 0.0842404 0.0817712 0.0782712 0.0947892 0.0910570 0.0832899 0.0832899 0.0939228 0.0939228 0.0902189 0.0902189 0.0890792 0.0977930 0.0977930 0.0967666 0.0967666 0.0920473 0.0870350 0.0870350 0.0834330 0.0834330 0.0822742 
JX014256/PSE/cattle/2012/SAT2/VII/Unknown          0.5860045 0.4322843 0.6304573 0.0046512 0.2808643 0.3456531 0.0865152 0.0865782 0.0865152 0.0865782 0.0887837 0.0878478 0.6485198 0.6328589 0.1359163 0.1359163 0.1375941 0.1372837 0.1375941 0.1368236 0.5790630 0.1872960 0.0062446 0.1200448 0.6176885 0.6506556 0.6681298 0.6191532 0.6152950 0.6426206 0.6205224 0.6231495 0.5847840 0.0000000 0.0046446 0.4452909 0.4359622 0.2594224 0.6160082 0.6885131 0.2463284 0.5996692 0.6344465 0.6328657 0.6655949 0.6355059 0.6437396 0.5632452 0.6257889 0.6281644 0.6035446 0.6285676 0.6369083 0.6569347 0.6543543 0.6550730 0.6350426 0.6449087 0.6321366 0.5959331 0.6590623 0.6476104 0.6189889 0.6149869 0.6309394 0.6317494 0.5984677 0.6340805 0.6263648 0.5790255 0.6255625 0.6180752 0.6234522 0.6267349 0.5683181 0.5820413 0.6209625 0.6367285 0.6367285 0.6060462 0.6060462 0.6388511 0.6388511 0.6401200 0.6609672 0.6609672 0.6248481 0.6248481 0.6309988 0.6323230 0.6323230 0.6366993 0.6366993 0.6393097 
JX014255/EGY/Unknown/2012/SAT2/VII/Unknown         0.5847419 0.4411476 0.6345801 0.0046512 0.2825507 0.3433907 0.0888179 0.0888827 0.0888179 0.0888827 0.0910964 0.0901616 0.6527041 0.6316049 0.1386007 0.1386007 0.1402888 0.1399724 0.1402888 0.1395024 0.5778104 0.1882132 0.0062446 0.1226429 0.6218096 0.6493756 0.6668275 0.6232377 0.6140307 0.6413513 0.6192641 0.6195485 0.5887594 0.0046446 0.0000000 0.4424664 0.4427877 0.2658532 0.6147449 0.6872115 0.2526846 0.6037317 0.6385985 0.6315887 0.6643266 0.6342359 0.6424719 0.5724707 0.6352908 0.6376541 0.6075826 0.6380694 0.6410200 0.6556595 0.6530763 0.6592662 0.6337837 0.6545472 0.6416711 0.5999488 0.6632350 0.6463624 0.6284716 0.6244221 0.6350527 0.6359054 0.6025246 0.6436365 0.6358495 0.5830315 0.6296753 0.6168086 0.6329450 0.6362340 0.5723010 0.5807864 0.6250902 0.6408478 0.6408478 0.6101060 0.6101060 0.6429320 0.6429320 0.6442009 0.6651677 0.6651677 0.6235711 0.6235711 0.6405068 0.6418555 0.6418555 0.6408292 0.6408292 0.6434400 
HM067705/UGA/african-buffalo/2007/SAT2/X/Unknown   0.4648472 0.0827909 0.4121924 0.4434165 0.3631169 0.3664218 0.4455702 0.4467845 0.4455702 0.4467845 0.4467530 0.4446500 0.4239365 0.4258357 0.4736883 0.4736883 0.4746608 0.4643414 0.4771653 0.4616458 0.3765826 0.5125742 0.4502986 0.4533696 0.3897404 0.4212246 0.4079197 0.4353795 0.4154414 0.4404684 0.4120052 0.4526871 0.4494621 0.4452909 0.4424664 0.0000000 0.1291192 0.4640586 0.3757603 0.4239093 0.4439728 0.3950554 0.4257868 0.4053658 0.4267129 0.4303176 0.4100079 0.3778625 0.4223662 0.4135596 0.4029976 0.4306001 0.4181392 0.4074416 0.4163293 0.4171542 0.4281665 0.4122811 0.4083956 0.4019251 0.4047920 0.3824807 0.4167807 0.4218392 0.4112703 0.4027621 0.4014838 0.4171423 0.4135957 0.3967170 0.4112703 0.4128141 0.4255836 0.4169231 0.4015297 0.3951285 0.3847307 0.4152386 0.4152386 0.4082845 0.4082845 0.4196282 0.4196282 0.4207939 0.4220111 0.4220111 0.3903045 0.3903045 0.4051190 0.4084377 0.4084377 0.4030283 0.4030283 0.4053175 
HM067704/UGA/african-buffalo/2007/SAT2/X/Unknown   0.4083600 0.1021698 0.3718299 0.4389329 0.3342657 0.3297069 0.4036770 0.4048462 0.4036770 0.4048462 0.4047955 0.4028553 0.4390018 0.4009256 0.4782351 0.4782351 0.4791716 0.4692846 0.4815663 0.4507932 0.3740310 0.4806095 0.4389683 0.4501471 0.3789325 0.4232215 0.3780261 0.3951317 0.3939935 0.4009847 0.3952104 0.4155136 0.4280614 0.4359622 0.4427877 0.1291192 0.0000000 0.3591370 0.3629308 0.4163570 0.3557060 0.3722334 0.3808023 0.3901177 0.4015876 0.4300071 0.3947106 0.3694648 0.3977855 0.3828596 0.3857836 0.4018331 0.3827234 0.3881926 0.3983908 0.3930340 0.3836167 0.3986928 0.3778002 0.3801577 0.3889315 0.4071965 0.3813929 0.3861255 0.3852323 0.3727266 0.3759843 0.3878596 0.3828957 0.3663241 0.3806237 0.3815265 0.3853687 0.3861385 0.3681217 0.3770815 0.3694864 0.3915929 0.3915929 0.3826207 0.3826207 0.4014617 0.4014617 0.4026064 0.4002897 0.4002897 0.3821438 0.3821438 0.3896484 0.3904662 0.3904662 0.3990545 0.3990545 0.4012964 
AY593849/KEN/Unknown/1960/SAT2/IX/Unknown          0.5055343 0.4181314 0.5284615 0.2580970 0.1921368 0.2372045 0.2461169 0.2479133 0.2461169 0.2479133 0.2469586 0.2437448 0.5026070 0.5178580 0.2797732 0.2797732 0.2802365 0.2816741 0.2823094 0.2556873 0.4735123 0.3153293 0.2533179 0.2629946 0.4840704 0.5132050 0.5133975 0.5088780 0.4678321 0.4674858 0.4727347 0.5411515 0.5236030 0.2594224 0.2658532 0.4640586 0.3591370 0.0000000 0.4637633 0.5550732 0.0309270 0.4733398 0.5427120 0.5270447 0.5489745 0.5610088 0.5582758 0.4699379 0.5224479 0.5144853 0.4961908 0.5280812 0.5266638 0.4957985 0.4826358 0.4868930 0.5027006 0.5175210 0.5067971 0.4848356 0.5481620 0.4919002 0.5128629 0.5095439 0.5119759 0.5024685 0.4922247 0.5193764 0.5127790 0.4898532 0.5067930 0.5114976 0.5210812 0.5182093 0.4708134 0.4842537 0.5133509 0.5166197 0.5166197 0.4986882 0.4986882 0.5236102 0.5236102 0.5248486 0.5009452 0.5009452 0.5199088 0.5199088 0.5068061 0.5069494 0.5069494 0.5060825 0.5060825 0.5085660 
AY593848/Unknown/Unknown/1967/SAT2/I/Unknown       0.0900945 0.3466024 0.0977896 0.6158731 0.5148495 0.5986521 0.5979142 0.5953379 0.5979142 0.5953379 0.5992179 0.6016281 0.0903558 0.0740616 0.6403371 0.6403371 0.6423739 0.6483265 0.6442642 0.6782793 0.0761758 0.7011698 0.6159033 0.6624168 0.0866831 0.0788857 0.0697015 0.1098917 0.0791854 0.0755849 0.0978805 0.0901850 0.1091511 0.6160082 0.6147449 0.3757603 0.3629308 0.4637633 0.0000000 0.0827022 0.4689465 0.0849644 0.0937564 0.0995826 0.1045777 0.1047910 0.0944332 0.0725412 0.0879841 0.0867921 0.0880618 0.0944764 0.0867571 0.0829950 0.0856212 0.0865656 0.0867276 0.0897152 0.0879445 0.0748017 0.0870479 0.0855821 0.0881840 0.0892182 0.0856122 0.0832695 0.0745608 0.0890870 0.0868013 0.0713957 0.0856122 0.0811511 0.0904573 0.0854359 0.0681714 0.0771121 0.0898642 0.0846547 0.0846547 0.0782202 0.0782202 0.0850770 0.0850770 0.0862846 0.0907443 0.0907443 0.0920454 0.0920454 0.0930081 0.0867725 0.0867725 0.0902091 0.0902091 0.0913964 
AY593847/ZWE/Unknown/1948/SAT2/III/Unknown         0.1018352 0.4456450 0.1144607 0.6884793 0.5411402 0.6705082 0.6307106 0.6280314 0.6307106 0.6280314 0.6360667 0.6346036 0.1087735 0.1085998 0.6836451 0.6836451 0.6857970 0.6862968 0.6878074 0.7262801 0.1038726 0.7310753 0.6885063 0.6825421 0.1048278 0.1100592 0.0771917 0.1283249 0.0875244 0.0798376 0.1023137 0.1003785 0.1335758 0.6885131 0.6872115 0.4239093 0.4163570 0.5550732 0.0827022 0.0000000 0.5533599 0.0984963 0.1097198 0.1130217 0.1213984 0.1206461 0.1136181 0.0956199 0.1071263 0.1084803 0.1104226 0.1148884 0.1111311 0.0967444 0.1022347 0.1032113 0.1069675 0.1104344 0.1094208 0.1061077 0.1064613 0.0897552 0.1100929 0.1084910 0.1071591 0.1062323 0.1080999 0.1122093 0.1111904 0.1003358 0.1071591 0.1129159 0.1072042 0.1042415 0.0992715 0.1079504 0.1065813 0.1121248 0.1121248 0.1097324 0.1097324 0.1130424 0.1130424 0.1144418 0.1047111 0.1047111 0.1118125 0.1118125 0.1178345 0.1096527 0.1096527 0.1107758 0.1107758 0.1093977 
