98
JF749864/ZWE/Unknown/2003/SAT2/I/Unknown           0.0000000 0.9677132 0.3630321 0.8368925 0.8562932 0.7951467 0.8443674 0.8435642 0.8453226 0.8435642 0.8417280 0.8433659 0.8453226 0.8453226 0.4551399 0.3234646 0.8940755 0.8931735 0.8886705 0.8886705 0.8949096 0.8858572 0.8737797 0.3708739 0.8872088 0.8483425 0.8769873 0.3124033 0.2990991 0.4834454 0.3622214 0.4691548 0.4756010 0.4075290 0.4094294 0.3749756 0.8507078 0.8430766 0.9534812 0.8336292 0.9246727 0.3125960 0.4550401 0.8772667 0.3197189 0.3401200 0.3694580 0.3577682 0.3383851 0.3453132 0.3989072 0.3290212 0.3227204 0.3247416 0.3337307 0.3275167 0.3195981 0.3201422 0.3132375 0.3287334 0.3091304 0.3146862 0.3260307 0.3284890 0.3854098 0.3233742 0.3236183 0.3249516 0.3173971 0.3230348 0.3279602 0.3206252 0.3291213 0.3233742 0.3257366 0.3231379 0.3237897 0.3752325 0.3261582 0.3232151 0.3306364 0.3306364 0.3278756 0.3278756 0.3273415 0.3273415 0.3151954 0.3151954 0.3302262 0.3302262 0.3146810 0.3130532 0.3130532 0.3154993 0.3154993 0.3143267 0.3152493 0.3152493 
JF749862/UGA/Unknown/2002/SAT2/X/Unknown           0.9677132 0.0000000 1.0904343 0.7679049 0.6599547 0.6078770 0.7279397 0.7297513 0.7255171 0.7297513 0.7233715 0.7296087 0.7255171 0.7288321 1.0521840 1.0324255 0.7508364 0.7508364 0.7646816 0.7646816 0.7635896 0.7655867 0.7463087 1.0710233 0.7694916 0.7881542 0.7358372 0.9955710 1.0112393 1.0193886 1.0517043 1.0492328 1.0138721 1.0670281 1.0930274 1.0821559 0.7772403 0.7794950 0.1017773 0.2682695 0.3866064 0.9476523 1.0163941 0.4007148 1.0803293 1.0530838 1.0370021 1.0492247 1.0488916 1.0552054 1.0408532 0.9894328 0.9898830 0.9872498 0.9939662 0.9976078 1.0139013 1.0070265 1.0137392 1.0221713 1.0125942 1.0106702 1.0398307 1.0060059 1.0194090 0.9913372 0.9892687 0.9924425 0.9966347 0.9822511 0.9888973 0.9774555 0.9887864 0.9913372 0.9927823 1.0069130 0.9857437 1.0331553 0.9919723 1.0143694 0.9885976 0.9885976 0.9795675 0.9795675 1.0489714 1.0489714 1.0077217 1.0077217 1.0270793 1.0270793 0.9909095 1.0038648 1.0038648 1.0115214 1.0115214 1.0059364 1.0277388 1.0277388 
JF749861/KEN/Unknown/2002/SAT2/IV/Unknown          0.3630321 1.0904343 0.0000000 0.8601475 0.8103203 0.8448152 0.8725647 0.8679942 0.8698120 0.8679942 0.8808404 0.8715202 0.8698120 0.8698120 0.4016289 0.3424330 0.9483712 0.9483712 0.9427180 0.9427180 0.9512020 0.9459786 0.9287130 0.1379489 0.8993818 0.8594467 0.9238497 0.1299612 0.3916280 0.3962598 0.1923690 0.4245826 0.4271605 0.3605678 0.3540426 0.1488557 0.8648475 0.8631284 1.0476342 0.9392956 1.0556404 0.3640266 0.3367351 1.0340767 0.1472413 0.1511586 0.1448003 0.1524877 0.1515560 0.1479878 0.1657240 0.1365480 0.1349419 0.1355116 0.1451225 0.1381540 0.1324673 0.1307479 0.1254920 0.1400771 0.1285466 0.1348832 0.1388223 0.1314295 0.1659580 0.1365480 0.1380838 0.1374796 0.1384179 0.1392145 0.1403880 0.1369462 0.1358221 0.1365480 0.1440657 0.1431149 0.1358293 0.1642890 0.1382852 0.1402272 0.1433731 0.1433731 0.1429800 0.1429800 0.1380402 0.1380402 0.1272208 0.1272208 0.1419521 0.1419521 0.1321539 0.1349040 0.1349040 0.1360588 0.1360588 0.1357450 0.1302410 0.1302410 
KC440884/EGY/Unknown/2012/SAT2/VII/Unknown         0.8368925 0.7679049 0.8601475 0.0000000 0.6840591 0.6483634 0.1194920 0.1197568 0.1196574 0.1197568 0.1220847 0.1202499 0.1196574 0.1205163 0.9112352 0.9338969 0.1438380 0.1438380 0.1459229 0.1459229 0.1469110 0.1459229 0.1357143 0.9053240 0.1439504 0.0067983 0.1308864 0.7972536 0.8932867 0.8511290 0.8150853 0.8432945 0.8641467 0.8269554 0.9086472 0.8648966 0.0062617 0.0062619 0.7628982 0.7722357 0.7457858 0.9433264 0.8728527 0.7281308 0.8514298 0.8586437 0.8749270 0.8835097 0.8726611 0.8777319 0.9199188 0.8160334 0.8109105 0.8033081 0.8255578 0.8114310 0.8294797 0.8214435 0.8170795 0.8315931 0.8115898 0.8394314 0.8326806 0.8184306 0.9141988 0.8107616 0.8303671 0.8133985 0.8028387 0.7987781 0.8135376 0.8191712 0.8136419 0.8107616 0.8191058 0.8283024 0.8095559 0.9145537 0.8151674 0.8224027 0.8149356 0.8149356 0.8076299 0.8076299 0.8334085 0.8334085 0.8146287 0.8146287 0.8177414 0.8177414 0.8203575 0.8066952 0.8066952 0.8029803 0.8126959 0.8085707 0.8278958 0.8278958 
OQ557397/ETH/cow/2022/SAT2/XIV/Unknown             0.8562932 0.6599547 0.8103203 0.6840591 0.0000000 0.2292412 0.6668025 0.6605018 0.6644734 0.6605018 0.6691459 0.6684349 0.6644734 0.6621333 0.8326470 0.8632564 0.6802286 0.6802286 0.6904315 0.6904315 0.6950901 0.6904315 0.7105382 0.8098996 0.6899144 0.6867739 0.6932939 0.7780147 0.8381210 0.8907933 0.7683069 0.8742269 0.8360865 0.8576995 0.8544729 0.7758506 0.6893286 0.6885117 0.6859871 0.6821007 0.7285115 0.8479052 0.8947124 0.7424175 0.8334124 0.7945236 0.7949258 0.8059658 0.8083093 0.8334447 0.8632583 0.7849327 0.7799832 0.7810041 0.7852312 0.7812702 0.7924421 0.7974248 0.7908497 0.7978515 0.7863060 0.7885683 0.8036773 0.7739892 0.8345482 0.7813406 0.7998713 0.7838900 0.7935833 0.7834256 0.7691057 0.7906761 0.7818244 0.7813406 0.7768210 0.7810967 0.7855265 0.8668633 0.7829250 0.7897532 0.8002669 0.8002669 0.7919487 0.7919487 0.7759846 0.7759846 0.7870520 0.7870520 0.8100495 0.8100495 0.7891593 0.7940613 0.7940613 0.7999723 0.7983289 0.7959270 0.7969956 0.7969956 
OQ557396/ETH/cattle/1991/SAT2/XIV/Unknown          0.7951467 0.6078770 0.8448152 0.6483634 0.2292412 0.0000000 0.6434912 0.6418598 0.6458189 0.6418598 0.6458189 0.6451220 0.6458189 0.6434912 0.8930872 0.8166491 0.6429423 0.6429423 0.6469243 0.6469243 0.6546826 0.6502070 0.6284123 0.8357034 0.6090181 0.6605971 0.6291850 0.7805371 0.8545090 0.8561027 0.8153346 0.8508337 0.9122848 0.7804478 0.8123630 0.8319568 0.6551874 0.6478680 0.6049825 0.6334512 0.6834590 0.8011494 0.8451757 0.6860160 0.8408518 0.8170195 0.8219015 0.8429264 0.8207972 0.8525048 0.8725136 0.8015780 0.8001883 0.7945590 0.7996913 0.7919488 0.8176368 0.8155094 0.8081168 0.8159465 0.8234786 0.8168149 0.8110903 0.7889833 0.8455918 0.8015780 0.8005757 0.7989511 0.8102675 0.7981709 0.7925277 0.8016660 0.7968368 0.8015780 0.8054341 0.7960297 0.7958504 0.8412852 0.7979553 0.8029126 0.8068686 0.8068686 0.8033014 0.8033014 0.8124609 0.8124609 0.8040645 0.8040645 0.8011524 0.8011524 0.8265566 0.8156472 0.8156472 0.8218288 0.8218288 0.8175658 0.8076485 0.8076485 
OQ401874/NER/cattle/2020/SAT2/VII/Unknown          0.8443674 0.7279397 0.8725647 0.1194920 0.6668025 0.6434912 0.0000000 0.0015551 0.0005165 0.0015551 0.0015556 0.0005161 0.0005165 0.0020752 0.9440422 0.9738000 0.1387427 0.1403510 0.1383736 0.1383736 0.1409374 0.1399771 0.1328593 0.8761999 0.1502910 0.1223905 0.1239512 0.8098636 0.9285073 0.9353053 0.8074758 0.9043721 0.8803759 0.9263306 0.9566695 0.8927680 0.1223874 0.1212348 0.7359206 0.7477099 0.7634612 0.9679701 0.9025796 0.7570878 0.8763097 0.8455324 0.8552557 0.8637351 0.8626397 0.8510260 0.9247637 0.8185392 0.8187914 0.8146702 0.8297334 0.8225121 0.8270570 0.8144029 0.8137830 0.8266707 0.8126644 0.8236599 0.8213178 0.8112941 0.9286828 0.8186395 0.8295122 0.8196110 0.8097075 0.8205788 0.8177233 0.8241028 0.8176125 0.8186395 0.8216697 0.8365983 0.8174094 0.9394124 0.8214170 0.8086472 0.8238843 0.8238843 0.8259457 0.8259457 0.8388747 0.8388747 0.8132946 0.8132946 0.8235770 0.8235770 0.8212216 0.8096295 0.8096295 0.8057964 0.8158157 0.8115584 0.8248125 0.8248125 
OQ401873/NER/cattle/2020/SAT2/VII/Unknown          0.8435642 0.7297513 0.8679942 0.1197568 0.6605018 0.6418598 0.0015551 0.0000000 0.0010353 0.0000010 0.0031234 0.0020752 0.0010353 0.0005163 0.9432237 0.9729823 0.1372393 0.1388451 0.1368747 0.1368747 0.1394326 0.1384756 0.1313756 0.8715198 0.1487221 0.1226627 0.1225060 0.8084140 0.9277008 0.9338700 0.8083368 0.9035458 0.8795552 0.9255085 0.9577282 0.8880733 0.1226594 0.1197754 0.7342568 0.7438296 0.7600903 0.9671542 0.9035410 0.7537715 0.8748453 0.8410474 0.8507807 0.8591688 0.8581531 0.8465371 0.9200235 0.8177029 0.8179562 0.8138334 0.8289085 0.8216782 0.8293364 0.8166763 0.8160566 0.8289496 0.8149404 0.8259469 0.8235976 0.8135682 0.9239377 0.8178043 0.8286808 0.8187760 0.8088731 0.8197439 0.8168850 0.8232690 0.8167768 0.8178043 0.8208381 0.8357681 0.8165734 0.9346819 0.8205830 0.8109285 0.8230480 0.8230480 0.8251092 0.8251092 0.8374192 0.8374192 0.8155700 0.8155700 0.8258603 0.8258603 0.8235077 0.8118954 0.8118954 0.8080533 0.8180913 0.8138239 0.8270975 0.8270975 
OQ401872/NER/cattle/2020/SAT2/VII/Unknown          0.8453226 0.7255171 0.8698120 0.1196574 0.6644734 0.6458189 0.0005165 0.0010353 0.0000000 0.0010353 0.0020771 0.0010350 0.0000010 0.0015543 0.9451027 0.9748871 0.1389323 0.1405424 0.1385623 0.1385623 0.1411291 0.1401676 0.1330409 0.8733800 0.1504996 0.1225601 0.1241199 0.8102015 0.9295383 0.9356949 0.8100980 0.9054069 0.8813825 0.9273797 0.9596514 0.8899337 0.1225570 0.1214026 0.7335008 0.7480082 0.7643725 0.9690493 0.9053621 0.7579824 0.8766810 0.8428393 0.8525661 0.8609878 0.8599408 0.8483294 0.9218912 0.8195119 0.8197628 0.8156402 0.8307031 0.8234852 0.8274009 0.8147420 0.8141219 0.8270144 0.8130033 0.8240039 0.8216600 0.8116323 0.9258060 0.8196110 0.8304884 0.8205830 0.8106705 0.8215515 0.8186976 0.8250772 0.8185836 0.8196110 0.8226395 0.8375790 0.8183808 0.9365408 0.8223894 0.8089856 0.8248613 0.8248613 0.8269248 0.8269248 0.8392270 0.8392270 0.8136336 0.8136336 0.8239204 0.8239204 0.8215647 0.8099659 0.8099659 0.8061303 0.8161555 0.8118954 0.8251566 0.8251566 
OQ401871/NER/cattle/2020/SAT2/VII/Unknown          0.8435642 0.7297513 0.8679942 0.1197568 0.6605018 0.6418598 0.0015551 0.0000010 0.0010353 0.0000000 0.0031234 0.0020752 0.0010353 0.0005163 0.9432237 0.9729823 0.1372393 0.1388451 0.1368747 0.1368747 0.1394326 0.1384756 0.1313756 0.8715198 0.1487221 0.1226627 0.1225060 0.8084140 0.9277008 0.9338700 0.8083368 0.9035458 0.8795552 0.9255085 0.9577282 0.8880733 0.1226594 0.1197754 0.7342568 0.7438296 0.7600903 0.9671542 0.9035410 0.7537715 0.8748453 0.8410474 0.8507807 0.8591688 0.8581531 0.8465371 0.9200235 0.8177029 0.8179562 0.8138334 0.8289085 0.8216782 0.8293364 0.8166763 0.8160566 0.8289496 0.8149404 0.8259469 0.8235976 0.8135682 0.9239377 0.8178043 0.8286808 0.8187760 0.8088731 0.8197439 0.8168850 0.8232690 0.8167768 0.8178043 0.8208381 0.8357681 0.8165734 0.9346819 0.8205830 0.8109285 0.8230480 0.8230480 0.8251092 0.8251092 0.8374192 0.8374192 0.8155700 0.8155700 0.8258603 0.8258603 0.8235077 0.8118954 0.8118954 0.8080533 0.8180913 0.8138239 0.8270975 0.8270975 
OQ401869/NER/cattle/2020/SAT2/VII/Unknown          0.8417280 0.7233715 0.8808404 0.1220847 0.6691459 0.6458189 0.0015556 0.0031234 0.0020771 0.0031234 0.0000000 0.0020759 0.0020771 0.0036471 0.9462892 0.9742202 0.1396534 0.1412647 0.1392813 0.1392813 0.1418509 0.1408878 0.1337529 0.8733800 0.1531729 0.1250125 0.1248139 0.8125263 0.9295383 0.9381182 0.8100980 0.9078655 0.8825153 0.9234526 0.9596514 0.9012864 0.1250084 0.1238422 0.7394984 0.7529724 0.7678292 0.9742930 0.9053621 0.7613780 0.8790942 0.8536323 0.8633441 0.8719959 0.8707550 0.8591358 0.9276358 0.8212407 0.8214894 0.8173656 0.8324231 0.8252135 0.8297306 0.8170651 0.8164453 0.8240041 0.8153292 0.8263412 0.8186523 0.8139561 0.9290795 0.8213377 0.8322196 0.8223103 0.8123851 0.8232795 0.8204296 0.8268072 0.8203101 0.8213377 0.8243621 0.8393158 0.8201077 0.9480362 0.8241167 0.8059850 0.8265961 0.8265961 0.8286625 0.8286625 0.8415890 0.8415890 0.8159588 0.8159588 0.8262540 0.8262540 0.8239010 0.8122814 0.8122814 0.8084364 0.8184810 0.8142105 0.8274918 0.8274918 
OQ401868/NER/cattle/2020/SAT2/VII/Unknown          0.8433659 0.7296087 0.8715202 0.1202499 0.6684349 0.6451220 0.0005161 0.0020752 0.0010350 0.0020752 0.0020759 0.0000000 0.0010350 0.0025962 0.9435963 0.9726732 0.1395272 0.1411369 0.1391558 0.1391558 0.1417227 0.1407607 0.1336333 0.8751300 0.1511101 0.1231548 0.1247047 0.8094754 0.9274346 0.9348747 0.8070939 0.9039413 0.8793240 0.9258914 0.9562096 0.8916927 0.1231514 0.1219957 0.7341147 0.7494044 0.7651935 0.9668510 0.9021585 0.7587929 0.8752544 0.8445105 0.8542352 0.8626927 0.8616156 0.8500028 0.9243255 0.8175167 0.8177701 0.8136501 0.8287152 0.8214894 0.8260448 0.8133954 0.8127754 0.8256588 0.8116559 0.8226449 0.8203063 0.8102868 0.9282434 0.8176182 0.8284872 0.8185892 0.8086942 0.8195565 0.8166990 0.8230790 0.8165914 0.8176182 0.8206506 0.8355692 0.8163881 0.9383232 0.8203951 0.8076369 0.8228577 0.8228577 0.8249172 0.8249172 0.8378468 0.8378468 0.8122863 0.8122863 0.8225636 0.8225636 0.8202074 0.8086259 0.8086259 0.8047975 0.8148069 0.8105547 0.8237983 0.8237983 
OQ401867/NER/cattle/2020/SAT2/VII/Unknown          0.8453226 0.7255171 0.8698120 0.1196574 0.6644734 0.6458189 0.0005165 0.0010353 0.0000010 0.0010353 0.0020771 0.0010350 0.0000000 0.0015543 0.9451027 0.9748871 0.1389323 0.1405424 0.1385623 0.1385623 0.1411291 0.1401676 0.1330409 0.8733800 0.1504996 0.1225601 0.1241199 0.8102015 0.9295383 0.9356949 0.8100980 0.9054069 0.8813825 0.9273797 0.9596514 0.8899337 0.1225570 0.1214026 0.7335008 0.7480082 0.7643725 0.9690493 0.9053621 0.7579824 0.8766810 0.8428393 0.8525661 0.8609878 0.8599408 0.8483294 0.9218912 0.8195119 0.8197628 0.8156402 0.8307031 0.8234852 0.8274009 0.8147420 0.8141219 0.8270144 0.8130033 0.8240039 0.8216600 0.8116323 0.9258060 0.8196110 0.8304884 0.8205830 0.8106705 0.8215515 0.8186976 0.8250772 0.8185836 0.8196110 0.8226395 0.8375790 0.8183808 0.9365408 0.8223894 0.8089856 0.8248613 0.8248613 0.8269248 0.8269248 0.8392270 0.8392270 0.8136336 0.8136336 0.8239204 0.8239204 0.8215647 0.8099659 0.8099659 0.8061303 0.8161555 0.8118954 0.8251566 0.8251566 
OQ401866/NER/cattle/2020/SAT2/VII/Unknown          0.8453226 0.7288321 0.8698120 0.1205163 0.6621333 0.6434912 0.0020752 0.0005163 0.0015543 0.0005163 0.0036471 0.0025962 0.0015543 0.0000000 0.9451027 0.9748871 0.1380227 0.1396299 0.1376557 0.1376557 0.1402168 0.1392581 0.1321485 0.8733800 0.1495400 0.1234286 0.1232584 0.8102015 0.9295383 0.9356949 0.8100980 0.9015308 0.8791387 0.9234837 0.9596514 0.8899337 0.1218602 0.1205350 0.7339153 0.7428916 0.7591269 0.9690493 0.9053621 0.7528249 0.8766810 0.8428393 0.8525661 0.8609878 0.8599408 0.8483294 0.9218912 0.8173076 0.8175614 0.8134396 0.8285130 0.8212822 0.8311213 0.8184598 0.8178405 0.8307343 0.8167265 0.8277376 0.8253844 0.8131793 0.9258060 0.8174094 0.8282827 0.8183808 0.8084828 0.8193484 0.8164891 0.8228722 0.8163821 0.8174094 0.8204436 0.8353673 0.8161787 0.9365408 0.8201875 0.8127197 0.8226503 0.8226503 0.8247103 0.8247103 0.8392270 0.8392270 0.8173554 0.8173554 0.8276493 0.8276493 0.8252994 0.8136742 0.8136742 0.8098260 0.8198762 0.8156020 0.8288873 0.8288873 
MW355673/ZWE/cattle/1989/SAT2/II/Unknown           0.4551399 1.0521840 0.4016289 0.9112352 0.8326470 0.8930872 0.9440422 0.9432237 0.9451027 0.9432237 0.9462892 0.9435963 0.9451027 0.9451027 0.0000000 0.4518365 1.0112346 1.0103081 1.0148284 1.0148284 1.0135177 1.0141545 1.0031134 0.3994553 1.0032602 0.9310611 1.0045534 0.3924805 0.5113589 0.4798892 0.4330258 0.1036786 0.1306001 0.4477821 0.4166533 0.4302147 0.9122364 0.9209103 1.0547636 0.9274952 1.0032714 0.4877088 0.4537326 0.9765360 0.3984548 0.4062246 0.4180441 0.4333027 0.4255535 0.4200579 0.4344188 0.4198088 0.4133982 0.4131094 0.4203147 0.4257154 0.3978671 0.3924640 0.3907912 0.4236430 0.3918252 0.4019918 0.3954767 0.4079140 0.4176669 0.4161342 0.4188639 0.4179799 0.4123645 0.4121732 0.4141816 0.4139382 0.4154356 0.4161342 0.4156485 0.4172067 0.4208512 0.4330825 0.4177877 0.4025682 0.4295811 0.4295811 0.4188651 0.4188651 0.4071295 0.4071295 0.3895612 0.3895612 0.4079991 0.4079991 0.4013712 0.3929092 0.3929092 0.3947881 0.3960207 0.3943569 0.4004641 0.4004641 
MW355671/MOZ/Unknown/1970/SAT2/I/Unknown           0.3234646 1.0324255 0.3424330 0.9338969 0.8632564 0.8166491 0.9738000 0.9729823 0.9748871 0.9729823 0.9742202 0.9726732 0.9748871 0.9748871 0.4518365 0.0000000 0.9603628 0.9594407 0.9695910 0.9695910 0.9739164 0.9681735 0.9533768 0.3547113 0.9326007 0.9567481 0.9677792 0.3209117 0.1716241 0.4435874 0.3777644 0.4592779 0.4695294 0.4019512 0.4018634 0.3638195 0.9470970 0.9462979 1.0138333 0.9206225 1.0061376 0.1232793 0.3954466 0.9431671 0.3326191 0.3541138 0.3464804 0.3534633 0.3343733 0.3399622 0.3707854 0.3303356 0.3265895 0.3309662 0.3437613 0.3346146 0.3397971 0.3313484 0.3279870 0.3487682 0.3288845 0.3286601 0.3278637 0.3225357 0.3459470 0.3277100 0.3263890 0.3293671 0.3299350 0.3329568 0.3296618 0.3305277 0.3305691 0.3277100 0.3372544 0.3288091 0.3274268 0.3563315 0.3287844 0.3318208 0.3370149 0.3370149 0.3365431 0.3365431 0.3321664 0.3321664 0.3326594 0.3326594 0.3312272 0.3312272 0.3308671 0.3318921 0.3318921 0.3345350 0.3345350 0.3332295 0.3336021 0.3336021 
MW715629/NER/cow/2017/SAT2/VII/Unknown             0.8940755 0.7508364 0.9483712 0.1438380 0.6802286 0.6429423 0.1387427 0.1372393 0.1389323 0.1372393 0.1396534 0.1395272 0.1389323 0.1380227 1.0112346 0.9603628 0.0000000 0.0010355 0.0062950 0.0062950 0.0068299 0.0062950 0.0628899 0.9406680 0.1692784 0.1503714 0.0401266 0.8693604 0.9197149 0.9003404 0.8626518 0.9784175 0.9800580 0.9222309 0.9861174 0.9421416 0.1495066 0.1471459 0.7372785 0.7874977 0.7701870 0.9803246 0.9042500 0.7580859 0.9323243 0.9318930 0.9301037 0.9784096 0.9453875 0.9336892 0.9501139 0.8882625 0.8906779 0.8892700 0.8993875 0.8936965 0.8976368 0.8968316 0.8851213 0.8940082 0.8927549 0.9167734 0.8947988 0.8907964 0.9373205 0.8920956 0.8957162 0.8892934 0.8949400 0.8950616 0.8952366 0.8931250 0.8894802 0.8920956 0.8896352 0.9013678 0.8870322 0.9498101 0.8873018 0.8845452 0.8912471 0.8912471 0.9009553 0.9009553 0.8915676 0.8915676 0.8878479 0.8878479 0.8923017 0.8923017 0.9056875 0.8934054 0.8934054 0.8891374 0.9001075 0.8953672 0.8929784 0.8929784 
MW715628/NER/cow/2017/SAT2/VII/Unknown             0.8931735 0.7508364 0.9483712 0.1438380 0.6802286 0.6429423 0.1403510 0.1388451 0.1405424 0.1388451 0.1412647 0.1411369 0.1405424 0.1396299 1.0103081 0.9594407 0.0010355 0.0000000 0.0052358 0.0052358 0.0057681 0.0052358 0.0641925 0.9390585 0.1710084 0.1503714 0.0389234 0.8693604 0.9226560 0.8994343 0.8626518 0.9768531 0.9830031 0.9213063 0.9851939 0.9421416 0.1495066 0.1471459 0.7372785 0.7881009 0.7665544 0.9794031 0.9033335 0.7545244 0.9323243 0.9318930 0.9301037 0.9784096 0.9453875 0.9336892 0.9501139 0.8882625 0.8906779 0.8892700 0.8993875 0.8936965 0.8976368 0.8968316 0.8851213 0.8933734 0.8927549 0.9167734 0.8947988 0.8907964 0.9373205 0.8920956 0.8957162 0.8892934 0.8949400 0.8950616 0.8952366 0.8931250 0.8894802 0.8920956 0.8896352 0.9013678 0.8870322 0.9498101 0.8873018 0.8845452 0.8912471 0.8912471 0.9009553 0.9009553 0.8915676 0.8915676 0.8878479 0.8878479 0.8923017 0.8923017 0.9056875 0.8934054 0.8934054 0.8891374 0.9001075 0.8953672 0.8929784 0.8929784 
MW715627/NER/cow/2017/SAT2/VII/Unknown             0.8886705 0.7646816 0.9427180 0.1459229 0.6904315 0.6469243 0.1383736 0.1368747 0.1385623 0.1368747 0.1392813 0.1391558 0.1385623 0.1376557 1.0148284 0.9695910 0.0062950 0.0052358 0.0000000 0.0000010 0.0025992 0.0020763 0.0647036 0.9333956 0.1722491 0.1532745 0.0400410 0.8686559 0.9233463 0.8957741 0.8619735 0.9736292 0.9791441 0.9176774 0.9873357 0.9444060 0.1516002 0.1492311 0.7579135 0.8090948 0.7857938 0.9897554 0.9071785 0.7703422 0.9351967 0.9347304 0.9253663 0.9765665 0.9475167 0.9374219 0.9490266 0.8830113 0.8854178 0.8840200 0.8947403 0.8846143 0.8930352 0.8922346 0.8805773 0.8849977 0.8881745 0.9120664 0.8939863 0.8862195 0.9356369 0.8868323 0.8904323 0.8840436 0.8896656 0.8897863 0.8899468 0.8878580 0.8842313 0.8868323 0.8843968 0.8960502 0.8817910 0.9448294 0.8820581 0.8799888 0.8859590 0.8859590 0.8956307 0.8956307 0.8907639 0.8907639 0.8832977 0.8832977 0.8877108 0.8877108 0.9004079 0.8882138 0.8882138 0.8839817 0.8948700 0.8901696 0.8883820 0.8883820 
MW715626/NER/cow/2017/SAT2/VII/Unknown             0.8886705 0.7646816 0.9427180 0.1459229 0.6904315 0.6469243 0.1383736 0.1368747 0.1385623 0.1368747 0.1392813 0.1391558 0.1385623 0.1376557 1.0148284 0.9695910 0.0062950 0.0052358 0.0000010 0.0000000 0.0025992 0.0020763 0.0647036 0.9333956 0.1722491 0.1532745 0.0400410 0.8686559 0.9233463 0.8957741 0.8619735 0.9736292 0.9791441 0.9176774 0.9873357 0.9444060 0.1516002 0.1492311 0.7579135 0.8090948 0.7857938 0.9897554 0.9071785 0.7703422 0.9351967 0.9347304 0.9253663 0.9765665 0.9475167 0.9374219 0.9490266 0.8830113 0.8854178 0.8840200 0.8947403 0.8846143 0.8930352 0.8922346 0.8805773 0.8849977 0.8881745 0.9120664 0.8939863 0.8862195 0.9356369 0.8868323 0.8904323 0.8840436 0.8896656 0.8897863 0.8899468 0.8878580 0.8842313 0.8868323 0.8843968 0.8960502 0.8817910 0.9448294 0.8820581 0.8799888 0.8859590 0.8859590 0.8956307 0.8956307 0.8907639 0.8907639 0.8832977 0.8832977 0.8877108 0.8877108 0.9004079 0.8882138 0.8882138 0.8839817 0.8948700 0.8901696 0.8883820 0.8883820 
MW715624/NER/cow/2017/SAT2/VII/Unknown             0.8949096 0.7635896 0.9512020 0.1469110 0.6950901 0.6546826 0.1409374 0.1394326 0.1411291 0.1394326 0.1418509 0.1417227 0.1411291 0.1402168 1.0135177 0.9739164 0.0068299 0.0057681 0.0025992 0.0025992 0.0000000 0.0025992 0.0654098 0.9419445 0.1750569 0.1542842 0.0406717 0.8674629 0.9275626 0.8945793 0.8645766 0.9781812 0.9836546 0.9203204 0.9901083 0.9489669 0.1526056 0.1502269 0.7617970 0.8085744 0.7898385 0.9941262 0.9097647 0.7742936 0.9339551 0.9335048 0.9279533 0.9753113 0.9462916 0.9361976 0.9575275 0.8856225 0.8880274 0.8866281 0.8973397 0.8872224 0.8956135 0.8948126 0.8831570 0.8875846 0.8907548 0.9146515 0.8965663 0.8888027 0.9382897 0.8894399 0.8930410 0.8866515 0.8922716 0.8923924 0.8925596 0.8904649 0.8868383 0.8894399 0.8869982 0.8986614 0.8844003 0.9532800 0.8846680 0.8825780 0.8885810 0.8885810 0.8982464 0.8982464 0.8933620 0.8933620 0.8858745 0.8858745 0.8902981 0.8902981 0.9029900 0.8907828 0.8907828 0.8865434 0.8974452 0.8927367 0.8909705 0.8909705 
MW715623/NER/cow/2017/SAT2/VII/Unknown             0.8858572 0.7655867 0.9459786 0.1459229 0.6904315 0.6502070 0.1399771 0.1384756 0.1401676 0.1384756 0.1408878 0.1407607 0.1401676 0.1392581 1.0141545 0.9681735 0.0062950 0.0052358 0.0020763 0.0020763 0.0025992 0.0000000 0.0647036 0.9327322 0.1705220 0.1532745 0.0400410 0.8680240 0.9219853 0.8929372 0.8651383 0.9729773 0.9762095 0.9147524 0.9843161 0.9437488 0.1516002 0.1492311 0.7552859 0.8090948 0.7794286 0.9883137 0.9005272 0.7641012 0.9306813 0.9340904 0.9285357 0.9759165 0.9468786 0.9367829 0.9522900 0.8861941 0.8885995 0.8871994 0.8979132 0.8877939 0.8961816 0.8953803 0.8837210 0.8881516 0.8913216 0.9152284 0.8971354 0.8855874 0.9388910 0.8900121 0.8936149 0.8872228 0.8928446 0.8929655 0.8931343 0.8910374 0.8874094 0.8900121 0.8875682 0.8992380 0.8849710 0.9480759 0.8852389 0.8831436 0.8891561 0.8891561 0.8988238 0.8988238 0.8939337 0.8939337 0.8864386 0.8864386 0.8908662 0.8908662 0.9035618 0.8913471 0.8913471 0.8871044 0.8980133 0.8933013 0.8915391 0.8915391 
MW715622/NER/cow/2018/SAT2/VII/Unknown             0.8737797 0.7463087 0.9287130 0.1357143 0.7105382 0.6284123 0.1328593 0.1313756 0.1330409 0.1313756 0.1337529 0.1336333 0.1330409 0.1321485 1.0031134 0.9533768 0.0628899 0.0641925 0.0647036 0.0647036 0.0654098 0.0647036 0.0000000 0.9707848 0.1712499 0.1438101 0.0346052 0.8570380 0.9075857 0.8474103 0.8855607 0.9670943 0.9648319 0.8971423 0.9425616 0.9416601 0.1419571 0.1407080 0.7596114 0.7920960 0.7775764 0.9467391 0.8895340 0.7554982 0.9386971 0.9524519 0.9444580 0.9874800 0.9493683 0.9525460 0.9827104 0.8741837 0.8766129 0.8745660 0.8866965 0.8809535 0.8933500 0.8737834 0.8801438 0.8768039 0.8884459 0.9101043 0.8952381 0.8880520 0.9652764 0.8780444 0.8816662 0.8752344 0.8810895 0.8760466 0.8850300 0.8813546 0.8754267 0.8780444 0.8833026 0.8941249 0.8768184 0.9842181 0.8732281 0.8741410 0.8848500 0.8848500 0.8818686 0.8818686 0.8963101 0.8963101 0.8835253 0.8835253 0.8857388 0.8857388 0.8951817 0.8829195 0.8829195 0.8786699 0.8896147 0.8848943 0.8918404 0.8918404 
MT602092/KEN/cattle/2017/SAT2/IV/Unknown           0.3708739 1.0710233 0.1379489 0.9053240 0.8098996 0.8357034 0.8761999 0.8715198 0.8733800 0.8715198 0.8733800 0.8751300 0.8733800 0.8733800 0.3994553 0.3547113 0.9406680 0.9390585 0.9333956 0.9333956 0.9419445 0.9327322 0.9707848 0.0000000 0.9181697 0.9235963 0.9585005 0.1586839 0.3939369 0.4092386 0.1993863 0.4122381 0.4100528 0.3762594 0.3700057 0.1571019 0.9258216 0.9217328 1.0199119 0.9664172 1.0505051 0.3636917 0.3699414 1.0036180 0.1816429 0.1614278 0.1648742 0.1781468 0.1712091 0.1650506 0.1922565 0.1621346 0.1621805 0.1605145 0.1759874 0.1696040 0.1612576 0.1579278 0.1527674 0.1699877 0.1561691 0.1624817 0.1645679 0.1607367 0.1814658 0.1638773 0.1657605 0.1648853 0.1698816 0.1609844 0.1630288 0.1608799 0.1633807 0.1638773 0.1676102 0.1671909 0.1648853 0.1856872 0.1657359 0.1658910 0.1705039 0.1705039 0.1632671 0.1632671 0.1687442 0.1687442 0.1600056 0.1600056 0.1730300 0.1730300 0.1535353 0.1618252 0.1618252 0.1631207 0.1631207 0.1627151 0.1568344 0.1568344 
MT602090/ETH/cattle/2015/SAT2/VII/Unknown          0.8872088 0.7694916 0.8993818 0.1439504 0.6899144 0.6090181 0.1502910 0.1487221 0.1504996 0.1487221 0.1531729 0.1511101 0.1504996 0.1495400 1.0032602 0.9326007 0.1692784 0.1710084 0.1722491 0.1722491 0.1750569 0.1705220 0.1712499 0.9181697 0.0000000 0.1452550 0.1660673 0.8355283 0.9477968 0.8915521 0.8314147 0.9892364 0.9641444 0.8897626 0.9946416 0.9208345 0.1459814 0.1449204 0.7589609 0.7571038 0.7300864 0.9573285 0.9036159 0.7174881 0.8848752 0.8722754 0.8821831 0.8990457 0.8801852 0.8582767 0.9394116 0.8502254 0.8504328 0.8469912 0.8523096 0.8481700 0.8704120 0.8679794 0.8583798 0.8479574 0.8451513 0.8824251 0.8726781 0.8446562 0.9406200 0.8502855 0.8502911 0.8512476 0.8514241 0.8521505 0.8441552 0.8423801 0.8419095 0.8502855 0.8531780 0.8546905 0.8473872 0.9508809 0.8530140 0.8362471 0.8549460 0.8549460 0.8538764 0.8538764 0.8626313 0.8626313 0.8514818 0.8514818 0.8473388 0.8473388 0.8536983 0.8396033 0.8396033 0.8458091 0.8458091 0.8414944 0.8673530 0.8673530 
MT602089/EGY/cattle/2018/SAT2/VII/Unknown          0.8483425 0.7881542 0.8594467 0.0067983 0.6867739 0.6605971 0.1223905 0.1226627 0.1225601 0.1226627 0.1250125 0.1231548 0.1225601 0.1234286 0.9310611 0.9567481 0.1503714 0.1503714 0.1532745 0.1532745 0.1542842 0.1532745 0.1438101 0.9235963 0.1452550 0.0000000 0.1372050 0.8081528 0.9018593 0.8582823 0.8273870 0.8583569 0.8883101 0.8407279 0.9151975 0.8776398 0.0078674 0.0078677 0.7788331 0.7898789 0.7633397 0.9604867 0.8875031 0.7452192 0.8594356 0.8681906 0.8845943 0.8933838 0.8823135 0.8874937 0.9353666 0.8198458 0.8183914 0.8107250 0.8331246 0.8189137 0.8370231 0.8289321 0.8245176 0.8413107 0.8189372 0.8470871 0.8387502 0.8258778 0.9253623 0.8182417 0.8380072 0.8209013 0.8102119 0.8061750 0.8173371 0.8267207 0.8211542 0.8182417 0.8266255 0.8359426 0.8170290 0.9295966 0.8226817 0.8268385 0.8224834 0.8224834 0.8151260 0.8151260 0.8395531 0.8395531 0.8226702 0.8226702 0.8221404 0.8221404 0.8277970 0.8139778 0.8139778 0.8102087 0.8200507 0.8158651 0.8407409 0.8407409 
MN103523/NER/cow/2014/SAT2/VII/Unknown             0.8769873 0.7358372 0.9238497 0.1308864 0.6932939 0.6291850 0.1239512 0.1225060 0.1241199 0.1225060 0.1248139 0.1247047 0.1241199 0.1232584 1.0045534 0.9677792 0.0401266 0.0389234 0.0400410 0.0400410 0.0406717 0.0400410 0.0346052 0.9585005 0.1660673 0.1372050 0.0000000 0.8736070 0.9133830 0.8847127 0.8763949 0.9766967 0.9752540 0.9031101 0.9755967 0.9494601 0.1356011 0.1341955 0.7371086 0.8003479 0.7685164 0.9815149 0.8859241 0.7511682 0.9529140 0.9602388 0.9468633 0.9898336 0.9626261 0.9479540 0.9515975 0.8946750 0.8970950 0.8950371 0.9084788 0.9007524 0.9142362 0.8985162 0.9010469 0.9087066 0.9055582 0.9335062 0.9139302 0.9067529 0.9459815 0.8985127 0.9021490 0.8957017 0.8997950 0.9021273 0.9055217 0.9056443 0.8958867 0.8985127 0.8998526 0.9153089 0.8972700 0.9667766 0.8937078 0.8929322 0.8958986 0.8958986 0.9080688 0.9080688 0.9124506 0.9124506 0.8950710 0.8950710 0.9044963 0.9044963 0.9147497 0.9061527 0.9061527 0.9018312 0.9129127 0.9081130 0.9127850 0.9127850 
MN116692/KEN/cow/2014/SAT2/IV/Unknown              0.3124033 0.9955710 0.1299612 0.7972536 0.7780147 0.7805371 0.8098636 0.8084140 0.8102015 0.8084140 0.8125263 0.8094754 0.8102015 0.8102015 0.3924805 0.3209117 0.8693604 0.8693604 0.8686559 0.8686559 0.8674629 0.8680240 0.8570380 0.1586839 0.8355283 0.8081528 0.8736070 0.0000000 0.3447786 0.3449795 0.1704088 0.3922461 0.4085454 0.3394373 0.3149050 0.1421327 0.8105926 0.8081362 0.9596475 0.8747043 0.9936104 0.3363575 0.3257386 0.9806966 0.0832489 0.0823661 0.0843810 0.0832133 0.0835736 0.0831448 0.1737665 0.0495453 0.0470248 0.0526621 0.0592537 0.0532910 0.0453788 0.0434211 0.0410030 0.0568786 0.0454304 0.0505174 0.0544417 0.0505637 0.1601632 0.0482490 0.0495332 0.0488974 0.0574187 0.0558844 0.0502022 0.0514799 0.0514520 0.0482490 0.0509070 0.0528250 0.0488974 0.1573018 0.0495121 0.0459911 0.0580078 0.0580078 0.0585560 0.0585560 0.0554886 0.0554886 0.0447010 0.0447010 0.0505474 0.0505474 0.0479732 0.0491995 0.0491995 0.0499024 0.0499024 0.0498242 0.0466299 0.0466299 
MH053335/ZWE/cattle/1965/SAT2/I/Unknown            0.2990991 1.0112393 0.3916280 0.8932867 0.8381210 0.8545090 0.9285073 0.9277008 0.9295383 0.9277008 0.9295383 0.9274346 0.9295383 0.9295383 0.5113589 0.1716241 0.9197149 0.9226560 0.9233463 0.9233463 0.9275626 0.9219853 0.9075857 0.3939369 0.9477968 0.9018593 0.9133830 0.3447786 0.0000000 0.5001418 0.4566907 0.4979933 0.5218706 0.4449643 0.4479801 0.3865075 0.9113398 0.9058124 0.9718863 0.8884542 1.0165668 0.1514519 0.4326391 0.9630360 0.3531340 0.3651096 0.3772809 0.3712838 0.3627967 0.3721505 0.4274037 0.3477595 0.3492416 0.3512376 0.3553561 0.3545277 0.3617191 0.3478333 0.3503006 0.3815910 0.3491471 0.3590713 0.3604223 0.3475094 0.4026861 0.3503286 0.3532360 0.3519629 0.3472012 0.3583304 0.3452354 0.3493580 0.3531937 0.3503286 0.3513437 0.3512306 0.3522165 0.4201611 0.3513814 0.3540225 0.3590613 0.3590613 0.3619724 0.3619724 0.3564816 0.3564816 0.3542897 0.3542897 0.3605951 0.3605951 0.3511714 0.3522279 0.3522279 0.3549317 0.3549317 0.3535569 0.3578595 0.3578595 
MH053334/ZMB/cattle/1964/SAT2/III/Unknown          0.4834454 1.0193886 0.3962598 0.8511290 0.8907933 0.8561027 0.9353053 0.9338700 0.9356949 0.9338700 0.9381182 0.9348747 0.9356949 0.9356949 0.4798892 0.4435874 0.9003404 0.8994343 0.8957741 0.8957741 0.8945793 0.8929372 0.8474103 0.4092386 0.8915521 0.8582823 0.8847127 0.3449795 0.5001418 0.0000000 0.4232329 0.4857790 0.4968726 0.2570670 0.2921432 0.3432339 0.8569855 0.8587123 1.0069000 0.9362532 0.9503894 0.4459431 0.1946850 0.9191518 0.3519946 0.3599386 0.3529780 0.3617323 0.3660727 0.3724652 0.3548412 0.3588396 0.3563268 0.3566311 0.3610077 0.3626610 0.3642364 0.3581451 0.3530933 0.3745917 0.3564790 0.3559462 0.3556639 0.3547459 0.3593670 0.3588396 0.3520608 0.3571934 0.3596922 0.3590179 0.3565799 0.3558349 0.3551686 0.3588396 0.3518806 0.3600885 0.3526896 0.3446330 0.3570386 0.3570465 0.3690389 0.3690389 0.3608516 0.3608516 0.3633864 0.3633864 0.3523656 0.3523656 0.3572602 0.3572602 0.3630402 0.3648992 0.3648992 0.3677132 0.3677132 0.3662583 0.3595682 0.3595682 
MH053333/ETH/cattle/1989/SAT2/IV/Unknown           0.3622214 1.0517043 0.1923690 0.8150853 0.7683069 0.8153346 0.8074758 0.8083368 0.8100980 0.8083368 0.8100980 0.8070939 0.8100980 0.8100980 0.4330258 0.3777644 0.8626518 0.8626518 0.8619735 0.8619735 0.8645766 0.8651383 0.8855607 0.1993863 0.8314147 0.8273870 0.8763949 0.1704088 0.4566907 0.4232329 0.0000000 0.4478179 0.4590876 0.3866836 0.3649986 0.1974074 0.8340177 0.8308814 1.0506994 0.9943450 1.0602669 0.3870432 0.3901224 1.0117319 0.1874871 0.1850938 0.1866653 0.1939117 0.1826139 0.1903287 0.1720214 0.1898360 0.1848673 0.1885117 0.1918798 0.1869222 0.1861340 0.1834770 0.1779395 0.1903310 0.1817656 0.1869236 0.1703835 0.1846449 0.1581791 0.1866799 0.1880264 0.1877767 0.1874121 0.1837189 0.1870444 0.1869528 0.1880640 0.1866799 0.1922861 0.1862561 0.1868745 0.1702466 0.1886852 0.1817624 0.1871970 0.1871970 0.1843845 0.1843845 0.1866087 0.1866087 0.1813195 0.1813195 0.1842940 0.1842940 0.1872658 0.1842239 0.1842239 0.1856827 0.1856827 0.1851801 0.1842759 0.1842759 
MH053332/BWA/african-buffalo/1974/SAT2/II/Unknown  0.4691548 1.0492328 0.4245826 0.8432945 0.8742269 0.8508337 0.9043721 0.9035458 0.9054069 0.9035458 0.9078655 0.9039413 0.9054069 0.9015308 0.1036786 0.4592779 0.9784175 0.9768531 0.9736292 0.9736292 0.9781812 0.9729773 0.9670943 0.4122381 0.9892364 0.8583569 0.9766967 0.3922461 0.4979933 0.4857790 0.4478179 0.0000000 0.1392700 0.4322794 0.4289506 0.4297565 0.8351300 0.8467306 1.0196137 0.9023305 1.0071966 0.4646836 0.4372700 0.9952502 0.3828726 0.3966645 0.4180073 0.4241283 0.4160483 0.4215459 0.4059924 0.4069136 0.4098585 0.4058313 0.4123828 0.4180312 0.3957112 0.4019615 0.3931488 0.4159335 0.3969579 0.4002433 0.4142514 0.4035788 0.4028168 0.4097477 0.4124564 0.4115817 0.4061779 0.4162343 0.4054440 0.4103891 0.4090494 0.4097477 0.4097671 0.4107942 0.4144311 0.4038246 0.4113927 0.3973394 0.4325570 0.4325570 0.4233974 0.4233974 0.4065236 0.4065236 0.3947101 0.3947101 0.4027159 0.4027159 0.4028917 0.4015879 0.4015879 0.4034918 0.4047171 0.4030280 0.4027891 0.4027891 
MH053331/BWA/african-buffalo/1972/SAT2/II/Unknown  0.4756010 1.0138721 0.4271605 0.8641467 0.8360865 0.9122848 0.8803759 0.8795552 0.8813825 0.8795552 0.8825153 0.8793240 0.8813825 0.8791387 0.1306001 0.4695294 0.9800580 0.9830031 0.9791441 0.9791441 0.9836546 0.9762095 0.9648319 0.4100528 0.9641444 0.8883101 0.9752540 0.4085454 0.5218706 0.4968726 0.4590876 0.1392700 0.0000000 0.4694378 0.4592796 0.4391004 0.8575996 0.8730879 1.0469653 0.9664049 0.9759418 0.4573707 0.5003548 0.9569917 0.4051573 0.4125381 0.4216258 0.4455840 0.4339569 0.4220874 0.4213027 0.4191013 0.4127888 0.4168915 0.4208880 0.4253921 0.4174193 0.4201043 0.4112208 0.4332438 0.4101183 0.4173413 0.4142938 0.4107540 0.4265850 0.4154832 0.4168119 0.4173006 0.4137678 0.4162952 0.4168051 0.4065641 0.4147949 0.4154832 0.4109393 0.4177752 0.4193113 0.4320805 0.4171116 0.4292843 0.4346800 0.4346800 0.4229097 0.4229097 0.4361727 0.4361727 0.4120041 0.4120041 0.4382129 0.4382129 0.4161353 0.4052095 0.4052095 0.4071335 0.4083621 0.4066537 0.4173875 0.4173875 
MH053328/BWA/african-buffalo/1968/SAT2/III/Unknown 0.4075290 1.0670281 0.3605678 0.8269554 0.8576995 0.7804478 0.9263306 0.9255085 0.9273797 0.9255085 0.9234526 0.9258914 0.9273797 0.9234837 0.4477821 0.4019512 0.9222309 0.9213063 0.9176774 0.9176774 0.9203204 0.9147524 0.8971423 0.3762594 0.8897626 0.8407279 0.9031101 0.3394373 0.4449643 0.2570670 0.3866836 0.4322794 0.4694378 0.0000000 0.2046816 0.3404599 0.8289791 0.8362147 1.0711093 0.9639707 1.0220885 0.4200095 0.2414486 0.9919840 0.3409748 0.3698838 0.3798565 0.3691664 0.3751966 0.3649741 0.3689439 0.3645404 0.3583216 0.3656324 0.3564049 0.3613649 0.3643241 0.3632042 0.3532828 0.3768656 0.3516737 0.3512366 0.3619998 0.3600087 0.3572277 0.3594133 0.3613853 0.3610650 0.3624837 0.3626135 0.3527032 0.3503096 0.3597636 0.3594133 0.3652251 0.3595197 0.3646170 0.3618563 0.3597207 0.3708605 0.3743721 0.3743721 0.3644485 0.3644485 0.3688404 0.3688404 0.3525620 0.3525620 0.3780672 0.3780672 0.3537130 0.3519554 0.3519554 0.3546662 0.3546662 0.3532883 0.3557191 0.3557191 
KU821592/ZMB/cow/2009/SAT2/III/Unknown             0.4094294 1.0930274 0.3540426 0.9086472 0.8544729 0.8123630 0.9566695 0.9577282 0.9596514 0.9577282 0.9596514 0.9562096 0.9596514 0.9596514 0.4166533 0.4018634 0.9861174 0.9851939 0.9873357 0.9873357 0.9901083 0.9843161 0.9425616 0.3700057 0.9946416 0.9151975 0.9755967 0.3149050 0.4479801 0.2921432 0.3649986 0.4289506 0.4592796 0.2046816 0.0000000 0.3360560 0.9218243 0.9160831 1.0687145 0.9679765 0.9608134 0.4222376 0.2692156 0.9363905 0.3221656 0.3325781 0.3430798 0.3557324 0.3343903 0.3397112 0.3589098 0.3309012 0.3320841 0.3366138 0.3375178 0.3383795 0.3332694 0.3305954 0.3233541 0.3513289 0.3282389 0.3367491 0.3388337 0.3305250 0.3366272 0.3327503 0.3358248 0.3311438 0.3384710 0.3392106 0.3360331 0.3243630 0.3302814 0.3327503 0.3328930 0.3392981 0.3299540 0.3602260 0.3305730 0.3313690 0.3479024 0.3479024 0.3365190 0.3365190 0.3358398 0.3358398 0.3242770 0.3242770 0.3384971 0.3384971 0.3302295 0.3324029 0.3324029 0.3350609 0.3339116 0.3337469 0.3247921 0.3247921 
KM268900/TZA/cattle/2012/SAT2/IV/Unknown           0.3749756 1.0821559 0.1488557 0.8648966 0.7758506 0.8319568 0.8927680 0.8880733 0.8899337 0.8880733 0.9012864 0.8916927 0.8899337 0.8899337 0.4302147 0.3638195 0.9421416 0.9421416 0.9444060 0.9444060 0.9489669 0.9437488 0.9416601 0.1571019 0.9208345 0.8776398 0.9494601 0.1421327 0.3865075 0.3432339 0.1974074 0.4297565 0.4391004 0.3404599 0.3360560 0.0000000 0.8791519 0.8796252 1.0665468 0.9968131 1.0875467 0.3816481 0.3323837 1.0809578 0.1625343 0.1483119 0.1510111 0.1526164 0.1519948 0.1504100 0.1896463 0.1588406 0.1571370 0.1565795 0.1682545 0.1560272 0.1569828 0.1542586 0.1477142 0.1620131 0.1528346 0.1614574 0.1519432 0.1527985 0.1900823 0.1588406 0.1625512 0.1598484 0.1591679 0.1520004 0.1583325 0.1581701 0.1600869 0.1588406 0.1652048 0.1601264 0.1587139 0.1802841 0.1589492 0.1515334 0.1668450 0.1668450 0.1525037 0.1525037 0.1496503 0.1496503 0.1486299 0.1486299 0.1528452 0.1528452 0.1547734 0.1567793 0.1567793 0.1580687 0.1580687 0.1576746 0.1546442 0.1546442 
JX014256/PSE/cattle/2012/SAT2/VII/Unknown          0.8507078 0.7772403 0.8648475 0.0062617 0.6893286 0.6551874 0.1223874 0.1226594 0.1225570 0.1226594 0.1250084 0.1231514 0.1225570 0.1218602 0.9122364 0.9470970 0.1495066 0.1495066 0.1516002 0.1516002 0.1526056 0.1516002 0.1419571 0.9258216 0.1459814 0.0078674 0.1356011 0.8105926 0.9113398 0.8569855 0.8340177 0.8351300 0.8575996 0.8289791 0.9218243 0.8791519 0.0000000 0.0062627 0.7700674 0.7846198 0.7514436 0.9607414 0.8901726 0.7336617 0.8633357 0.8690344 0.8854539 0.8942645 0.8837877 0.8874606 0.9298533 0.8238900 0.8187160 0.8110405 0.8334648 0.8198568 0.8395172 0.8314181 0.8269922 0.8438123 0.8213884 0.8496061 0.8427775 0.8262069 0.9291637 0.8185661 0.8383545 0.8212288 0.8105252 0.8064859 0.8213865 0.8270549 0.8214823 0.8185661 0.8269584 0.8362883 0.8173521 0.9327586 0.8230112 0.8323885 0.8281684 0.8281684 0.8154485 0.8154485 0.8442472 0.8442472 0.8245343 0.8245343 0.8276852 0.8276852 0.8302680 0.8164134 0.8164134 0.8126307 0.8225029 0.8183023 0.8379443 0.8379443 
JX014255/EGY/Unknown/2012/SAT2/VII/Unknown         0.8430766 0.7794950 0.8631284 0.0062619 0.6885117 0.6478680 0.1212348 0.1197754 0.1214026 0.1197754 0.1238422 0.1219957 0.1214026 0.1205350 0.9209103 0.9462979 0.1471459 0.1471459 0.1492311 0.1492311 0.1502269 0.1492311 0.1407080 0.9217328 0.1449204 0.0078677 0.1341955 0.8081362 0.9058124 0.8587123 0.8308814 0.8467306 0.8730879 0.8362147 0.9160831 0.8796252 0.0062627 0.0000000 0.7767533 0.7746518 0.7535331 0.9555564 0.8872929 0.7361983 0.8636859 0.8655368 0.8819385 0.8906877 0.8796575 0.8848172 0.9293137 0.8235364 0.8183706 0.8107071 0.8330982 0.8188927 0.8369953 0.8289074 0.8244947 0.8412812 0.8189165 0.8523748 0.8402424 0.8258544 0.9275075 0.8182209 0.8379787 0.8208795 0.8154675 0.8061589 0.8210362 0.8266966 0.8211322 0.8182209 0.8266015 0.8359149 0.8170087 0.9334248 0.8226592 0.8298756 0.8278067 0.8278067 0.8188347 0.8188347 0.8410616 0.8410616 0.8220371 0.8220371 0.8251801 0.8251801 0.8277729 0.8139591 0.8139591 0.8101914 0.8200295 0.8158457 0.8354187 0.8354187 
