102
JF749864/ZWE/Unknown/2003/SAT2/I/Unknown           0.0000000 0.3479579 0.1041829 0.6757252 0.5567860 0.5875166 0.6510957 0.6522991 0.6514332 0.6523931 0.6567320 0.6584728 0.6530118 0.6513828 0.6500614 0.0794003 0.0903455 0.6911775 0.6882769 0.6952363 0.6955591 0.6976862 0.7013197 0.6884296 0.0820790 0.7442473 0.6779818 0.7071233 0.1000541 0.0958306 0.0956706 0.1241713 0.0432907 0.0476284 0.0547016 0.0584276 0.0980470 0.6738644 0.6866766 0.3697441 0.3421789 0.6122720 0.0851339 0.0899889 0.6193464 0.0957257 0.0939858 0.1038641 0.0996958 0.1085202 0.0961072 0.0816347 0.1150013 0.1102307 0.0918710 0.1191553 0.1089141 0.0975050 0.1072310 0.1003281 0.0915735 0.1117741 0.1172634 0.0849281 0.0954520 0.0872829 0.1095565 0.1084215 0.1102307 0.1124096 0.0973982 0.1134450 0.0979508 0.0854825 0.1102179 0.0893702 0.1140282 0.1082491 0.0808673 0.0928724 0.0995207 0.1020562 0.1031509 0.1025507 0.1026562 0.1025507 0.0998929 0.0998929 0.0986122 0.0986122 0.1126241 0.1126241 0.1132507 0.0993322 0.0993322 0.0999262 0.1108009 0.1122242 0.1122242 0.1131582 0.1099371 0.1099371 
JF749862/UGA/Unknown/2002/SAT2/X/Unknown           0.3479579 0.0000000 0.3207250 0.5400606 0.4763269 0.4981474 0.5459866 0.5445250 0.5444936 0.5446084 0.5465077 0.5501003 0.5442537 0.5452858 0.5432438 0.3634269 0.3081871 0.5635264 0.5505060 0.5558081 0.5530146 0.5537260 0.5622248 0.5700210 0.3182079 0.6307199 0.5387737 0.5591273 0.3000702 0.3166583 0.3450436 0.3417155 0.3287696 0.3113866 0.3370969 0.3401188 0.3167911 0.5372647 0.5500302 0.0541065 0.1058847 0.5510296 0.3252499 0.3262959 0.5556677 0.2907014 0.2982752 0.3030396 0.3149834 0.3246738 0.3016805 0.2619315 0.3157498 0.3068722 0.3225024 0.3174755 0.3045108 0.3168255 0.2915799 0.2965509 0.3084169 0.3022495 0.3090845 0.2963980 0.3097758 0.3067027 0.3047246 0.3076838 0.3020156 0.3088323 0.3216379 0.3090863 0.3204773 0.2926613 0.3044085 0.3192932 0.3065151 0.3023208 0.3058312 0.3285152 0.3133843 0.3164766 0.3167980 0.3157505 0.3175260 0.3157505 0.3226387 0.3226387 0.3113769 0.3113769 0.2974652 0.2974652 0.2964523 0.3232892 0.3232892 0.3243293 0.2901574 0.2979318 0.2979318 0.3002940 0.2993778 0.2993778 
JF749861/KEN/Unknown/2002/SAT2/IV/Unknown          0.1041829 0.3207250 0.0000000 0.6944783 0.5574800 0.5980303 0.6685316 0.6681847 0.6679343 0.6683581 0.6726924 0.6744656 0.6678569 0.6665555 0.6665404 0.1161868 0.0909201 0.7148873 0.6989965 0.7076105 0.7079399 0.7114123 0.7121729 0.6946527 0.0770054 0.7312854 0.6933847 0.7145812 0.0507346 0.1037378 0.1134039 0.0944377 0.0902062 0.0852653 0.1063791 0.0997958 0.0599642 0.6919922 0.6992216 0.3324798 0.3497781 0.6653324 0.0959287 0.0994173 0.6725412 0.0795741 0.0485238 0.0592126 0.0556049 0.0566403 0.0503675 0.0629907 0.0792071 0.0769159 0.0595078 0.0843729 0.0737207 0.0635571 0.0697952 0.0672338 0.0531301 0.0698529 0.0806325 0.0515630 0.0630764 0.0545641 0.0774083 0.0746182 0.0757992 0.0760416 0.0625269 0.0763283 0.0600342 0.0545305 0.0769082 0.0571672 0.0800919 0.0747048 0.0509755 0.0569681 0.0516214 0.0625088 0.0629155 0.0624222 0.0630029 0.0624222 0.0645705 0.0645705 0.0716653 0.0716653 0.0789873 0.0789873 0.0784617 0.0514768 0.0514768 0.0519419 0.0733377 0.0741770 0.0741770 0.0748751 0.0741135 0.0741135 
KC440884/EGY/Unknown/2012/SAT2/VII/Unknown         0.6757252 0.5400606 0.6944783 0.0000000 0.1674734 0.1835280 0.0900789 0.0900282 0.0916131 0.0905796 0.0910188 0.0922972 0.0911561 0.0910744 0.0910696 0.6832595 0.6430146 0.1164033 0.1137100 0.1178457 0.1179038 0.1200768 0.1191891 0.1127140 0.6657877 0.1543280 0.0029652 0.1064017 0.6791726 0.6495313 0.6796332 0.6898070 0.6632133 0.6469803 0.6582794 0.6430655 0.6885010 0.0025894 0.0048423 0.5466819 0.5610032 0.1946724 0.6452177 0.6725314 0.1975699 0.6584296 0.6858406 0.6712046 0.7108039 0.7170634 0.6828982 0.6379181 0.6480790 0.6395729 0.6985827 0.6400820 0.6355084 0.7040071 0.6498075 0.6635053 0.6534237 0.6448900 0.6472219 0.6579616 0.6627154 0.6722590 0.6376756 0.6384402 0.6372662 0.6426045 0.6955397 0.6299109 0.7026852 0.6434513 0.6372104 0.6923826 0.6408945 0.6384381 0.6661335 0.6901129 0.6690684 0.6869651 0.6866797 0.6852685 0.6883796 0.6852685 0.6968741 0.6968741 0.6699857 0.6699857 0.6575607 0.6575607 0.6561854 0.6939098 0.6939098 0.6953442 0.6352747 0.6402168 0.6402168 0.6431962 0.6422154 0.6422154 
OQ557397/ETH/cow/2022/SAT2/XIV/Unknown             0.5567860 0.4763269 0.5574800 0.1674734 0.0000000 0.1157639 0.1575090 0.1588305 0.1594457 0.1595736 0.1586619 0.1604704 0.1589062 0.1601983 0.1587210 0.5824643 0.5167988 0.1735967 0.1711835 0.1732733 0.1733780 0.1738178 0.1770143 0.1760822 0.5597706 0.2034113 0.1696203 0.1776382 0.5801464 0.5234356 0.5762202 0.5866016 0.5460621 0.5299648 0.5476519 0.5509861 0.5704881 0.1667264 0.1702017 0.4995556 0.4839825 0.1445466 0.5080680 0.5538364 0.1471252 0.5254091 0.5531158 0.5512381 0.5732767 0.5878327 0.5541926 0.5073539 0.5590329 0.5537536 0.5376370 0.5599421 0.5517997 0.5923106 0.5515070 0.5636223 0.5098942 0.5445854 0.5570418 0.5486425 0.5595937 0.5444734 0.5545941 0.5552570 0.5484432 0.5520353 0.5444620 0.5534163 0.5502352 0.5193268 0.5541643 0.5366795 0.5568934 0.5486688 0.5090183 0.5351387 0.5563901 0.5424501 0.5424212 0.5411319 0.5437420 0.5411319 0.5488120 0.5488120 0.5682895 0.5682895 0.5596287 0.5596287 0.5583286 0.5621770 0.5621770 0.5634858 0.5343413 0.5517510 0.5517510 0.5555921 0.5516467 0.5516467 
OQ557396/ETH/cattle/1991/SAT2/XIV/Unknown          0.5875166 0.4981474 0.5980303 0.1835280 0.1157639 0.0000000 0.1880555 0.1894325 0.1883026 0.1902148 0.1891761 0.1911814 0.1877689 0.1908496 0.1875435 0.6402341 0.5632604 0.2061544 0.2034888 0.2047988 0.2049195 0.2079339 0.2072115 0.2010738 0.6207190 0.2225113 0.1846501 0.2011581 0.6170869 0.5540059 0.6325745 0.6217681 0.5951464 0.5722415 0.5940670 0.5858026 0.6546898 0.1816933 0.1854331 0.5116704 0.5141815 0.1633707 0.5687224 0.6026259 0.1620265 0.5764744 0.6167488 0.6129757 0.6445882 0.6504846 0.6048019 0.5883877 0.6151761 0.6041497 0.5925260 0.6120944 0.5994497 0.6289471 0.6030528 0.6024921 0.5890698 0.5914152 0.6068724 0.6011219 0.6200051 0.5829439 0.6050173 0.6069769 0.5986067 0.5936247 0.6072332 0.6033516 0.5944850 0.5776024 0.6045629 0.5849976 0.6128506 0.6030338 0.5782409 0.5988193 0.5981836 0.5992358 0.5991085 0.5977669 0.6005802 0.5977669 0.6085044 0.6085044 0.6193495 0.6193495 0.6105329 0.6105329 0.6091839 0.6157644 0.6157644 0.6171348 0.5899495 0.6003145 0.6003145 0.6044064 0.5969713 0.5969713 
OQ401874/NER/cattle/2020/SAT2/VII/Unknown          0.6510957 0.5459866 0.6685316 0.0900789 0.1575090 0.1880555 0.0000000 0.0014746 0.0014750 0.0018450 0.0018452 0.0022170 0.0014750 0.0018455 0.0011053 0.6765657 0.6036563 0.1144653 0.1139625 0.1193978 0.1194569 0.1204572 0.1195658 0.1103180 0.6538755 0.1423780 0.0914196 0.1080912 0.6814681 0.6106053 0.6410315 0.6650763 0.6225106 0.6287466 0.6377034 0.6131028 0.6818778 0.0907109 0.0930740 0.5559226 0.5588309 0.2030686 0.5996828 0.6201620 0.2138296 0.6368194 0.6722439 0.6635333 0.6913045 0.7049527 0.6695472 0.6211931 0.6417595 0.6305021 0.6562753 0.6369880 0.6297597 0.6902096 0.6440242 0.6495048 0.6387064 0.6324650 0.6341785 0.6444116 0.6566346 0.6468029 0.6313752 0.6354577 0.6282013 0.6390695 0.6553349 0.6241625 0.6704388 0.6196624 0.6309115 0.6598549 0.6379174 0.6293710 0.6383391 0.6480755 0.6606761 0.6522018 0.6535969 0.6522018 0.6535969 0.6522018 0.6566522 0.6566522 0.6613990 0.6613990 0.6472963 0.6472963 0.6459242 0.6800958 0.6800958 0.6815138 0.6299026 0.6222272 0.6222272 0.6251531 0.6364615 0.6364615 
OQ401873/NER/cattle/2020/SAT2/VII/Unknown          0.6522991 0.5445250 0.6681847 0.0900282 0.1588305 0.1894325 0.0014746 0.0000000 0.0014748 0.0003670 0.0011051 0.0014753 0.0014748 0.0003671 0.0011052 0.6777828 0.6060179 0.1155377 0.1150347 0.1204798 0.1205394 0.1215450 0.1206498 0.1102256 0.6535331 0.1422946 0.0913680 0.1080004 0.6811170 0.6129784 0.6434820 0.6647303 0.6264631 0.6299285 0.6388953 0.6142796 0.6815289 0.0906597 0.0930215 0.5544584 0.5573670 0.2028921 0.5993490 0.6198256 0.2153028 0.6364787 0.6718974 0.6631900 0.6909553 0.7046016 0.6692017 0.6236165 0.6386362 0.6273968 0.6559279 0.6338773 0.6266558 0.6898580 0.6408857 0.6463384 0.6383657 0.6293527 0.6310657 0.6440677 0.6562901 0.6436366 0.6282692 0.6323430 0.6250992 0.6359490 0.6549871 0.6210646 0.6700895 0.6220834 0.6278067 0.6595065 0.6348030 0.6262675 0.6408127 0.6477295 0.6603289 0.6518543 0.6532494 0.6518543 0.6532494 0.6518543 0.6563043 0.6563043 0.6610535 0.6610535 0.6441541 0.6441541 0.6427835 0.6826402 0.6826402 0.6840596 0.6267923 0.6191328 0.6191328 0.6220495 0.6333476 0.6333476 
OQ401872/NER/cattle/2020/SAT2/VII/Unknown          0.6514332 0.5444936 0.6679343 0.0916131 0.1594457 0.1883026 0.0014750 0.0014748 0.0000000 0.0018452 0.0018455 0.0022173 0.0000010 0.0018437 0.0003665 0.6785648 0.6064041 0.1147731 0.1142711 0.1197000 0.1197591 0.1207592 0.1198683 0.1094850 0.6533110 0.1427116 0.0929619 0.1084034 0.6808410 0.6101288 0.6404907 0.6644865 0.6245360 0.6307570 0.6397172 0.6151281 0.6823156 0.0922483 0.0946212 0.5544109 0.5573148 0.2035253 0.5992232 0.6196641 0.2142915 0.6362867 0.6716409 0.6629507 0.6906637 0.7042847 0.6689506 0.6206896 0.6412187 0.6299825 0.6556984 0.6364570 0.6292415 0.6895663 0.6434771 0.6489440 0.6381705 0.6319411 0.6336517 0.6438609 0.6560619 0.6462465 0.6308541 0.6349285 0.6276859 0.6385335 0.6547588 0.6236543 0.6698340 0.6191618 0.6303914 0.6592701 0.6373843 0.6288535 0.6377975 0.6475150 0.6600918 0.6515310 0.6530244 0.6516317 0.6529256 0.6516317 0.6560738 0.6560738 0.6608164 0.6608164 0.6467433 0.6467433 0.6453737 0.6794706 0.6794706 0.6808860 0.6293832 0.6217227 0.6217227 0.6246425 0.6359309 0.6359309 
OQ401871/NER/cattle/2020/SAT2/VII/Unknown          0.6523931 0.5446084 0.6683581 0.0905796 0.1595736 0.1902148 0.0018450 0.0003670 0.0018452 0.0000000 0.0014748 0.0018458 0.0018452 0.0007362 0.0014750 0.6778783 0.6061073 0.1161290 0.1156257 0.1210777 0.1211377 0.1221465 0.1212489 0.1108035 0.6536272 0.1429640 0.0908231 0.1074362 0.6812144 0.6130684 0.6436527 0.6648257 0.6265554 0.6300205 0.6389882 0.6143709 0.6817033 0.0912126 0.0935787 0.5545423 0.5574509 0.2037003 0.5994387 0.6199168 0.2161457 0.6365717 0.6720707 0.6633616 0.6911299 0.7047771 0.6693744 0.6237086 0.6388064 0.6275663 0.6561016 0.6340469 0.6268253 0.6900338 0.6410566 0.6465107 0.6385360 0.6295226 0.6312355 0.6442396 0.6564624 0.6438090 0.6284387 0.6325129 0.6252686 0.6361191 0.6551610 0.6212339 0.6702642 0.6222529 0.6279762 0.6596807 0.6349728 0.6264369 0.6409851 0.6479025 0.6605025 0.6520280 0.6534231 0.6520280 0.6534231 0.6520280 0.6564783 0.6564783 0.6612263 0.6612263 0.6443252 0.6443252 0.6429544 0.6828160 0.6828160 0.6842354 0.6269621 0.6193020 0.6193020 0.6222191 0.6335174 0.6335174 
OQ401869/NER/cattle/2020/SAT2/VII/Unknown          0.6567320 0.5465077 0.6726924 0.0910188 0.1586619 0.1891761 0.0018452 0.0011051 0.0018455 0.0014748 0.0000000 0.0018460 0.0018455 0.0014752 0.0014751 0.6822712 0.6075658 0.1154032 0.1149008 0.1203392 0.1203987 0.1214026 0.1205087 0.1108350 0.6545886 0.1415416 0.0923634 0.1086067 0.6856934 0.6145348 0.6423006 0.6692219 0.6280577 0.6315178 0.6432837 0.6186093 0.6860770 0.0916522 0.0940194 0.5563679 0.5592761 0.2053736 0.6036117 0.6214014 0.2162289 0.6408712 0.6764036 0.6676446 0.6955179 0.7092035 0.6736915 0.6252078 0.6396860 0.6284428 0.6575757 0.6349238 0.6277015 0.6909397 0.6419401 0.6474010 0.6427594 0.6304007 0.6321135 0.6485094 0.6573519 0.6480885 0.6293153 0.6333912 0.6261446 0.6369984 0.6566365 0.6221094 0.6717544 0.6236728 0.6288525 0.6611610 0.6358506 0.6273131 0.6424399 0.6493663 0.6648317 0.6535001 0.6548963 0.6535001 0.6548963 0.6535001 0.6579548 0.6579548 0.6655350 0.6655350 0.6452090 0.6452090 0.6438382 0.6843230 0.6843230 0.6857436 0.6278402 0.6234758 0.6234758 0.6264064 0.6343953 0.6343953 
OQ401868/NER/cattle/2020/SAT2/VII/Unknown          0.6584728 0.5501003 0.6744656 0.0922972 0.1604704 0.1911814 0.0022170 0.0014753 0.0022173 0.0018458 0.0018460 0.0000000 0.0022173 0.0018463 0.0018462 0.6771836 0.6060021 0.1168125 0.1163085 0.1217727 0.1218331 0.1228465 0.1219455 0.1102200 0.6563257 0.1437596 0.0936519 0.1092359 0.6874963 0.6129627 0.6434666 0.6675584 0.6264474 0.6299130 0.6416618 0.6170119 0.6878688 0.0929349 0.0953161 0.5600473 0.5629561 0.2063058 0.6052767 0.6230890 0.2172036 0.6425933 0.6781771 0.6693961 0.6973173 0.7110214 0.6754580 0.6236008 0.6414036 0.6301473 0.6559125 0.6366331 0.6294050 0.6962630 0.6470282 0.6525390 0.6444823 0.6321096 0.6338232 0.6502521 0.6625056 0.6498352 0.6310204 0.6351023 0.6278467 0.6387137 0.6549716 0.6271152 0.6700743 0.6253749 0.6305569 0.6594912 0.6342371 0.6290163 0.6441830 0.6477139 0.6666015 0.6518388 0.6532339 0.6518388 0.6532339 0.6518388 0.6562889 0.6562889 0.6672966 0.6672966 0.6469387 0.6469387 0.6455667 0.6861265 0.6861265 0.6875485 0.6295472 0.6218730 0.6218730 0.6247981 0.6361063 0.6361063 
OQ401867/NER/cattle/2020/SAT2/VII/Unknown          0.6530118 0.5442537 0.6678569 0.0911561 0.1589062 0.1877689 0.0014750 0.0014748 0.0000010 0.0018452 0.0018455 0.0022173 0.0000000 0.0018457 0.0003670 0.6785028 0.6062447 0.1143068 0.1138046 0.1192327 0.1192916 0.1202900 0.1194002 0.1090247 0.6532141 0.1422098 0.0925032 0.1079429 0.6807811 0.6099743 0.6403760 0.6644045 0.6243992 0.6306296 0.6396017 0.6149785 0.6822582 0.0917906 0.0941620 0.5541853 0.5570936 0.2029906 0.5990527 0.6195217 0.2137480 0.6361662 0.6715689 0.6628672 0.6906180 0.7042579 0.6688750 0.6205475 0.6411053 0.6298536 0.6556035 0.6363372 0.6291116 0.6895186 0.6433664 0.6488402 0.6380527 0.6318148 0.6335278 0.6437501 0.6559683 0.6461388 0.6307264 0.6348064 0.6275538 0.6384164 0.6546625 0.6235166 0.6697588 0.6190175 0.6302631 0.6591800 0.6372658 0.6287230 0.6376778 0.6474087 0.6600033 0.6515310 0.6529256 0.6515310 0.6529256 0.6515310 0.6559792 0.6559792 0.6607293 0.6607293 0.6466372 0.6466372 0.6452656 0.6794087 0.6794087 0.6808261 0.6292532 0.6215823 0.6215823 0.6245059 0.6358102 0.6358102 
OQ401866/NER/cattle/2020/SAT2/VII/Unknown          0.6513828 0.5452858 0.6665555 0.0910744 0.1601983 0.1908496 0.0018455 0.0003671 0.0018437 0.0007362 0.0014752 0.0018463 0.0018457 0.0000000 0.0014737 0.6761454 0.6045796 0.1166474 0.1161441 0.1215996 0.1216599 0.1226710 0.1217718 0.1113126 0.6519542 0.1435363 0.0924200 0.1090841 0.6818586 0.6115218 0.6419274 0.6665284 0.6249507 0.6284160 0.6373553 0.6127994 0.6822653 0.0917082 0.0940772 0.5552073 0.5581870 0.2043446 0.5979156 0.6183408 0.2160652 0.6382736 0.6702629 0.6615879 0.6892697 0.7028797 0.6675774 0.6221116 0.6370963 0.6258849 0.6543210 0.6323517 0.6251459 0.6881627 0.6393343 0.6447639 0.6368248 0.6278340 0.6295439 0.6425008 0.6546963 0.6444122 0.6267555 0.6308181 0.6235927 0.6344150 0.6533799 0.6195672 0.6684452 0.6205824 0.6262943 0.6578879 0.6332740 0.6247584 0.6392479 0.6461452 0.6610887 0.6501525 0.6516472 0.6502552 0.6515465 0.6502552 0.6546943 0.6546943 0.6594452 0.6594452 0.6425954 0.6425954 0.6412278 0.6833808 0.6833808 0.6847985 0.6252790 0.6176403 0.6176403 0.6205476 0.6318212 0.6318212 
OQ401865/NER/cattle/2020/SAT2/VII/Unknown          0.6500614 0.5432438 0.6665404 0.0910696 0.1587210 0.1875435 0.0011053 0.0011052 0.0003665 0.0014750 0.0014751 0.0018462 0.0003670 0.0014737 0.0000000 0.6771769 0.6050855 0.1141957 0.1136940 0.1191163 0.1191751 0.1201721 0.1192834 0.1100613 0.6519390 0.1420583 0.0924152 0.1078395 0.6794272 0.6088061 0.6391264 0.6630974 0.6231828 0.6294077 0.6383569 0.6137841 0.6809096 0.0917035 0.0940723 0.5531589 0.5560629 0.2043332 0.5978996 0.6183251 0.2151330 0.6349258 0.6702479 0.6615728 0.6892550 0.7028653 0.6675624 0.6193394 0.6398574 0.6286292 0.6543056 0.6351013 0.6278890 0.6881479 0.6421092 0.6475638 0.6368093 0.6305848 0.6322951 0.6424853 0.6546810 0.6448664 0.6295005 0.6335711 0.6263341 0.6371735 0.6533645 0.6223045 0.6684301 0.6178128 0.6290383 0.6578725 0.6360270 0.6275011 0.6364202 0.6461297 0.6586988 0.6501370 0.6516317 0.6502398 0.6515310 0.6502398 0.6546788 0.6546788 0.6594300 0.6594300 0.6453737 0.6453737 0.6440047 0.6780560 0.6780560 0.6794706 0.6280278 0.6203744 0.6203744 0.6232901 0.6345738 0.6345738 
MW355673/ZWE/cattle/1989/SAT2/II/Unknown           0.0794003 0.3634269 0.1161868 0.6832595 0.5824643 0.6402341 0.6765657 0.6777828 0.6785648 0.6778783 0.6822712 0.6771836 0.6785028 0.6761454 0.6771769 0.0000000 0.1018760 0.6873535 0.6859504 0.6944221 0.6947452 0.6982491 0.6990037 0.6673449 0.1032347 0.7429087 0.6884109 0.7045797 0.1049872 0.1094406 0.1090360 0.1436676 0.0606431 0.0610009 0.0627478 0.0708013 0.1231368 0.6842532 0.6936744 0.3774061 0.3664971 0.6392296 0.0989241 0.1101171 0.6559525 0.1054112 0.1140369 0.1200066 0.1231744 0.1281901 0.1123606 0.0967493 0.1189349 0.1154330 0.1071826 0.1230770 0.1159784 0.1108347 0.1112439 0.1041473 0.1023507 0.1110473 0.1184707 0.0928789 0.1100296 0.0984539 0.1161132 0.1160439 0.1168015 0.1163977 0.1181580 0.1213419 0.1130433 0.0985439 0.1167890 0.1071095 0.1180584 0.1141100 0.0972430 0.1125388 0.1103833 0.1141703 0.1146053 0.1139843 0.1147923 0.1139843 0.1208177 0.1208177 0.1079229 0.1079229 0.1164854 0.1164854 0.1165027 0.1106587 0.1106587 0.1112667 0.1100692 0.1107289 0.1107289 0.1116536 0.1118961 0.1118961 
MW355671/MOZ/Unknown/1970/SAT2/I/Unknown           0.0903455 0.3081871 0.0909201 0.6430146 0.5167988 0.5632604 0.6036563 0.6060179 0.6064041 0.6061073 0.6075658 0.6060021 0.6062447 0.6045796 0.6050855 0.1018760 0.0000000 0.6239070 0.6225766 0.6278528 0.6308646 0.6362828 0.6347942 0.6306993 0.0795886 0.6642156 0.6451275 0.6338457 0.0825006 0.0697259 0.0810252 0.1116193 0.0658181 0.0692195 0.0844689 0.0787453 0.0951635 0.6439609 0.6562972 0.3261438 0.3317453 0.5752965 0.0567160 0.0826963 0.5787736 0.0755820 0.0878152 0.0941524 0.0946382 0.0985127 0.0900215 0.0740923 0.0906308 0.0870634 0.0809784 0.0944550 0.0858934 0.0896334 0.0837146 0.0775273 0.0769813 0.0854604 0.0897660 0.0679972 0.0819633 0.0791931 0.0875783 0.0886843 0.0870634 0.0833700 0.0797534 0.0923592 0.0811524 0.0675446 0.0881684 0.0754175 0.0880981 0.0853015 0.0720663 0.0818379 0.0854259 0.0787062 0.0791284 0.0785899 0.0792456 0.0785899 0.0820066 0.0820066 0.0830406 0.0830406 0.0870522 0.0870522 0.0865043 0.0868018 0.0868018 0.0873596 0.0875955 0.0880795 0.0880795 0.0888603 0.0844321 0.0844321 
MW715629/NER/cow/2017/SAT2/VII/Unknown             0.6911775 0.5635264 0.7148873 0.1164033 0.1735967 0.2061544 0.1144653 0.1155377 0.1147731 0.1161290 0.1154032 0.1168125 0.1143068 0.1166474 0.1141957 0.6873535 0.6239070 0.0000000 0.0014793 0.0048498 0.0048513 0.0059986 0.0056099 0.0624203 0.6696422 0.1639733 0.1178192 0.0302997 0.7220279 0.6319535 0.6775333 0.7086095 0.6786077 0.6525849 0.6701868 0.6605380 0.7021076 0.1145318 0.1196068 0.5692997 0.5848473 0.2115257 0.6371213 0.6472419 0.2212758 0.6759979 0.7045829 0.6831827 0.7265403 0.7216039 0.6917086 0.6643851 0.6904194 0.6753686 0.7108169 0.6796175 0.6701492 0.7229902 0.6853310 0.6995107 0.6609881 0.6746096 0.6787996 0.6929281 0.7019179 0.6908809 0.6752133 0.6833478 0.6719586 0.6731678 0.7078070 0.6716952 0.7190569 0.6663246 0.6747291 0.7115288 0.6818492 0.6703308 0.6880246 0.7068417 0.7149100 0.6957655 0.6954619 0.6940347 0.6971961 0.6940347 0.7051390 0.7051390 0.6916714 0.6916714 0.6857384 0.6857384 0.6843384 0.7368302 0.7368302 0.7382934 0.6687467 0.6765813 0.6765813 0.6796963 0.6690112 0.6690112 
MW715628/NER/cow/2017/SAT2/VII/Unknown             0.6882769 0.5505060 0.6989965 0.1137100 0.1711835 0.2034888 0.1139625 0.1150347 0.1142711 0.1156257 0.1149008 0.1163085 0.1138046 0.1161441 0.1136940 0.6859504 0.6225766 0.0014793 0.0000000 0.0033315 0.0033325 0.0044637 0.0040819 0.0601011 0.6681256 0.1602298 0.1151007 0.0284365 0.7058516 0.6306162 0.6746639 0.6927966 0.6772151 0.6512155 0.6673221 0.6591598 0.6927748 0.1118665 0.1168633 0.5562330 0.5725217 0.2123466 0.6357745 0.6546416 0.2204479 0.6608727 0.6888506 0.6679284 0.7104680 0.7056408 0.6762423 0.6494281 0.6826298 0.6676999 0.6948762 0.6719236 0.6625240 0.7134252 0.6775488 0.6915699 0.6460564 0.6669354 0.6710965 0.6773585 0.6926057 0.6830026 0.6675478 0.6756129 0.6643177 0.6655004 0.6919401 0.6640537 0.7029525 0.6512824 0.6670688 0.6955478 0.6741342 0.6627004 0.6725347 0.6909908 0.6989470 0.6800435 0.6797704 0.6783623 0.6814549 0.6783623 0.6893131 0.6893131 0.6837973 0.6837973 0.6779525 0.6779525 0.6765620 0.7204306 0.7204306 0.7218736 0.6611135 0.6689036 0.6689036 0.6719826 0.6613861 0.6613861 
MW715627/NER/cow/2017/SAT2/VII/Unknown             0.6952363 0.5558081 0.7076105 0.1178457 0.1732733 0.2047988 0.1193978 0.1204798 0.1197000 0.1210777 0.1203392 0.1217727 0.1192327 0.1215996 0.1191163 0.6944221 0.6278528 0.0048498 0.0033315 0.0000000 0.0007353 0.0033376 0.0029597 0.0620692 0.6778234 0.1647199 0.1192567 0.0305829 0.7145947 0.6387355 0.6854081 0.6984260 0.6856888 0.6594638 0.6756691 0.6674595 0.7012925 0.1159833 0.1210344 0.5615361 0.5779350 0.2146284 0.6438775 0.6628702 0.2228106 0.6657577 0.6973394 0.6762366 0.7190622 0.7141936 0.6846346 0.6576444 0.6910113 0.6760055 0.7034555 0.6802410 0.6708028 0.7220930 0.6859411 0.7000806 0.6542711 0.6752506 0.6794279 0.6858021 0.7011059 0.6914776 0.6758505 0.6839610 0.6726068 0.6738131 0.7004905 0.6723434 0.7115900 0.6595375 0.6753677 0.7041462 0.6824662 0.6709841 0.6809534 0.6995360 0.7075232 0.6885596 0.6882711 0.6868579 0.6899761 0.6868579 0.6978511 0.6978511 0.6922649 0.6922649 0.6863474 0.6863474 0.6849517 0.7291629 0.7291629 0.7306115 0.6694057 0.6772146 0.6772146 0.6803211 0.6696685 0.6696685 
MW715626/NER/cow/2017/SAT2/VII/Unknown             0.6955591 0.5530146 0.7079399 0.1179038 0.1733780 0.2049195 0.1194569 0.1205394 0.1197591 0.1211377 0.1203987 0.1218331 0.1192916 0.1216599 0.1191751 0.6947452 0.6308646 0.0048513 0.0033325 0.0007353 0.0000000 0.0033387 0.0029606 0.0620951 0.6747173 0.1648126 0.1193157 0.0305940 0.7149311 0.6357471 0.6822931 0.6987517 0.6860067 0.6597692 0.6759824 0.6677689 0.6981236 0.1160402 0.1210943 0.5587419 0.5751220 0.2147551 0.6441738 0.6598113 0.2229448 0.6660647 0.6976640 0.6765486 0.7193971 0.7145255 0.6849521 0.6579482 0.6878937 0.6729172 0.7037853 0.6771479 0.6677248 0.7188668 0.6828201 0.6969143 0.6545740 0.6721587 0.6763296 0.6826619 0.6979428 0.6918001 0.6727633 0.6808563 0.6695248 0.6707226 0.7008183 0.6692612 0.7119244 0.6564690 0.6722819 0.7044769 0.6793676 0.6679042 0.6812709 0.6998634 0.7043321 0.6888828 0.6885937 0.6871799 0.6902999 0.6871799 0.6981777 0.6981777 0.6891152 0.6891152 0.6832255 0.6832255 0.6818317 0.7259122 0.7259122 0.7273586 0.6663232 0.6741241 0.6741241 0.6772202 0.6665895 0.6665895 
MW715624/NER/cow/2017/SAT2/VII/Unknown             0.6976862 0.5537260 0.7114123 0.1200768 0.1738178 0.2079339 0.1204572 0.1215450 0.1207592 0.1221465 0.1214026 0.1228465 0.1202900 0.1226710 0.1201721 0.6982491 0.6362828 0.0059986 0.0044637 0.0033376 0.0033387 0.0000000 0.0040895 0.0637383 0.6802113 0.1660194 0.1215040 0.0319618 0.7184653 0.6361243 0.6867880 0.7022760 0.6917116 0.6654059 0.6794087 0.6734542 0.7051519 0.1181973 0.1232964 0.5594424 0.5787933 0.2164500 0.6496857 0.6665353 0.2246729 0.6643682 0.7011794 0.6799598 0.7229853 0.7180902 0.6884098 0.6612951 0.6947920 0.6797272 0.7019473 0.6839751 0.6745035 0.7260551 0.6897180 0.7039351 0.6579155 0.6789752 0.6831669 0.6896023 0.7048787 0.6953013 0.6795706 0.6877150 0.6763153 0.6775339 0.6960993 0.6760517 0.7100584 0.6581581 0.6790852 0.7026335 0.6862105 0.6746874 0.6795097 0.6980401 0.7114195 0.6870867 0.6868014 0.6853914 0.6885000 0.6853914 0.6969656 0.6969656 0.6960868 0.6960868 0.6901261 0.6901261 0.6887258 0.7331660 0.7331660 0.7346195 0.6731098 0.6809407 0.6809407 0.6840647 0.6733686 0.6733686 
MW715623/NER/cow/2017/SAT2/VII/Unknown             0.7013197 0.5622248 0.7121729 0.1191891 0.1770143 0.2072115 0.1195658 0.1206498 0.1198683 0.1212489 0.1205087 0.1219455 0.1194002 0.1217718 0.1192834 0.6990037 0.6347942 0.0056099 0.0040819 0.0029597 0.0029606 0.0040895 0.0000000 0.0611582 0.6838016 0.1642877 0.1206088 0.0314717 0.7192372 0.6456652 0.6875329 0.7030338 0.6901380 0.6638655 0.6801520 0.6719025 0.7088127 0.1173177 0.1223940 0.5653838 0.5843610 0.2185909 0.6509442 0.6686064 0.2269450 0.6701708 0.7019356 0.6806997 0.7237507 0.7188521 0.6891572 0.6620263 0.6926843 0.6776361 0.7110331 0.6818816 0.6724184 0.7297770 0.6904645 0.7046933 0.6586466 0.6797156 0.6839088 0.6903544 0.7057130 0.6960562 0.6774802 0.6856145 0.6742278 0.6754400 0.7080382 0.6739640 0.7192314 0.6639437 0.6769957 0.7117417 0.6841138 0.6726010 0.6854837 0.7070777 0.7121835 0.6960589 0.6957564 0.6943365 0.6974820 0.6943365 0.7053838 0.7053838 0.6968410 0.6968410 0.6908737 0.6908737 0.6894729 0.7339437 0.7339437 0.7353978 0.6738480 0.6816807 0.6816807 0.6848073 0.6741059 0.6741059 
MW715622/NER/cow/2018/SAT2/VII/Unknown             0.6884296 0.5700210 0.6946527 0.1127140 0.1760822 0.2010738 0.1103180 0.1102256 0.1094850 0.1108035 0.1108350 0.1102200 0.1090247 0.1113126 0.1100613 0.6673449 0.6306993 0.0624203 0.0601011 0.0620692 0.0620951 0.0637383 0.0611582 0.0000000 0.6795325 0.1551535 0.1129317 0.0433252 0.6964676 0.6285786 0.6804679 0.7008887 0.6692821 0.6544904 0.6827365 0.6473720 0.6895491 0.1108820 0.1146799 0.5752043 0.5792200 0.2071827 0.6388284 0.6695720 0.2153745 0.6245883 0.6710070 0.6595870 0.6917265 0.6868953 0.6642184 0.6356205 0.6609968 0.6490554 0.6890413 0.6599706 0.6460320 0.6935466 0.6621693 0.6746041 0.6414522 0.6506742 0.6562953 0.6598562 0.6712642 0.6701027 0.6522587 0.6540723 0.6490554 0.6454380 0.6832294 0.6454478 0.6954932 0.6350394 0.6517877 0.6887076 0.6526332 0.6502353 0.6578010 0.6823607 0.6820240 0.6732304 0.6729690 0.6715618 0.6746408 0.6715618 0.6845612 0.6845612 0.6702305 0.6702305 0.6625685 0.6625685 0.6611880 0.6983229 0.6983229 0.6997556 0.6447503 0.6502476 0.6502476 0.6532614 0.6546848 0.6546848 
MT602092/KEN/cattle/2017/SAT2/IV/Unknown           0.0820790 0.3182079 0.0770054 0.6657877 0.5597706 0.6207190 0.6538755 0.6535331 0.6533110 0.6536272 0.6545886 0.6563257 0.6532141 0.6519542 0.6519390 0.1032347 0.0795886 0.6696422 0.6681256 0.6778234 0.6747173 0.6802113 0.6838016 0.6795325 0.0000000 0.7097238 0.6708562 0.6877066 0.0682063 0.0915470 0.0958450 0.1006847 0.0796216 0.0778701 0.0922177 0.0906668 0.0722878 0.6667675 0.6823731 0.3435794 0.3274714 0.6299738 0.0774606 0.0953921 0.6477720 0.0798065 0.0747143 0.0836931 0.0793953 0.0837608 0.0726275 0.0579479 0.0822854 0.0788400 0.0670095 0.0857852 0.0776422 0.0611911 0.0789836 0.0707250 0.0687014 0.0823690 0.0849181 0.0577295 0.0789826 0.0569266 0.0771206 0.0766127 0.0788400 0.0772805 0.0696609 0.0809642 0.0715423 0.0616820 0.0776857 0.0656187 0.0803872 0.0771140 0.0590092 0.0684375 0.0716166 0.0701401 0.0705566 0.0700393 0.0706582 0.0700393 0.0718085 0.0718085 0.0791532 0.0791532 0.0836236 0.0836236 0.0841752 0.0724843 0.0724843 0.0730001 0.0800547 0.0821225 0.0821225 0.0828718 0.0791170 0.0791170 
MT602090/ETH/cattle/2015/SAT2/VII/Unknown          0.7442473 0.6307199 0.7312854 0.1543280 0.2034113 0.2225113 0.1423780 0.1422946 0.1427116 0.1429640 0.1415416 0.1437596 0.1422098 0.1435363 0.1420583 0.7429087 0.6642156 0.1639733 0.1602298 0.1647199 0.1648126 0.1660194 0.1642877 0.1551535 0.7097238 0.0000000 0.1538249 0.1533727 0.7570173 0.6846250 0.7331501 0.7187753 0.7355740 0.7074762 0.7218777 0.7225810 0.7421906 0.1521349 0.1581219 0.6467728 0.6471662 0.2210111 0.6838592 0.7162576 0.2288119 0.7164131 0.7374728 0.7183712 0.7328115 0.7480202 0.7228074 0.6994849 0.7179060 0.7102129 0.7234906 0.7109618 0.7035903 0.7530753 0.7058810 0.7266051 0.7019296 0.7006910 0.6925470 0.7319147 0.7423000 0.7167185 0.7046878 0.7104104 0.7077662 0.7092309 0.7385876 0.7057254 0.7261395 0.6944716 0.7041826 0.7251694 0.7109051 0.7074775 0.7029089 0.7339109 0.7552568 0.7213168 0.7209665 0.7195243 0.7227625 0.7195243 0.7398829 0.7398829 0.7315032 0.7315032 0.7057076 0.7057076 0.7042797 0.7635952 0.7635952 0.7650815 0.6916104 0.6966541 0.6966541 0.7011887 0.6978793 0.6978793 
MT602089/EGY/cattle/2018/SAT2/VII/Unknown          0.6779818 0.5387737 0.6933847 0.0029652 0.1696203 0.1846501 0.0914196 0.0913680 0.0929619 0.0908231 0.0923634 0.0936519 0.0925032 0.0924200 0.0924152 0.6884109 0.6451275 0.1178192 0.1151007 0.1192567 0.1193157 0.1215040 0.1206088 0.1129317 0.6708562 0.1538249 0.0000000 0.1054637 0.6843952 0.6516790 0.6819711 0.6885503 0.6654232 0.6519258 0.6604739 0.6480073 0.6897444 0.0033389 0.0048479 0.5484375 0.5627231 0.1970072 0.6473549 0.6747622 0.1999903 0.6605487 0.6847396 0.6729404 0.7061906 0.7159923 0.6846703 0.6367003 0.6469493 0.6384349 0.7010140 0.6389457 0.6343661 0.7064663 0.6486769 0.6658000 0.6522985 0.6437564 0.6460927 0.6602381 0.6650042 0.6746003 0.6365353 0.6372998 0.6361256 0.6414691 0.6979543 0.6287627 0.7051339 0.6456597 0.6360697 0.6947963 0.6397580 0.6372988 0.6684418 0.6925106 0.6679388 0.6893557 0.6890654 0.6876498 0.6907745 0.6876498 0.6992927 0.6992927 0.6723003 0.6723003 0.6564379 0.6564379 0.6550611 0.6928009 0.6928009 0.6942371 0.6341305 0.6390800 0.6390800 0.6420602 0.6410803 0.6410803 
MN103523/NER/cow/2014/SAT2/VII/Unknown             0.7071233 0.5591273 0.7145812 0.1064017 0.1776382 0.2011581 0.1080912 0.1080004 0.1084034 0.1074362 0.1086067 0.1092359 0.1079429 0.1090841 0.1078395 0.7045797 0.6338457 0.0302997 0.0284365 0.0305829 0.0305940 0.0319618 0.0314717 0.0433252 0.6877066 0.1533727 0.1054637 0.0000000 0.7064939 0.6435377 0.6987461 0.7156273 0.6933165 0.6724968 0.6992502 0.6784520 0.7096972 0.1046083 0.1083185 0.5704623 0.5942125 0.2125810 0.6475442 0.6673955 0.2195083 0.6683456 0.6910159 0.6774292 0.7156239 0.7077843 0.6811256 0.6518399 0.6720217 0.6572033 0.6997615 0.6681580 0.6554199 0.7187874 0.6703360 0.6842441 0.6572752 0.6597956 0.6615969 0.6808134 0.6903475 0.6969842 0.6604191 0.6650549 0.6572033 0.6597563 0.6968018 0.6569391 0.7079686 0.6524295 0.6599437 0.7004456 0.6641684 0.6583876 0.6745693 0.6959249 0.6933816 0.6821206 0.6818431 0.6804302 0.6835367 0.6804302 0.6981405 0.6981405 0.6813293 0.6813293 0.6707374 0.6707374 0.6693523 0.7163548 0.7163548 0.7177983 0.6540001 0.6594290 0.6594290 0.6637354 0.6566897 0.6566897 
MN116692/KEN/cow/2014/SAT2/IV/Unknown              0.1000541 0.3000702 0.0507346 0.6791726 0.5801464 0.6170869 0.6814681 0.6811170 0.6808410 0.6812144 0.6856934 0.6874963 0.6807811 0.6818586 0.6794272 0.1049872 0.0825006 0.7220279 0.7058516 0.7145947 0.7149311 0.7184653 0.7192372 0.6964676 0.0682063 0.7570173 0.6843952 0.7064939 0.0000000 0.1013448 0.1068146 0.0936660 0.0841664 0.0797121 0.0954763 0.0870647 0.0699020 0.6801804 0.6903485 0.3170453 0.3301691 0.6642978 0.0933335 0.0979180 0.6699257 0.0775518 0.0540044 0.0630462 0.0643851 0.0652805 0.0548998 0.0604102 0.0705730 0.0662669 0.0634524 0.0701592 0.0652110 0.0406254 0.0574168 0.0483286 0.0575229 0.0624733 0.0693305 0.0454292 0.0587638 0.0545030 0.0667469 0.0651379 0.0662669 0.0664274 0.0680867 0.0667245 0.0655959 0.0551816 0.0672791 0.0589498 0.0682516 0.0641568 0.0547997 0.0658861 0.0332724 0.0704733 0.0708885 0.0703723 0.0709903 0.0703723 0.0702044 0.0702044 0.0610362 0.0610362 0.0651488 0.0651488 0.0656587 0.0406214 0.0406214 0.0410714 0.0618628 0.0620494 0.0620494 0.0626906 0.0630260 0.0630260 
MH053335/ZWE/cattle/1965/SAT2/I/Unknown            0.0958306 0.3166583 0.1037378 0.6495313 0.5234356 0.5540059 0.6106053 0.6129784 0.6101288 0.6130684 0.6145348 0.6129627 0.6099743 0.6115218 0.6088061 0.1094406 0.0697259 0.6319535 0.6306162 0.6387355 0.6357471 0.6361243 0.6456652 0.6285786 0.0915470 0.6846250 0.6516790 0.6435377 0.1013448 0.0000000 0.1017924 0.1211683 0.0814606 0.0764280 0.0911285 0.0888491 0.1007316 0.6504886 0.6567918 0.3326954 0.3333488 0.6121534 0.0766905 0.0987574 0.6175860 0.0888142 0.0964912 0.1070384 0.1007664 0.1087624 0.0975333 0.0847894 0.1003562 0.0954183 0.0947456 0.1047123 0.0971651 0.1072782 0.0963293 0.0957985 0.0904141 0.0993157 0.1049631 0.0829180 0.0980110 0.0918679 0.0948010 0.1008161 0.0954183 0.0968779 0.0962658 0.1008817 0.0951677 0.0814088 0.0954084 0.0904641 0.0965630 0.0935995 0.0825924 0.0967268 0.1043365 0.0940199 0.0944430 0.0938767 0.0945871 0.0938767 0.0986584 0.0986584 0.0993492 0.0993492 0.0995852 0.0995852 0.0995992 0.1047617 0.1047617 0.1053488 0.0974076 0.0972744 0.0972744 0.0981051 0.0958715 0.0958715 
MH053334/ZMB/cattle/1964/SAT2/III/Unknown          0.0956706 0.3450436 0.1134039 0.6796332 0.5762202 0.6325745 0.6410315 0.6434820 0.6404907 0.6436527 0.6423006 0.6434666 0.6403760 0.6419274 0.6391264 0.1090360 0.0810252 0.6775333 0.6746639 0.6854081 0.6822931 0.6867880 0.6875329 0.6804679 0.0958450 0.7331501 0.6819711 0.6987461 0.1068146 0.1017924 0.0000000 0.1291150 0.0794491 0.0805917 0.0928473 0.0895691 0.1060004 0.6806200 0.6905765 0.3657852 0.3532663 0.6377431 0.0777692 0.1032858 0.6355626 0.0973164 0.1045515 0.1159972 0.1078229 0.1119951 0.1063650 0.0892918 0.1174363 0.1120291 0.1013880 0.1182545 0.1119417 0.1033989 0.1025865 0.0994089 0.0958598 0.1063311 0.1131847 0.0860375 0.1008339 0.0909266 0.1125885 0.1118900 0.1120291 0.1109918 0.1009016 0.1166193 0.1034752 0.0867877 0.1132561 0.0976918 0.1118076 0.1100397 0.0903070 0.1017160 0.1031468 0.1045242 0.1049598 0.1043581 0.1051271 0.1043581 0.1034164 0.1034164 0.1026247 0.1026247 0.1085549 0.1085549 0.1079488 0.0998374 0.0998374 0.1004307 0.1048891 0.1069537 0.1069537 0.1078641 0.1052216 0.1052216 
MH053333/ETH/cattle/1989/SAT2/IV/Unknown           0.1241713 0.3417155 0.0944377 0.6898070 0.5866016 0.6217681 0.6650763 0.6647303 0.6644865 0.6648257 0.6692219 0.6675584 0.6644045 0.6665284 0.6630974 0.1436676 0.1116193 0.7086095 0.6927966 0.6984260 0.6987517 0.7022760 0.7030338 0.7008887 0.1006847 0.7187753 0.6885503 0.7156273 0.0936660 0.1211683 0.1291150 0.0000000 0.1082620 0.1143849 0.1218667 0.1294247 0.0966781 0.6908133 0.6974420 0.3633752 0.3772450 0.6637851 0.1201925 0.1294510 0.6760638 0.0929556 0.0861098 0.0890843 0.0941824 0.0962952 0.0842249 0.0878033 0.1060723 0.1022859 0.0975174 0.1060417 0.1010765 0.0936037 0.1010947 0.1002731 0.0928319 0.1046859 0.1126427 0.0892221 0.0975110 0.0841437 0.1028059 0.1039631 0.1022859 0.1030163 0.0997024 0.1052443 0.0945613 0.0950659 0.1034158 0.0921925 0.1010560 0.0998608 0.0853901 0.0906616 0.0921608 0.0962856 0.0966971 0.0961424 0.0968412 0.0961424 0.1020561 0.1020561 0.1007558 0.1007558 0.1090231 0.1090231 0.1096063 0.0930147 0.0930147 0.0935566 0.1063859 0.1074921 0.1074921 0.1083519 0.1047817 0.1047817 
MH053332/BWA/african-buffalo/1974/SAT2/II/Unknown  0.0432907 0.3287696 0.0902062 0.6632133 0.5460621 0.5951464 0.6225106 0.6264631 0.6245360 0.6265554 0.6280577 0.6264474 0.6243992 0.6249507 0.6231828 0.0606431 0.0658181 0.6786077 0.6772151 0.6856888 0.6860067 0.6917116 0.6901380 0.6692821 0.0796216 0.7355740 0.6654232 0.6933165 0.0841664 0.0814606 0.0794491 0.1082620 0.0000000 0.0277245 0.0371557 0.0418483 0.0893123 0.6641888 0.6711946 0.3465000 0.3374528 0.5999552 0.0628048 0.0753991 0.6070952 0.0813781 0.0806925 0.0887447 0.0876689 0.0965494 0.0793231 0.0657865 0.0887494 0.0844410 0.0760942 0.0912984 0.0820568 0.0854290 0.0829033 0.0761534 0.0733271 0.0834871 0.0896708 0.0629167 0.0784555 0.0688896 0.0849652 0.0861680 0.0844410 0.0840190 0.0778709 0.0898158 0.0786130 0.0655038 0.0855636 0.0716584 0.0867678 0.0815334 0.0675402 0.0758875 0.0862126 0.0806084 0.0810412 0.0804859 0.0811646 0.0804859 0.0801708 0.0801708 0.0775404 0.0775404 0.0900386 0.0900386 0.0906171 0.0854049 0.0854049 0.0859705 0.0844344 0.0850189 0.0850189 0.0857991 0.0842052 0.0842052 
MH053331/BWA/african-buffalo/1972/SAT2/II/Unknown  0.0476284 0.3113866 0.0852653 0.6469803 0.5299648 0.5722415 0.6287466 0.6299285 0.6307570 0.6300205 0.6315178 0.6299130 0.6306296 0.6284160 0.6294077 0.0610009 0.0692195 0.6525849 0.6512155 0.6594638 0.6597692 0.6654059 0.6638655 0.6544904 0.0778701 0.7074762 0.6519258 0.6724968 0.0797121 0.0764280 0.0805917 0.1143849 0.0277245 0.0000000 0.0376979 0.0374112 0.0844542 0.6479380 0.6604321 0.3274091 0.3156113 0.5920779 0.0680348 0.0742867 0.5943183 0.0801460 0.0838202 0.0919799 0.0870067 0.0945757 0.0801500 0.0667649 0.0854602 0.0812246 0.0749189 0.0885280 0.0788794 0.0855827 0.0801817 0.0745471 0.0711597 0.0808289 0.0868378 0.0614755 0.0799402 0.0720526 0.0817429 0.0805488 0.0812246 0.0808030 0.0767097 0.0865144 0.0769091 0.0624711 0.0823316 0.0671570 0.0828575 0.0794671 0.0663999 0.0781593 0.0820800 0.0806001 0.0810328 0.0804777 0.0811562 0.0804777 0.0789982 0.0789982 0.0777485 0.0777485 0.0860769 0.0860769 0.0866455 0.0813013 0.0813013 0.0818555 0.0806879 0.0807395 0.0807395 0.0814956 0.0791748 0.0791748 
MH053328/BWA/african-buffalo/1968/SAT2/III/Unknown 0.0547016 0.3370969 0.1063791 0.6582794 0.5476519 0.5940670 0.6377034 0.6388953 0.6397172 0.6389882 0.6432837 0.6416618 0.6396017 0.6373553 0.6383569 0.0627478 0.0844689 0.6701868 0.6673221 0.6756691 0.6759824 0.6794087 0.6801520 0.6827365 0.0922177 0.7218777 0.6604739 0.6992502 0.0954763 0.0911285 0.0928473 0.1218667 0.0371557 0.0376979 0.0000000 0.0458941 0.1063496 0.6592515 0.6628217 0.3544643 0.3367860 0.6117608 0.0763733 0.0883941 0.6320755 0.0966067 0.0949633 0.1039053 0.1011841 0.1101633 0.0951781 0.0849184 0.1086197 0.1027384 0.0928912 0.1071011 0.1025619 0.0980910 0.1021878 0.0937239 0.0881001 0.1027205 0.1081500 0.0836486 0.0981353 0.0901276 0.1032877 0.1040396 0.1027384 0.1020250 0.0973579 0.1072913 0.0963757 0.0839146 0.1039325 0.0886278 0.1064388 0.1013726 0.0807569 0.0935663 0.1004785 0.1007943 0.1012306 0.1006340 0.1013919 0.1006340 0.0998500 0.0998500 0.0975569 0.0975569 0.1073792 0.1073792 0.1079967 0.1007806 0.1007806 0.1013746 0.1005928 0.1013249 0.1013249 0.1022012 0.1012408 0.1012408 
KU821592/ZMB/cow/2009/SAT2/III/Unknown             0.0584276 0.3401188 0.0997958 0.6430655 0.5509861 0.5858026 0.6131028 0.6142796 0.6151281 0.6143709 0.6186093 0.6170119 0.6149785 0.6127994 0.6137841 0.0708013 0.0787453 0.6605380 0.6591598 0.6674595 0.6677689 0.6734542 0.6719025 0.6473720 0.0906668 0.7225810 0.6480073 0.6784520 0.0870647 0.0888491 0.0895691 0.1294247 0.0418483 0.0374112 0.0458941 0.0000000 0.1013579 0.6412322 0.6537076 0.3655697 0.3460394 0.6108250 0.0753290 0.0771931 0.6282927 0.0939026 0.0941657 0.1020655 0.1010271 0.1105826 0.0926545 0.0798483 0.1001560 0.0969217 0.0864359 0.1028880 0.0963034 0.0943444 0.0945443 0.0860674 0.0886718 0.0963251 0.0998967 0.0765763 0.0879348 0.0822531 0.0974599 0.0968047 0.0969217 0.0983562 0.0891578 0.1025341 0.0928486 0.0739577 0.0980861 0.0846198 0.0993737 0.0950528 0.0751060 0.0897032 0.1015479 0.0946535 0.0950879 0.0945054 0.0952370 0.0945054 0.0915577 0.0915577 0.0862372 0.0862372 0.0983967 0.0983967 0.0989933 0.1006449 0.1006449 0.1012410 0.0961779 0.0967957 0.0967957 0.0976404 0.0931522 0.0931522 
KM268900/TZA/cattle/2012/SAT2/IV/Unknown           0.0980470 0.3167911 0.0599642 0.6885010 0.5704881 0.6546898 0.6818778 0.6815289 0.6823156 0.6817033 0.6860770 0.6878688 0.6822582 0.6822653 0.6809096 0.1231368 0.0951635 0.7021076 0.6927748 0.7012925 0.6981236 0.7051519 0.7088127 0.6895491 0.0722878 0.7421906 0.6897444 0.7096972 0.0699020 0.1007316 0.1060004 0.0966781 0.0893123 0.0844542 0.1063496 0.1013579 0.0000000 0.6860185 0.6932264 0.3312062 0.3380196 0.6639080 0.0947924 0.1027536 0.6678751 0.0837880 0.0662169 0.0726440 0.0699215 0.0730224 0.0672480 0.0662187 0.0833021 0.0810345 0.0709908 0.0890327 0.0804521 0.0730802 0.0801694 0.0799397 0.0644142 0.0835243 0.0904337 0.0635731 0.0722690 0.0644378 0.0815335 0.0808879 0.0798948 0.0772914 0.0730260 0.0838021 0.0717050 0.0619447 0.0810262 0.0669231 0.0837178 0.0787796 0.0581949 0.0708322 0.0690349 0.0709139 0.0713285 0.0708123 0.0714309 0.0708123 0.0751880 0.0751880 0.0762115 0.0762115 0.0886493 0.0886493 0.0886612 0.0698892 0.0698892 0.0703933 0.0807595 0.0821207 0.0821207 0.0828596 0.0830779 0.0830779 
